7.348521053791046143e-02
7.437888532876968384e-02
7.527889311313629150e-02
7.618419080972671509e-02
7.709389925003051758e-02
7.800689339637756348e-02
7.892212271690368652e-02
7.983847707509994507e-02
8.075490593910217285e-02
8.167020976543426514e-02
8.258329331874847412e-02
8.349300920963287354e-02
8.439815789461135864e-02
8.529757708311080933e-02
8.619023114442825317e-02
8.707488328218460083e-02
8.795040845870971680e-02
8.881578594446182251e-02
8.966989070177078247e-02
9.051170945167541504e-02
9.134028851985931396e-02
9.215462207794189453e-02
9.295386075973510742e-02
9.373713284730911255e-02
9.450365602970123291e-02
9.525272250175476074e-02
9.598366916179656982e-02
9.669595211744308472e-02
9.738905727863311768e-02
9.806255251169204712e-02
9.871615469455718994e-02
9.934953600168228149e-02
9.996253252029418945e-02
1.005551144480705261e-01
1.011271923780441284e-01
1.016789153218269348e-01
1.022104024887084961e-01
1.027219668030738831e-01
1.032138392329216003e-01
1.036864519119262695e-01
1.041402369737625122e-01
1.045758202672004700e-01
1.049937158823013306e-01
1.053944975137710571e-01
1.057789549231529236e-01
1.061478033661842346e-01
1.065017059445381165e-01
1.068415194749832153e-01
1.071679890155792236e-01
1.074819564819335938e-01
1.077842563390731812e-01
1.080756038427352905e-01
1.083568856120109558e-01
1.086288094520568848e-01
1.088921204209327698e-01
1.091476827859878540e-01
1.093959584832191467e-01
1.096378192305564880e-01
1.098737791180610657e-01
1.101043969392776489e-01
1.103303059935569763e-01
1.105519086122512817e-01
1.107697486877441406e-01
1.109841316938400269e-01
1.111954897642135620e-01
1.114041283726692200e-01
1.116104125976562500e-01
1.118145361542701721e-01
1.120167374610900879e-01
1.122172102332115173e-01
1.124161928892135620e-01
1.126137971878051758e-01
1.128102019429206848e-01
1.130054742097854614e-01
1.131997182965278625e-01
1.133930981159210205e-01
1.135855838656425476e-01
1.137773543596267700e-01
1.139684394001960754e-01
1.141588911414146423e-01
1.143487542867660522e-01
1.145380362868309021e-01
1.147269010543823242e-01
1.149152591824531555e-01
1.151032000780105591e-01
1.152908056974411011e-01
1.154780238866806030e-01
1.156648620963096619e-01
1.158513873815536499e-01
1.160376146435737610e-01
1.162235066294670105e-01
1.164090558886528015e-01
1.165943071246147156e-01
1.167792156338691711e-01
1.169637441635131836e-01
1.171479672193527222e-01
1.173317506909370422e-01
1.175151020288467407e-01
1.176980063319206238e-01
1.178803741931915283e-01
1.180622354149818420e-01
1.182434856891632080e-01
1.184241250157356262e-01
1.186040714383125305e-01
1.187832653522491455e-01
1.189617291092872620e-01
1.191393285989761353e-01
1.193160265684127808e-01
1.194918379187583923e-01
1.196666434407234192e-01
1.198404654860496521e-01
1.200131922960281372e-01
1.201847940683364868e-01
1.203552931547164917e-01
1.205245628952980042e-01
1.206926405429840088e-01
1.208594962954521179e-01
1.210251003503799438e-01
1.211894229054450989e-01
1.213524267077445984e-01
1.215141415596008301e-01
1.216745972633361816e-01
1.218337267637252808e-01
1.219915598630905151e-01
1.221481338143348694e-01
1.223033964633941650e-01
1.224575117230415344e-01
1.226103529334068298e-01
1.227620840072631836e-01
1.229125857353210449e-01
1.230620741844177246e-01
1.232104897499084473e-01
1.233579665422439575e-01
1.235044822096824646e-01
1.236501187086105347e-01
1.237950325012207031e-01
1.239392086863517761e-01
1.240827143192291260e-01
1.242257505655288696e-01
1.243683323264122009e-01
1.245104670524597168e-01
1.246524304151535034e-01
1.247942149639129639e-01
1.249359846115112305e-01
1.250777989625930786e-01
1.252198517322540283e-01
1.253622174263000488e-01
1.255049854516983032e-01
1.256484240293502808e-01
1.257925629615783691e-01
