1.463358756154775620e-02
1.480620820075273514e-02
1.497974246740341187e-02
1.515401247888803482e-02
1.532885618507862091e-02
1.550411339849233627e-02
1.567955315113067627e-02
1.585503667593002319e-02
1.603035815060138702e-02
1.620534062385559082e-02
1.637978851795196533e-02
1.655350811779499054e-02
1.672630943357944489e-02
1.689800806343555450e-02
1.706843450665473938e-02
1.723735220730304718e-02
1.740462519228458405e-02
1.757005788385868073e-02
1.773346401751041412e-02
1.789470762014389038e-02
1.805358007550239563e-02
1.820994727313518524e-02
1.836364343762397766e-02
1.851452887058258057e-02
1.866246387362480164e-02
1.880732737481594086e-02
1.894899830222129822e-02
1.908734813332557678e-02
1.922231353819370270e-02
1.935377903282642365e-02
1.948167383670806885e-02
1.960591599345207214e-02
1.972649060189723969e-02
1.984331756830215454e-02
1.995638199150562286e-02
2.006565593183040619e-02
2.017115429043769836e-02
2.027284912765026093e-02
2.037077397108078003e-02
2.046497166156768799e-02
2.055547386407852173e-02
2.064234390854835510e-02
2.072563394904136658e-02
2.080542035400867462e-02
2.088180929422378540e-02
2.095488272607326508e-02
2.102475427091121674e-02
2.109152823686599731e-02
2.115535363554954529e-02
2.121632546186447144e-02
2.127462252974510193e-02
2.133035659790039062e-02
2.138368040323257446e-02
2.143477648496627808e-02
2.148377336561679840e-02
2.153084240853786469e-02
2.157612890005111694e-02
2.161979675292968750e-02
2.166201174259185791e-02
2.170293033123016357e-02
2.174267731606960297e-02
2.178143896162509918e-02
2.181934565305709839e-02
2.185652218759059906e-02
2.189311385154724121e-02
2.192923054099082947e-02
2.196501940488815308e-02
2.200054191052913666e-02
2.203594334423542023e-02
2.207127399742603302e-02
2.210663072764873505e-02
2.214208059012889862e-02
2.217767760157585144e-02
2.221349067986011505e-02
2.224952913820743561e-02
2.228584326803684235e-02
2.232245169579982758e-02
2.235935814678668976e-02
2.239655517041683197e-02
2.243406884372234344e-02
2.247186005115509033e-02
2.250992320477962494e-02
2.254822663962841034e-02
2.258675917983055115e-02
2.262544818222522736e-02
2.266430109739303589e-02
2.270325273275375366e-02
2.274225279688835144e-02
2.278127521276473999e-02
2.282028645277023315e-02
2.285920642316341400e-02
2.289800345897674561e-02
2.293664775788784027e-02
2.297509834170341492e-02
2.301330119371414185e-02
2.305123023688793182e-02
2.308885380625724792e-02
2.312611043453216553e-02
2.316302061080932617e-02
2.319952286779880524e-02
2.323560975492000580e-02
2.327127195894718170e-02
2.330647781491279602e-02
2.334123663604259491e-02
2.337552420794963837e-02
2.340936288237571716e-02
2.344272844493389130e-02
2.347563579678535461e-02
2.350809238851070404e-02
2.354009076952934265e-02
2.357166633009910583e-02
2.360283397138118744e-02
2.363360486924648285e-02
2.366397716104984283e-02
2.369400300085544586e-02
2.372370101511478424e-02
2.375309914350509644e-02
2.378221601247787476e-02
2.381105907261371613e-02
2.383970655500888824e-02
2.386815287172794342e-02
2.389644645154476166e-02
2.392460033297538757e-02
2.395267225801944733e-02
2.398067526519298553e-02
2.400865219533443451e-02
2.403665706515312195e-02
2.406466938555240631e-02
2.409278042614459991e-02
2.412100881338119507e-02
2.414938993752002716e-02
2.417794056236743927e-02
2.420671842992305756e-02
2.423575893044471741e-02
2.426507882773876190e-02
2.429474517703056335e-02
2.432475611567497253e-02
2.435518242418766022e-02
2.438602037727832794e-02
2.441735006868839264e-02
2.444918826222419739e-02
2.448156848549842834e-02
2.451452985405921936e-02
2.454811148345470428e-02
2.458233200013637543e-02
2.461727149784564972e-02
2.465290762484073639e-02
2.468933165073394775e-02
2.472657151520252228e-02
2.476463653147220612e-02
