1.463090651125949389e-02
1.483549898267834226e-02
1.512427796024602353e-02
1.529241566084039300e-02
1.549193063656308100e-02
1.566769586410876949e-02
1.585953015773942584e-02
1.605066892408664112e-02
1.619169383217041250e-02
1.628914090602713929e-02
1.639113142524935979e-02
1.662387545094604069e-02
1.681673899758249005e-02
1.708102513281397825e-02
1.727314359274444155e-02
1.748026864031433647e-02
1.758109388811935139e-02
1.769720563999322566e-02
1.793859596964997305e-02
1.814979325422630060e-02
1.836033433824446268e-02
1.853419786163876953e-02
1.874087356990078793e-02
1.889477694804222313e-02
1.900258856809357647e-02
1.913790065490448417e-02
1.925531976640515799e-02
1.943134828011473109e-02
1.951004505454004279e-02
1.970756155519548525e-02
1.978100100417421597e-02
1.982674580173431414e-02
1.996311271335113324e-02
2.005133532348929437e-02
2.018487479410419408e-02
2.025974706696774194e-02
2.038720191314202096e-02
2.043252743968202237e-02
2.048396387483993747e-02
2.057300081249111706e-02
2.065032283578857597e-02
2.076268991895749080e-02
2.081263893596477926e-02
2.091258538204938608e-02
2.097422073209341889e-02
2.102204750499097469e-02
2.105914063261844771e-02
2.115407166657414309e-02
2.123620933285622070e-02
2.129835535994155718e-02
2.140220782374457204e-02
2.144045649073645504e-02
2.147538058850178774e-02
2.155149769833137816e-02
2.161200721697564484e-02
2.168042432099882497e-02
2.173485085873294587e-02
2.178216110518381432e-02
2.181760082424010969e-02
2.183945748818627228e-02
2.187399306021295398e-02
2.190017163344572249e-02
2.194198575191432660e-02
2.197002349673049526e-02
2.200864992691151795e-02
2.203325476099931082e-02
2.206300136595569159e-02
2.211506399213280030e-02
2.216908967172698253e-02
2.221648769246218832e-02
2.224818710658565610e-02
2.228894443447946780e-02
2.231257192690065325e-02
2.232851366431611376e-02
2.237214608622277792e-02
2.240880992970779861e-02
2.245398170602181526e-02
2.248853592693151118e-02
2.252341646195759120e-02
2.254460778650831804e-02
2.257509668875647829e-02
2.261301570947945802e-02
2.265806214411469552e-02
2.269637917441974170e-02
2.272762675843991234e-02
2.276943749090921260e-02
2.278804771740943619e-02
2.281340057097890062e-02
2.286781987706062655e-02
2.289790909518951006e-02
2.293773817974010740e-02
2.299246567700515692e-02
2.301356331244280851e-02
2.303486259892763635e-02
2.307049229213914074e-02
2.310340831798845390e-02
2.314865241658987938e-02
2.318079415449662145e-02
2.320872942579464346e-02
2.323162914803917831e-02
2.325449146633698852e-02
2.328792760980180274e-02
2.332139987119223254e-02
2.337386701365068084e-02
2.340895351203179167e-02
2.343873446748217376e-02
2.346379769524879408e-02
2.347925834470485779e-02
2.350417338503243622e-02
2.354166472224020895e-02
2.358593620637817675e-02
2.361801599725831327e-02
2.365558881438911687e-02
2.368006893807535207e-02
2.369832034485282526e-02
2.373289812648579980e-02
2.376449621733453185e-02
2.381485926149400426e-02
2.385347709690840631e-02
2.397146841170210568e-02
2.399116047627065582e-02
2.400680137186435650e-02
2.403017241784581592e-02
2.406072153468292313e-02
2.409933224004785074e-02
2.415094115354992840e-02
2.417738982384562418e-02
2.419835661697649840e-02
2.421377787399282486e-02
2.424427794175386050e-02
2.427651576470603659e-02
2.430978451147727468e-02
2.433840648065928661e-02
2.436831676794535412e-02
2.438527139011391690e-02
2.439917519536513243e-02
2.441744653022248981e-02
2.444116622052689564e-02
2.447482391692722137e-02
2.449671815845756717e-02
2.452543233759653038e-02
2.454101173256432317e-02
2.455145188620854943e-02
2.456880027060496033e-02
2.459230999715685678e-02
2.461730761921463589e-02
2.463702478883770045e-02
2.465941398371385151e-02
2.467061355490613242e-02
2.467820947373584872e-02
