7.444921135902404785e-02
7.536476850509643555e-02
7.628321647644042969e-02
7.720363140106201172e-02
7.812523841857910156e-02
7.904708385467529297e-02
7.996833324432373047e-02
8.088794350624084473e-02
8.180508017539978027e-02
8.271875977516174316e-02
8.362805843353271484e-02
8.453202247619628906e-02
8.542975783348083496e-02
8.632037043571472168e-02
8.720281720161437988e-02
8.807629346847534180e-02
8.893987536430358887e-02
8.979263901710510254e-02
9.063383936882019043e-02
9.146264195442199707e-02
9.227815270423889160e-02
9.307971596717834473e-02
9.386658668518066406e-02
9.463796019554138184e-02
9.539338946342468262e-02
9.613206982612609863e-02
9.685352444648742676e-02
9.755730628967285156e-02
9.824281930923461914e-02
9.890976548194885254e-02
9.955772757530212402e-02
1.001863181591033936e-01
1.007954776287078857e-01
1.013849079608917236e-01
1.019545495510101318e-01
1.025041341781616211e-01
1.030338704586029053e-01
1.035438179969787598e-01
1.040339469909667969e-01
1.045044362545013428e-01
1.049556434154510498e-01
1.053878366947174072e-01
1.058012545108795166e-01
1.061963737010955811e-01
1.065736711025238037e-01
1.069335341453552246e-01
1.072767972946166992e-01
1.076036989688873291e-01
1.079151332378387451e-01
1.082116961479187012e-01
1.084941029548645020e-01
1.087631881237030029e-01
1.090196371078491211e-01
1.092642545700073242e-01
1.094979345798492432e-01
1.097214519977569580e-01
1.099356710910797119e-01
1.101414263248443604e-01
1.103394627571105957e-01
1.105308234691619873e-01
1.107161641120910645e-01
1.108963787555694580e-01
1.110720634460449219e-01
1.112442612648010254e-01
1.114134788513183594e-01
1.115805506706237793e-01
1.117460131645202637e-01
1.119104921817779541e-01
1.120746135711669922e-01
1.122387349605560303e-01
1.124035120010375977e-01
1.125692427158355713e-01
1.127362549304962158e-01
1.129049360752105713e-01
1.130754053592681885e-01
1.132479906082153320e-01
1.134227812290191650e-01
1.135998368263244629e-01
1.137792170047760010e-01
1.139608621597290039e-01
1.141447126865386963e-01
1.143308281898498535e-01
1.145189702510833740e-01
1.147089600563049316e-01
1.149005591869354248e-01
1.150936782360076904e-01
1.152879595756530762e-01
1.154831945896148682e-01
1.156791448593139648e-01
1.158754825592041016e-01
1.160720288753509521e-01
1.162683367729187012e-01
1.164642572402954102e-01
1.166594922542572021e-01
1.168537437915802002e-01
1.170468628406524658e-01
1.172384619712829590e-01
1.174284517765045166e-01
1.176165938377380371e-01
1.178027391433715820e-01
1.179866194725036621e-01
1.181682646274566650e-01
1.183474659919738770e-01
1.185241341590881348e-01
1.186983287334442139e-01
1.188698410987854004e-01
1.190387010574340820e-01
1.192049086093902588e-01
1.193686425685882568e-01
1.195297241210937500e-01
1.196883022785186768e-01
1.198444962501525879e-01
1.199983060359954834e-01
1.201499998569488525e-01
1.202995479106903076e-01
1.204471886157989502e-01
1.205930113792419434e-01
1.207371354103088379e-01
1.208798885345458984e-01
1.210213899612426758e-01
1.211617887020111084e-01
1.213012933731079102e-01
1.214401125907897949e-01
1.215784251689910889e-01
1.217164993286132812e-01
1.218545138835906982e-01
1.219926178455352783e-01
1.221311688423156738e-01
1.222701370716094971e-01
1.224101185798645020e-01
1.225509941577911377e-01
1.226931810379028320e-01
1.228367388248443604e-01
1.229820847511291504e-01
1.231291294097900391e-01
1.232784092426300049e-01
1.234299838542938232e-01
1.235841214656829834e-01
1.237409412860870361e-01
1.239007115364074707e-01
1.240636706352233887e-01
1.242300271987915039e-01
1.243999004364013672e-01
1.245736479759216309e-01
1.247513294219970703e-01
1.249331831932067871e-01
1.251194775104522705e-01
1.253103911876678467e-01
1.255061626434326172e-01
1.257069408893585205e-01
