7.433202862739562988e-02
7.523554563522338867e-02
7.614228129386901855e-02
7.705155014991760254e-02
7.796251773834228516e-02
7.887417078018188477e-02
7.978573441505432129e-02
8.069631457328796387e-02
8.160498738288879395e-02
8.251091837882995605e-02
8.341309428215026855e-02
8.431071043014526367e-02
8.520278334617614746e-02
8.608838915824890137e-02
8.696669340133666992e-02
8.783677220344543457e-02
8.869782090187072754e-02
8.954885601997375488e-02
9.038901329040527344e-02
9.121769666671752930e-02
9.203389286994934082e-02
9.283691644668579102e-02
9.362602233886718750e-02
9.440055489540100098e-02
9.515976905822753906e-02
9.590315818786621094e-02
9.663003683090209961e-02
9.733983874320983887e-02
9.803229570388793945e-02
9.870672225952148438e-02
9.936287999153137207e-02
1.000004410743713379e-01
1.006190776824951172e-01
1.012185215950012207e-01
1.017988026142120361e-01
1.023597121238708496e-01
1.029011905193328857e-01
1.034232676029205322e-01
1.039260923862457275e-01
1.044097542762756348e-01
1.048744618892669678e-01
1.053204834461212158e-01
1.057482659816741943e-01
1.061579585075378418e-01
1.065501570701599121e-01
1.069252789020538330e-01
1.072838604450225830e-01
1.076265573501586914e-01
1.079538762569427490e-01
1.082666218280792236e-01
1.085653603076934814e-01
1.088508963584899902e-01
1.091239750385284424e-01
1.093854308128356934e-01
1.096359491348266602e-01
1.098764538764953613e-01
1.101077198982238770e-01
1.103305816650390625e-01
1.105458140373229980e-01
1.107543110847473145e-01
1.109568178653717041e-01
1.111542284488677979e-01
1.113471686840057373e-01
1.115364432334899902e-01
1.117226183414459229e-01
1.119065880775451660e-01
1.120887994766235352e-01
1.122698783874511719e-01
1.124504208564758301e-01
1.126307547092437744e-01
1.128114461898803711e-01
1.129928529262542725e-01
1.131752729415893555e-01
1.133589148521423340e-01
1.135441660881042480e-01
1.137309968471527100e-01
1.139196455478668213e-01
1.141100525856018066e-01
1.143023669719696045e-01
1.144964396953582764e-01
1.146922409534454346e-01
1.148897409439086914e-01
1.150886118412017822e-01
1.152888536453247070e-01
1.154900789260864258e-01
1.156922876834869385e-01
1.158950030803680420e-01
1.160981953144073486e-01
1.163014471530914307e-01
1.165045201778411865e-01
1.167072355747222900e-01
1.169092059135437012e-01
1.171102523803710938e-01
1.173101067543029785e-01
1.175084710121154785e-01
1.177051663398742676e-01
1.179001033306121826e-01
1.180929243564605713e-01
1.182835996150970459e-01
1.184718906879425049e-01
1.186577081680297852e-01
1.188409328460693359e-01
1.190215349197387695e-01
1.191994845867156982e-01
1.193746626377105713e-01
1.195471286773681641e-01
1.197169125080108643e-01
1.198840141296386719e-01
1.200484335422515869e-01
1.202103793621063232e-01
1.203698515892028809e-01
1.205269396305084229e-01
1.206818222999572754e-01
1.208345890045166016e-01
1.209854185581207275e-01
1.211344897747039795e-01
1.212818920612335205e-01
1.214279234409332275e-01
1.215726435184478760e-01
1.217163205146789551e-01
1.218591332435607910e-01
1.220012605190277100e-01
1.221429407596588135e-01
1.222843229770660400e-01
1.224256753921508789e-01
1.225672066211700439e-01
1.227091252803802490e-01
1.228516697883605957e-01
1.229950189590454102e-01
1.231393516063690186e-01
1.232849359512329102e-01
1.234320104122161865e-01
1.235806941986083984e-01
1.237312853336334229e-01
1.238839328289031982e-01
1.240388751029968262e-01
1.241963207721710205e-01
1.243565082550048828e-01
1.245195567607879639e-01
1.246857047080993652e-01
1.248551309108734131e-01
1.250281631946563721e-01
1.252048611640930176e-01
1.253854632377624512e-01
1.255702376365661621e-01
1.257592141628265381e-01
1.259528100490570068e-01
1.261510550975799561e-01
1.263541877269744873e-01
1.265624761581420898e-01
