6.440371274948120117e-02
6.526297330856323242e-02
6.613346934318542480e-02
6.701430678367614746e-02
6.790474057197570801e-02
6.880393624305725098e-02
6.971105933189392090e-02
7.062512636184692383e-02
7.154536247253417969e-02
7.247075438499450684e-02
7.340046763420104980e-02
7.433339953422546387e-02
7.526874542236328125e-02
7.620552182197570801e-02
7.714271545410156250e-02
7.807946205139160156e-02
7.901465892791748047e-02
7.994732260704040527e-02
8.087658882141113281e-02
8.180159330368041992e-02
8.272123336791992188e-02
8.363470435142517090e-02
8.454099297523498535e-02
8.543932437896728516e-02
8.632874488830566406e-02
8.720844984054565430e-02
8.807763457298278809e-02
8.893549442291259766e-02
8.978119492530822754e-02
9.061414003372192383e-02
9.143352508544921875e-02
9.223872423171997070e-02
9.302914142608642578e-02
9.380409121513366699e-02
9.456321597099304199e-02
9.530583024024963379e-02
9.603151679039001465e-02
9.673982858657836914e-02
9.743058681488037109e-02
9.810319542884826660e-02
9.875756502151489258e-02
9.939336776733398438e-02
1.000103652477264404e-01
1.006085276603698730e-01
1.011877059936523438e-01
1.017478406429290771e-01
1.022890210151672363e-01
1.028110980987548828e-01
1.033143997192382812e-01
1.037989854812622070e-01
1.042649745941162109e-01
1.047126650810241699e-01
1.051423847675323486e-01
1.055542826652526855e-01
1.059488654136657715e-01
1.063265502452850342e-01
1.066876649856567383e-01
1.070328056812286377e-01
1.073622703552246094e-01
1.076768040657043457e-01
1.079770028591156006e-01
1.082632839679718018e-01
1.085363626480102539e-01
1.087968349456787109e-01
1.090455055236816406e-01
1.092828512191772461e-01
1.095096766948699951e-01
1.097266376018524170e-01
1.099345088005065918e-01
1.101339161396026611e-01
1.103255748748779297e-01
1.105102598667144775e-01
1.106886565685272217e-01
1.108613908290863037e-01
1.110291779041290283e-01
1.111925840377807617e-01
1.113523542881011963e-01
1.115090548992156982e-01
1.116632819175720215e-01
1.118155121803283691e-01
1.119663715362548828e-01
1.121162772178649902e-01
1.122656762599945068e-01
1.124149262905120850e-01
1.125645339488983154e-01
1.127146482467651367e-01
1.128656864166259766e-01
1.130177378654479980e-01
1.131711006164550781e-01
1.133258640766143799e-01
1.134821474552154541e-01
1.136399507522583008e-01
1.137993931770324707e-01
1.139603257179260254e-01
1.141227781772613525e-01
1.142866015434265137e-01
1.144515872001647949e-01
1.146177649497985840e-01
1.147848665714263916e-01
1.149525940418243408e-01
1.151208281517028809e-01
1.152892708778381348e-01
1.154577136039733887e-01
1.156258583068847656e-01
1.157935857772827148e-01
1.159605085849761963e-01
1.161265075206756592e-01
1.162913739681243896e-01
1.164546906948089600e-01
1.166164278984069824e-01
1.167764365673065186e-01
1.169345378875732422e-01
1.170906126499176025e-01
1.172446012496948242e-01
1.173964738845825195e-01
1.175461411476135254e-01
1.176936924457550049e-01
1.178392171859741211e-01
1.179827153682708740e-01
1.181243360042572021e-01
1.182642579078674316e-01
1.184027493000030518e-01
1.185399293899536133e-01
1.186760663986206055e-01
1.188115775585174561e-01
1.189467012882232666e-01
1.190817952156066895e-01
1.192172765731811523e-01
1.193535327911376953e-01
1.194910705089569092e-01
1.196300983428955078e-01
1.197714209556579590e-01
1.199153363704681396e-01
1.200623810291290283e-01
1.202130019664764404e-01
1.203678548336029053e-01
1.205274462699890137e-01
1.206923425197601318e-01
1.208629906177520752e-01
1.210400760173797607e-01
1.212241351604461670e-01
1.214156746864318848e-01
1.216153204441070557e-01
1.218236386775970459e-01
1.220411658287048340e-01
1.222684979438781738e-01
1.225061416625976562e-01
1.227546632289886475e-01
1.230147182941436768e-01
1.232867538928985596e-01
