1.125876605510711670e-01
1.124855503439903259e-01
1.123829185962677002e-01
1.122797578573226929e-01
1.121760904788970947e-01
1.120718866586685181e-01
1.119671612977981567e-01
1.118618994951248169e-01
1.117561161518096924e-01
1.116497814655303955e-01
1.115429103374481201e-01
1.114355027675628662e-01
1.113275587558746338e-01
1.112190485000610352e-01
1.111099943518638611e-01
1.110003888607025146e-01
1.108902171254158020e-01
1.107795014977455139e-01
1.106682196259498596e-01
1.105563715100288391e-01
1.104439571499824524e-01
1.103309690952301025e-01
1.102174073457717896e-01
1.101032793521881104e-01
1.099885627627372742e-01
1.098732650279998779e-01
1.097573786973953247e-01
1.096409112215042114e-01
1.095238551497459412e-01
1.094061955809593201e-01
1.092879548668861389e-01
1.091690957546234131e-01
1.090496480464935303e-01
1.089295893907546997e-01
1.088089272379875183e-01
1.086876690387725830e-01
1.085657700896263123e-01
1.084432750940322876e-01
1.083201467990875244e-01
1.081964075565338135e-01
1.080720499157905579e-01
1.079470515251159668e-01
1.078214347362518311e-01
1.076951771974563599e-01
1.075683012604713440e-01
1.074407696723937988e-01
1.073126047849655151e-01
1.071837991476058960e-01
1.070543527603149414e-01
1.069242507219314575e-01
1.067935153841972351e-01
1.066621169447898865e-01
1.065300554037094116e-01
1.063973531126976013e-01
1.062639951705932617e-01
1.061299592256546021e-01
1.059952750802040100e-01
1.058599203824996948e-01
1.057239100337028503e-01
1.055872142314910889e-01
1.054498627781867981e-01
1.053118333220481873e-01
1.051731258630752563e-01
1.050337553024291992e-01
1.048936918377876282e-01
1.047529578208923340e-01
1.046115458011627197e-01
1.044694483280181885e-01
1.043266654014587402e-01
1.041831970214843750e-01
1.040390506386756897e-01
1.038942113518714905e-01
1.037486940622329712e-01
1.036024838685989380e-01
1.034555807709693909e-01
1.033079922199249268e-01
1.031597033143043518e-01
1.030107289552688599e-01
1.028610691428184509e-01
1.027107089757919312e-01
1.025596633553504944e-01
1.024079173803329468e-01
1.022554859519004822e-01
1.021023616194725037e-01
1.019485443830490112e-01
1.017940342426300049e-01
1.016388311982154846e-01
1.014829427003860474e-01
1.013263612985610962e-01
1.011690944433212280e-01
1.010111272335052490e-01
1.008524894714355469e-01
1.006931662559509277e-01
1.005331426858901978e-01
1.003724485635757446e-01
1.002110689878463745e-01
1.000490039587020874e-01
9.988627582788467407e-02
9.972286224365234375e-02
9.955877810716629028e-02
9.939402341842651367e-02
9.922859817743301392e-02
9.906251728534698486e-02
9.889575839042663574e-02
9.872835874557495117e-02
9.856028854846954346e-02
9.839157015085220337e-02
9.822220355272293091e-02
9.805218875408172607e-02
9.788153320550918579e-02
9.771024435758590698e-02
9.753831475973129272e-02
9.736576676368713379e-02
9.719258546829223633e-02
9.701879322528839111e-02
9.684438258409500122e-02
9.666936099529266357e-02
9.649373590946197510e-02
9.631751477718353271e-02
9.614069759845733643e-02
9.596329927444458008e-02
9.578531980514526367e-02
9.560675919055938721e-02
9.542764723300933838e-02
9.524795413017272949e-02
9.506771713495254517e-02
9.488692879676818848e-02
9.470560401678085327e-02
9.452374279499053955e-02
9.434136748313903809e-02
9.415845572948455811e-02
9.397505223751068115e-02
9.379114210605621338e-02
9.360674768686294556e-02
9.342185407876968384e-02
9.323649853467941284e-02
9.305067360401153564e-02
9.286438673734664917e-02
9.267766028642654419e-02
9.249048680067062378e-02
9.230288863182067871e-02
9.211487323045730591e-02
9.192645549774169922e-02
9.173762798309326172e-02
9.154842048883438110e-02
9.135884046554565430e-02
9.116888046264648438e-02
9.097857773303985596e-02
9.078792482614517212e-02
9.059692919254302979e-02
9.040562808513641357e-02
9.021401405334472656e-02
9.002209454774856567e-02
8.982989192008972168e-02
8.963742107152938843e-02
8.944468200206756592e-02
8.925168961286544800e-02
8.905846625566482544e-02
8.886501193046569824e-02
8.867134898900985718e-02
8.847749233245849609e-02
8.828343451023101807e-02
8.808921277523040771e-02
8.789483457803726196e-02
8.770030736923217773e-02
8.750563859939575195e-02
8.731085807085037231e-02
8.711597323417663574e-02
8.692098408937454224e-02
8.672592043876647949e-02
8.653079718351364136e-02
8.633562177419662476e-02
8.614040911197662354e-02
8.594517409801483154e-02
8.574992418289184570e-02
8.555468171834945679e-02
8.535945415496826172e-02
8.516427129507064819e-02
8.496912568807601929e-02
8.477404713630676270e-02
8.457904309034347534e-02
8.438413590192794800e-02
8.418932557106018066e-02
8.399464190006256104e-02
8.380009233951568604e-02
8.360568434000015259e-02
8.341144025325775146e-02
8.321738243103027344e-02
8.302350342273712158e-02
8.282984048128128052e-02
8.263638615608215332e-02
8.244317770004272461e-02
8.225021511316299438e-02
8.205751329660415649e-02
8.186509460210800171e-02
8.167296648025512695e-02
8.148113638162612915e-02
8.128963410854339600e-02
8.109845221042633057e-02
8.090763539075851440e-02
8.071716129779815674e-02
8.052707463502883911e-02
8.033737540245056152e-02
8.014807105064392090e-02
7.995919138193130493e-02
7.977072894573211670e-02
7.958272099494934082e-02
7.939516007900238037e-02
7.920807600021362305e-02
7.902146130800247192e-02
7.883534580469131470e-02
7.864973694086074829e-02
7.846464961767196655e-02
7.828007638454437256e-02
7.809606939554214478e-02
7.791260629892349243e-02
7.772970944643020630e-02
7.754740118980407715e-02
7.736568152904510498e-02
7.718455791473388672e-02
7.700405269861221313e-02
7.682417333126068115e-02
7.664492726325988770e-02
7.646633684635162354e-02
7.628840208053588867e-02
7.611113786697387695e-02
7.593455165624618530e-02
7.575865089893341064e-02
7.558345049619674683e-02
7.540896534919738770e-02
7.523519545793533325e-02
7.506216317415237427e-02
7.488986104726791382e-02
7.471831887960433960e-02
7.454751431941986084e-02
7.437749207019805908e-02
7.420823723077774048e-02
7.403977215290069580e-02
7.387209683656692505e-02
7.370521873235702515e-02
7.353915274143218994e-02
7.337390631437301636e-02
7.320947945117950439e-02
7.304587960243225098e-02
7.288312166929244995e-02
7.272121310234069824e-02
7.256015390157699585e-02
7.239994406700134277e-02
7.224062085151672363e-02
7.208216190338134766e-02
7.192458212375640869e-02
7.176787406206130981e-02
7.161207497119903564e-02
7.145715504884719849e-02
7.130315154790878296e-02
7.115004956722259521e-02
7.099786400794982910e-02
7.084658741950988770e-02
7.069624215364456177e-02
7.054680585861206055e-02
7.039833068847656250e-02
1.125876605510711670e-01
1.124855428934097290e-01
1.123829185962677002e-01
1.122797727584838867e-01
1.121761202812194824e-01
1.120719462633132935e-01
1.119672656059265137e-01
1.118620783090591431e-01
1.117563769221305847e-01
1.116501539945602417e-01
1.115434393286705017e-01
1.114362031221389771e-01
1.113284751772880554e-01
1.112202256917953491e-01
1.111114770174026489e-01
1.110022142529487610e-01
1.108924522995948792e-01
1.107821986079216003e-01
1.106714308261871338e-01
1.105601787567138672e-01
1.104484125971794128e-01
1.103361621499061584e-01
1.102234050631523132e-01
1.101101711392402649e-01
1.099964380264282227e-01
1.098822206258773804e-01
1.097675114870071411e-01
1.096523180603981018e-01
1.095366477966308594e-01
1.094204932451248169e-01
1.093038544058799744e-01
1.091867461800575256e-01
1.090691536664962769e-01
1.089510917663574219e-01
1.088325753808021545e-01
1.087135821580886841e-01
1.085941269993782043e-01
1.084742099046707153e-01
1.083538383245468140e-01
1.082330197095870972e-01
1.081117317080497742e-01
1.079900115728378296e-01
1.078678369522094727e-01
1.077452227473258972e-01
1.076221615076065063e-01
1.074986755847930908e-01
1.073747500777244568e-01
1.072504073381423950e-01
1.071256250143051147e-01
1.070004329085350037e-01
1.068748235702514648e-01
1.067487895488739014e-01
1.066223531961441040e-01
1.064955145120620728e-01
1.063682734966278076e-01
1.062406301498413086e-01
1.061125993728637695e-01
1.059841811656951904e-01
1.058553680777549744e-01
1.057261824607849121e-01
1.055966168642044067e-01
1.054666861891746521e-01
1.053363904356956482e-01
1.052057296037673950e-01
1.050747185945510864e-01
1.049433499574661255e-01
1.048116311430931091e-01
1.046795845031738281e-01
1.045471802353858948e-01
1.044144481420516968e-01
1.042814031243324280e-01
1.041480377316474915e-01
1.040143370628356934e-01
1.038803458213806152e-01
1.037460416555404663e-01
1.036114394664764404e-01
1.034765318036079407e-01
1.033413410186767578e-01
1.032058820128440857e-01
1.030701398849487305e-01
1.029341146349906921e-01
1.027978360652923584e-01
1.026612818241119385e-01
1.025244891643524170e-01
1.023874431848526001e-01
1.022501513361930847e-01
1.021126285195350647e-01
1.019748747348785400e-01
1.018369048833847046e-01
1.016987040638923645e-01
1.015602946281433105e-01
1.014216765761375427e-01
1.012828648090362549e-01
1.011438518762588501e-01
1.010046601295471191e-01
1.008652895689010620e-01
1.007257401943206787e-01
1.005860269069671631e-01
1.004461497068405151e-01
1.003061160445213318e-01
1.001659333705902100e-01
1.000256091356277466e-01
9.988515079021453857e-02
9.974455833435058594e-02
9.960385411977767944e-02
9.946302324533462524e-02
9.932208806276321411e-02
9.918104112148284912e-02
9.903991222381591797e-02
9.889867901802062988e-02
9.875737130641937256e-02
9.861598908901214600e-02
9.847453236579895020e-02
9.833300113677978516e-02
9.819142520427703857e-02
9.804978966712951660e-02
9.790812432765960693e-02
9.776640683412551880e-02
9.762465953826904297e-02
9.748288989067077637e-02
9.734109789133071899e-02
9.719930589199066162e-02
9.705749899148941040e-02
9.691569209098815918e-02
9.677390009164810181e-02
9.663210809230804443e-02
9.649035334587097168e-02
9.634861350059509277e-02
9.620691090822219849e-02
9.606523811817169189e-02
9.592362493276596069e-02
9.578205645084381104e-02
9.564054012298583984e-02
9.549909830093383789e-02
9.535771608352661133e-02
9.521642327308654785e-02
9.507519751787185669e-02
9.493407607078552246e-02
9.479302912950515747e-02
9.465210139751434326e-02
9.451127052307128906e-02
9.437055885791778564e-02
9.422995150089263916e-02
9.408947080373764038e-02
9.394912421703338623e-02
9.380891174077987671e-02
9.366884827613830566e-02
9.352891892194747925e-02
9.338913857936859131e-02
9.324953705072402954e-02
9.311007708311080933e-02
9.297078847885131836e-02
9.283168613910675049e-02
9.269274771213531494e-02
9.255400300025939941e-02
9.241544455289840698e-02
9.227707237005233765e-02
9.213890135288238525e-02
9.200094640254974365e-02
9.186320006847381592e-02
9.172566235065460205e-02
9.158833324909210205e-02
9.145124256610870361e-02
9.131437540054321289e-02
9.117774665355682373e-02
9.104134887456893921e-02
9.090519696474075317e-02
9.076929092407226562e-02
9.063363820314407349e-02
9.049823880195617676e-02
9.036310017108917236e-02
9.022822231054306030e-02
9.009361267089843750e-02
8.995927870273590088e-02
8.982522040605545044e-02
8.969144523143768311e-02
8.955794572830200195e-02
8.942474424839019775e-02
8.929182589054107666e-02
8.915920555591583252e-02
8.902688324451446533e-02
8.889487385749816895e-02
8.876316249370574951e-02
8.863175660371780396e-02
8.850067108869552612e-02
8.836989849805831909e-02
8.823943883180618286e-02
8.810931444168090820e-02
8.797951042652130127e-02
8.785003423690795898e-02
8.772088587284088135e-02
8.759208023548126221e-02
8.746360987424850464e-02
8.733547478914260864e-02
8.720768988132476807e-02
8.708024770021438599e-02
8.695314824581146240e-02
8.682640641927719116e-02
8.670002222061157227e-02
8.657398819923400879e-02
8.644830435514450073e-02
8.632299304008483887e-02
8.619803935289382935e-02
8.607345074415206909e-02
8.594923466444015503e-02
8.582537621259689331e-02
8.570190519094467163e-02
8.557879179716110229e-02
8.545605838298797607e-02
8.533370494842529297e-02
8.521172404289245605e-02
8.509013056755065918e-02
8.496891707181930542e-02
8.484808355569839478e-02
8.472763001918792725e-02
8.460756391286849976e-02
8.448789268732070923e-02
8.436860889196395874e-02
8.424971997737884521e-02
8.413121849298477173e-02
8.401310443878173828e-02
8.389538526535034180e-02
8.377806842327117920e-02
8.366115391254425049e-02
8.354461938142776489e-02
8.342848718166351318e-02
8.331276476383209229e-02
8.319743722677230835e-02
8.308249711990356445e-02
8.296798169612884521e-02
8.285385370254516602e-02
8.274013549089431763e-02
8.262681216001510620e-02
8.251389861106872559e-02
8.240138739347457886e-02
8.228929340839385986e-02
8.217758685350418091e-02
8.206629753112792969e-02
8.195541799068450928e-02
8.184493333101272583e-02
8.173486590385437012e-02
8.162520080804824829e-02
8.151594549417495728e-02
8.140709251165390015e-02
8.129864931106567383e-02
8.119061589241027832e-02
8.108299225568771362e-02
8.097577840089797974e-02
8.086897432804107666e-02
8.076256513595581055e-02
8.065657317638397217e-02
8.055099099874496460e-02
8.044581115245819092e-02
8.034104108810424805e-02
8.023668825626373291e-02
8.013272285461425781e-02
8.002917468547821045e-02
7.992603629827499390e-02
7.982330769300460815e-02
7.972096651792526245e-02
7.961904257535934448e-02
