-3.298738971352577209e-02
-2.957424521446228027e-02
-2.614107728004455566e-02
-2.268826216459274292e-02
-1.921604946255683899e-02
-1.572471112012863159e-02
-1.221479102969169617e-02
-8.686579763889312744e-03
-5.140766501426696777e-03
-1.577332615852355957e-03
2.003066241741180420e-03
5.599893629550933838e-03
9.212590754032135010e-03
1.284100860357284546e-02
1.648440212011337280e-02
2.014233171939849854e-02
2.381430566310882568e-02
2.749962359666824341e-02
3.119783103466033936e-02
3.490854054689407349e-02
3.863111138343811035e-02
4.236458241939544678e-02
4.610887169837951660e-02
4.986300319433212280e-02
5.362657457590103149e-02
5.739881098270416260e-02
6.117938458919525146e-02
6.496709585189819336e-02
6.876169145107269287e-02
7.256248593330383301e-02
7.636862993240356445e-02
8.017958700656890869e-02
8.399458229541778564e-02
8.781278133392333984e-02
9.163391590118408203e-02
9.545695781707763672e-02
9.928122162818908691e-02
1.031059920787811279e-01
1.069307923316955566e-01
1.107545346021652222e-01
1.145768314599990845e-01
1.183968037366867065e-01
1.222135722637176514e-01
1.260267347097396851e-01
1.298354864120483398e-01
1.336389034986495972e-01
1.374364942312240601e-01
1.412275582551956177e-01
1.450112164020538330e-01
1.487868279218673706e-01
1.525539010763168335e-01
1.563114672899246216e-01
1.600590795278549194e-01
1.637958437204360962e-01
1.675211936235427856e-01
1.712345480918884277e-01
1.749352067708969116e-01
1.786224544048309326e-01
1.822957843542098999e-01
1.859545558691024780e-01
1.895980983972549438e-01
1.932258754968643188e-01
1.968373805284500122e-01
2.004319578409194946e-01
2.040089815855026245e-01
2.075680941343307495e-01
2.111086398363113403e-01
2.146300524473190308e-01
2.181320339441299438e-01
2.216139882802963257e-01
2.250754684209823608e-01
2.285159975290298462e-01
2.319352477788925171e-01
2.353326231241226196e-01
2.387078851461410522e-01
2.420605272054672241e-01
2.453903704881668091e-01
2.486968487501144409e-01
2.519797086715698242e-01
2.552386522293090820e-01
2.584733963012695312e-01
2.616834640502929688e-01
2.648689746856689453e-01
2.680293917655944824e-01
2.711645364761352539e-01
2.742741107940673828e-01
2.773579359054565430e-01
2.804158926010131836e-01
2.834477424621582031e-01
2.864534854888916016e-01
2.894326448440551758e-01
2.923853993415832520e-01
2.953115701675415039e-01
2.982110381126403809e-01
3.010835647583007812e-01
3.039292097091674805e-01
3.067479729652404785e-01
3.095395565032958984e-01
3.123042583465576172e-01
3.150417804718017578e-01
3.177523016929626465e-01
3.204357028007507324e-01
3.230919837951660156e-01
3.257213830947875977e-01
3.283236026763916016e-01
3.308988809585571289e-01
3.334472179412841797e-01
3.359687924385070801e-01
3.384634852409362793e-01
3.409314751625061035e-01
3.433728814125061035e-01
3.457877635955810547e-01
3.481762409210205078e-01
3.505383729934692383e-01
3.528743386268615723e-01
3.551842570304870605e-01
3.574681878089904785e-01
3.597263097763061523e-01
3.619588613510131836e-01
3.641659021377563477e-01
3.663476705551147461e-01
3.685041666030883789e-01
3.706356883049011230e-01
3.727423548698425293e-01
3.748244047164916992e-01
3.768818974494934082e-01
3.789151310920715332e-01
3.809242248535156250e-01
3.829093575477600098e-01
3.848707675933837891e-01
3.868086934089660645e-01
3.887231349945068359e-01
3.906145691871643066e-01
3.924828767776489258e-01
3.943286538124084473e-01
3.961517810821533203e-01
3.979524970054626465e-01
3.997311592102050781e-01
4.014878273010253906e-01
4.032228589057922363e-01
4.049363732337951660e-01
4.066285490989685059e-01
4.082996845245361328e-01
4.099498391151428223e-01
4.115794301033020020e-01
4.131885766983032227e-01
4.147773385047912598e-01
4.163461923599243164e-01
4.178951978683471680e-01
4.194244146347045898e-01
4.209344983100891113e-01
4.224252700805664062e-01
4.238970279693603516e-01
4.253500103950500488e-01
4.267844557762145996e-01
4.282004237174987793e-01
4.295983314514160156e-01
4.309781789779663086e-01
4.323402643203735352e-01
4.336848258972167969e-01
4.350120425224304199e-01
4.363220334053039551e-01
4.376150369644165039e-01
4.388912916183471680e-01
4.401509165763854980e-01
4.413941502571105957e-01
4.426211714744567871e-01
4.438321590423583984e-01
4.450274109840393066e-01
4.462068676948547363e-01
4.473708868026733398e-01
4.485195875167846680e-01
4.496532678604125977e-01
4.507719874382019043e-01
4.518759250640869141e-01
4.529652595520019531e-01
4.540401697158813477e-01
4.551008939743041992e-01
4.561474323272705078e-01
4.571802020072937012e-01
4.581992030143737793e-01
4.592044949531555176e-01
4.601964354515075684e-01
4.611750841140747070e-01
4.621405601501464844e-01
4.630932211875915527e-01
4.640330672264099121e-01
4.649601578712463379e-01
4.658747911453247070e-01
4.667770266532897949e-01
4.676671624183654785e-01
4.685450792312622070e-01
4.694110751152038574e-01
4.702653288841247559e-01
4.711079597473144531e-01
4.719390273094177246e-01
4.727587103843688965e-01
4.735672473907470703e-01
4.743644595146179199e-01
4.751508235931396484e-01
4.759262204170227051e-01
4.766909480094909668e-01
4.774450063705444336e-01
4.781886339187622070e-01
4.789217710494995117e-01
4.796447157859802246e-01
4.803574681282043457e-01
4.810602068901062012e-01
4.817529916763305664e-01
4.824360013008117676e-01
4.831093549728393555e-01
4.837731122970581055e-01
4.844272136688232422e-01
4.850721359252929688e-01
4.857077002525329590e-01
4.863340258598327637e-01
4.869514107704162598e-01
4.875596761703491211e-01
4.881590604782104492e-01
4.887496829032897949e-01
4.893316030502319336e-01
4.899049997329711914e-01
4.904698133468627930e-01
4.910261631011962891e-01
4.915742278099060059e-01
4.921140074729919434e-01
4.926456809043884277e-01
4.931693077087402344e-01
4.936847686767578125e-01
4.941924214363098145e-01
4.946922063827514648e-01
4.951843023300170898e-01
4.956685900688171387e-01
4.961453676223754883e-01
4.966145753860473633e-01
4.970763325691223145e-01
4.975306987762451172e-01
4.979777336120605469e-01
4.984174966812133789e-01
4.988501071929931641e-01
4.992756843566894531e-01
4.996941685676574707e-01
5.001056790351867676e-01
5.005102157592773438e-01
5.009079575538635254e-01
5.012989044189453125e-01
5.016830563545227051e-01
5.020605921745300293e-01
5.024315118789672852e-01
5.027958750724792480e-01
5.031537413597106934e-01
5.035051703453063965e-01
5.038501620292663574e-01
5.041888356208801270e-01
5.045212507247924805e-01
5.048474669456481934e-01
5.051674842834472656e-01
5.054813623428344727e-01
5.057891011238098145e-01
5.060908198356628418e-01
5.063865780830383301e-01
-3.298738971352577209e-02
-2.957424521446228027e-02
-2.614107728004455566e-02
-2.268778532743453979e-02
-1.921504363417625427e-02
-1.572263613343238831e-02
-1.221120730042457581e-02
-8.680894970893859863e-03
-5.132049322128295898e-03
-1.565098762512207031e-03
2.019859850406646729e-03
5.622312426567077637e-03
9.241886436939239502e-03
1.287838816642761230e-02
1.653110980987548828e-02
2.020013332366943359e-02
2.388457208871841431e-02
2.758403867483139038e-02
3.129848837852478027e-02
3.502713143825531006e-02
3.876966983079910278e-02
4.252530634403228760e-02
4.629403352737426758e-02
5.007499456405639648e-02
5.386773496866226196e-02
5.767196416854858398e-02
6.148692965507507324e-02
6.531201303005218506e-02
6.914675235748291016e-02
7.299047708511352539e-02
7.684278488159179688e-02
8.070309460163116455e-02
8.457072079181671143e-02
8.844488859176635742e-02
9.232519567012786865e-02
9.621107578277587891e-02
1.001016348600387573e-01
1.039965301752090454e-01
1.078947782516479492e-01
1.117960214614868164e-01
1.156994700431823730e-01
1.196044236421585083e-01
1.235103011131286621e-01
1.274163872003555298e-01
1.313220709562301636e-01
1.352266818284988403e-01
1.391292065382003784e-01
1.430293768644332886e-01
1.469262987375259399e-01
1.508194208145141602e-01
1.547080427408218384e-01
1.585913747549057007e-01
1.624688953161239624e-01
1.663397848606109619e-01
1.702033430337905884e-01
1.740589737892150879e-01
1.779062151908874512e-01
1.817441433668136597e-01
1.855720728635787964e-01
1.893895715475082397e-01
1.931957155466079712e-01
1.969902664422988892e-01
2.007723003625869751e-01
2.045413106679916382e-01
2.082966715097427368e-01
2.120377868413925171e-01
2.157640308141708374e-01
2.194749563932418823e-01
2.231699079275131226e-01
2.268483489751815796e-01
2.305096834897994995e-01
2.341535240411758423e-01
2.377792447805404663e-01
2.413863390684127808e-01
2.449744790792465210e-01
2.485429793596267700e-01
2.520914673805236816e-01
2.556196451187133789e-01
2.591269016265869141e-01
2.626128792762756348e-01
2.660772204399108887e-01
2.695194482803344727e-01
2.729392051696777344e-01
2.763363718986511230e-01
2.797102928161621094e-01
2.830608487129211426e-01
2.863876223564147949e-01
2.896903753280639648e-01
2.929688096046447754e-01
2.962228059768676758e-01
2.994519472122192383e-01
3.026560544967651367e-01
3.058348298072814941e-01
3.089883327484130859e-01
3.121161460876464844e-01
3.152182698249816895e-01
3.182942867279052734e-01
3.213443160057067871e-01
3.243681192398071289e-01
3.273656368255615234e-01
3.303367495536804199e-01
3.332813382148742676e-01
3.361994624137878418e-01
3.390908837318420410e-01
3.419556617736816406e-01
3.447936773300170898e-01
3.476050496101379395e-01
3.503895998001098633e-01
3.531475067138671875e-01
3.558787107467651367e-01
3.585830926895141602e-01
3.612609505653381348e-01
3.639120459556579590e-01
3.665366768836975098e-01
3.691348433494567871e-01
3.717064261436462402e-01
3.742517232894897461e-01
3.767707943916320801e-01
3.792636394500732422e-01
3.817304968833923340e-01
3.841713666915893555e-01
3.865863680839538574e-01
3.889757394790649414e-01
3.913394212722778320e-01
3.936777710914611816e-01
3.959908485412597656e-01
3.982786536216735840e-01
4.005415439605712891e-01
4.027795791625976562e-01
4.049929976463317871e-01
4.071819782257080078e-01
4.093465209007263184e-01
4.114870429039001465e-01
4.136035442352294922e-01
4.156961441040039062e-01
4.177653193473815918e-01
4.198110699653625488e-01
4.218336343765258789e-01
4.238331317901611328e-01
4.258098006248474121e-01
4.277639985084533691e-01
4.296956658363342285e-01
4.316051602363586426e-01
4.334926605224609375e-01
4.353583455085754395e-01
4.372024536132812500e-01
4.390252828598022461e-01
4.408268928527832031e-01
4.426074624061584473e-01
4.443673491477966309e-01
4.461067318916320801e-01
4.478257894515991211e-01
4.495246410369873047e-01
4.512037038803100586e-01
4.528631567955017090e-01
4.545028805732727051e-01
4.561235904693603516e-01
4.577251672744750977e-01
4.593078494071960449e-01
4.608719348907470703e-01
4.624176621437072754e-01
4.639450907707214355e-01
4.654544591903686523e-01
4.669461250305175781e-01
4.684201478958129883e-01
4.698767066001892090e-01
4.713162183761596680e-01
4.727386832237243652e-01
4.741442799568176270e-01
4.755333065986633301e-01
4.769059419631958008e-01
4.782623648643493652e-01
4.796027541160583496e-01
4.809274077415466309e-01
4.822363257408142090e-01
4.835298657417297363e-01
4.848081469535827637e-01
4.860713481903076172e-01
4.873197078704833984e-01
4.885532855987548828e-01
4.897724390029907227e-01
4.909771084785461426e-01
4.921677112579345703e-01
4.933443069458007812e-01
4.945071339607238770e-01
4.956562519073486328e-01
4.967918395996093750e-01
4.979143142700195312e-01
4.990234971046447754e-01
5.001196861267089844e-01
5.012031793594360352e-01
5.022738575935363770e-01
5.033321380615234375e-01
5.043780803680419922e-01
5.054117441177368164e-01
5.064335465431213379e-01
5.074433088302612305e-01
5.084414482116699219e-01
5.094279050827026367e-01
5.104029774665832520e-01
5.113667249679565430e-01
5.123194456100463867e-01
5.132610201835632324e-01
5.141916871070861816e-01
5.151117444038391113e-01
5.160211324691772461e-01
5.169199705123901367e-01
5.178085565567016602e-01
5.186869502067565918e-01
5.195552706718444824e-01
5.204136371612548828e-01
5.212621688842773438e-01
5.221009254455566406e-01
5.229302644729614258e-01
5.237500071525573730e-01
5.245604515075683594e-01
5.253616571426391602e-01
5.261536836624145508e-01
5.269367694854736328e-01
5.277109742164611816e-01
5.284764766693115234e-01
5.292331576347351074e-01
5.299813747406005859e-01
5.307211875915527344e-01
5.314526557922363281e-01
5.321757197380065918e-01
5.328907966613769531e-01
5.335978269577026367e-01
5.342967510223388672e-01
5.349880456924438477e-01
5.356714725494384766e-01
5.363472700119018555e-01
5.370154380798339844e-01
5.376762151718139648e-01
5.383296012878417969e-01
5.389757156372070312e-01
5.396146774291992188e-01
5.402464866638183594e-01
5.408711433410644531e-01
5.414890050888061523e-01
5.420999526977539062e-01
5.427042245864868164e-01
5.433017015457153320e-01
5.438927412033081055e-01
5.444770455360412598e-01
5.450549721717834473e-01
5.456265211105346680e-01
5.461916923522949219e-01
5.467507839202880859e-01
5.473036766052246094e-01
5.478504300117492676e-01
5.483912229537963867e-01
5.489261150360107422e-01
5.494550466537475586e-01
5.499781966209411621e-01
5.504956841468811035e-01
5.510075092315673828e-01
5.515137314796447754e-01
5.520143508911132812e-01
5.525096654891967773e-01
5.529994368553161621e-01
