-8.548311889171600342e-04
-8.547548204660415649e-04
-8.546821773052215576e-04
-8.546020835638046265e-04
-8.545275777578353882e-04
-8.544474840164184570e-04
-8.543711155652999878e-04
-8.542966097593307495e-04
-8.542221039533615112e-04
-8.541382849216461182e-04
-8.540544658899307251e-04
-8.539780974388122559e-04
-8.539017289876937866e-04
-8.538197726011276245e-04
-8.537434041500091553e-04
-8.536577224731445312e-04
-8.535813540220260620e-04
-8.535012602806091309e-04
-8.534137159585952759e-04
-8.533317595720291138e-04
-8.532442152500152588e-04
-8.531603962182998657e-04
-8.530821651220321655e-04
-8.529927581548690796e-04
-8.529033511877059937e-04
-8.528158068656921387e-04
-8.527357131242752075e-04
-8.526463061571121216e-04
-8.525624871253967285e-04
-8.524674922227859497e-04
-8.523818105459213257e-04
-8.522961288690567017e-04
-8.522048592567443848e-04
-8.521117269992828369e-04
-8.520241826772689819e-04
-8.519329130649566650e-04
-8.518416434526443481e-04
-8.517503738403320312e-04
-8.516516536474227905e-04
-8.515641093254089355e-04
-8.514691144227981567e-04
-8.513759821653366089e-04
-8.512828499078750610e-04
-8.511897176504135132e-04
-8.510854095220565796e-04
-8.509978652000427246e-04
-8.508991450071334839e-04
-8.507985621690750122e-04
-8.507035672664642334e-04
-8.506122976541519165e-04
-8.505079895257949829e-04
-8.504036813974380493e-04
-8.503068238496780396e-04
-8.502062410116195679e-04
-8.501075208187103271e-04
-8.500050753355026245e-04
-8.499082177877426147e-04
-8.498020470142364502e-04
-8.496996015310287476e-04
-8.495952934026718140e-04
-8.494984358549118042e-04
-8.493885397911071777e-04
-8.492860943078994751e-04
-8.491799235343933105e-04
-8.490774780511856079e-04
-8.489694446325302124e-04
-8.488614112138748169e-04
-8.487515151500701904e-04
-8.486453443765640259e-04
-8.485373109579086304e-04
-8.484236896038055420e-04
-8.483175188302993774e-04
-8.482094854116439819e-04
-8.480995893478393555e-04
-8.479822427034378052e-04
-8.478742092847824097e-04
-8.477624505758285522e-04
-8.476525545120239258e-04
-8.475277572870254517e-04
-8.474197238683700562e-04
-8.473005145788192749e-04
-8.471924811601638794e-04
-8.470732718706130981e-04
-8.469577878713607788e-04
-8.468404412269592285e-04
-8.467249572277069092e-04
-8.466113358736038208e-04
-8.464884012937545776e-04
-8.463654667139053345e-04
-8.462443947792053223e-04
-8.461270481348037720e-04
-8.460003882646560669e-04
-8.458830416202545166e-04
-8.457582443952560425e-04
-8.456390351057052612e-04
-8.455198258161544800e-04
-8.453894406557083130e-04
-8.452627807855606079e-04
-8.451398462057113647e-04
-8.450169116258621216e-04
-8.448865264654159546e-04
-8.447617292404174805e-04
-8.446332067251205444e-04
-8.445084095001220703e-04
-8.443761616945266724e-04
-8.442401885986328125e-04
-8.441191166639328003e-04
-8.439831435680389404e-04
-8.438546210527420044e-04
-8.437149226665496826e-04
-8.435826748609542847e-04
-8.434541523456573486e-04
-8.433219045400619507e-04
-8.431859314441680908e-04
-8.430462330579757690e-04
-8.429065346717834473e-04
-8.427761495113372803e-04
-8.426345884799957275e-04
-8.424986153841018677e-04
-8.423626422882080078e-04
-8.422229439020156860e-04
-8.420888334512710571e-04
-8.419360965490341187e-04
-8.418001234531402588e-04
-8.416566997766494751e-04
-8.415132761001586914e-04
-8.413717150688171387e-04
-8.412264287471771240e-04
-8.410867303609848022e-04
-8.409395813941955566e-04
-8.407868444919586182e-04
-8.406434208154678345e-04
-8.404944092035293579e-04
-8.403416723012924194e-04
-8.402075618505477905e-04
-8.400473743677139282e-04
-8.399002254009246826e-04
-8.397456258535385132e-04
-8.395966142416000366e-04
-8.394401520490646362e-04
-8.392911404371261597e-04
-8.391328155994415283e-04
-8.389838039875030518e-04
-8.388292044401168823e-04
-8.386652916669845581e-04
-8.385144174098968506e-04
-8.383560925722122192e-04
-8.381959050893783569e-04
-8.380394428968429565e-04
-8.378792554140090942e-04
-8.377153426408767700e-04
-8.375588804483413696e-04
-8.373931050300598145e-04
-8.372310549020767212e-04
-8.370671421289443970e-04
-8.369032293558120728e-04
-8.367374539375305176e-04
-8.365754038095474243e-04
-8.364077657461166382e-04
-8.362364023923873901e-04
-8.360724896192550659e-04
-8.358936756849288940e-04
-8.357316255569458008e-04
-8.355621248483657837e-04
-8.353870362043380737e-04
-8.352193981409072876e-04
-8.350498974323272705e-04
-8.348729461431503296e-04
-8.346904069185256958e-04
-8.345264941453933716e-04
-8.343439549207687378e-04
-8.341670036315917969e-04
-8.339937776327133179e-04
-8.338112384080886841e-04
-8.336361497640609741e-04
-8.334573358297348022e-04
-8.332673460245132446e-04
-8.330922573804855347e-04
-8.329097181558609009e-04
-8.327234536409378052e-04
-8.325390517711639404e-04
-8.323509246110916138e-04
-8.321683853864669800e-04
-8.319746702909469604e-04
-8.317958563566207886e-04
-8.316021412611007690e-04
-8.314196020364761353e-04
-8.312184363603591919e-04
-8.310377597808837891e-04
-8.308347314596176147e-04
-8.306466042995452881e-04
-8.304528892040252686e-04
-8.302610367536544800e-04
-8.300673216581344604e-04
-8.298661559820175171e-04
-8.296687155961990356e-04
-8.294750005006790161e-04
-8.292738348245620728e-04
-8.290726691484451294e-04
-8.288733661174774170e-04
-8.286703377962112427e-04
-8.284635841846466064e-04
-8.282661437988281250e-04
-8.280556648969650269e-04
-8.278544992208480835e-04
-8.276496082544326782e-04
-8.274447172880172729e-04
-8.272342383861541748e-04
-8.270274847745895386e-04
-8.268132805824279785e-04
-8.266009390354156494e-04
-8.263923227787017822e-04
-8.261725306510925293e-04
-8.259583264589309692e-04
-8.257459849119186401e-04
-8.255317807197570801e-04
-8.253194391727447510e-04
-8.250996470451354980e-04
-8.248779922723770142e-04
-8.246619254350662231e-04
-8.244402706623077393e-04
-8.242148905992507935e-04
-8.239969611167907715e-04
-8.237715810537338257e-04
-8.235517889261245728e-04
-8.233264088630676270e-04
-8.230935782194137573e-04
-8.228663355112075806e-04
-8.226428180932998657e-04
-8.224099874496459961e-04
-8.221846073865890503e-04
-8.219517767429351807e-04
-8.217189460992813110e-04
-8.214861154556274414e-04
-8.212458342313766479e-04
-8.210185915231704712e-04
-8.207764476537704468e-04
-8.205343037843704224e-04
-8.202940225601196289e-04
-8.200649172067642212e-04
-8.198209106922149658e-04
-8.195787668228149414e-04
-8.193366229534149170e-04
-8.190982043743133545e-04
-8.188504725694656372e-04
-8.186064660549163818e-04
-8.183587342500686646e-04
-8.181091398000717163e-04
-8.178651332855224609e-04
-8.176118135452270508e-04
-8.173622190952301025e-04
-8.171107620000839233e-04
-8.168574422597885132e-04
-8.166003972291946411e-04
-8.163452148437500000e-04
-8.160900324583053589e-04
-8.158329874277114868e-04
-8.155759423971176147e-04
-8.153170347213745117e-04
-8.150469511747360229e-04
-8.147936314344406128e-04
-8.548311889171600342e-04
-8.547566831111907959e-04
-8.546784520149230957e-04
-8.546020835638046265e-04
-8.545238524675369263e-04
-8.544549345970153809e-04
-8.543729782104492188e-04
-8.542984724044799805e-04
-8.542239665985107422e-04
-8.541364222764968872e-04
-8.540581911802291870e-04
-8.539836853742599487e-04
-8.539054542779922485e-04
-8.538179099559783936e-04
-8.537359535694122314e-04
-8.536595851182937622e-04
-8.535776287317276001e-04
-8.534975349903106689e-04
-8.534118533134460449e-04
-8.533298969268798828e-04
-8.532460778951644897e-04
-8.531603962182998657e-04
-8.530784398317337036e-04
-8.529964834451675415e-04
-8.529014885425567627e-04
-8.528232574462890625e-04
-8.527394384145736694e-04
-8.526463061571121216e-04
-8.525624871253967285e-04
-8.524768054485321045e-04
-8.523855358362197876e-04
-8.523017168045043945e-04
-8.522067219018936157e-04
-8.521135896444320679e-04
-8.520260453224182129e-04
-8.519385010004043579e-04
-8.518509566783905029e-04
-8.517522364854812622e-04
-8.516665548086166382e-04
-8.515696972608566284e-04
-8.514802902936935425e-04
-8.513797074556350708e-04
-8.512903004884719849e-04
-8.511971682310104370e-04
-8.511058986186981201e-04
-8.510109037160873413e-04
-8.509140461683273315e-04
-8.508116006851196289e-04
-8.507240563631057739e-04
-8.506197482347488403e-04
-8.505303412675857544e-04
-8.504260331392288208e-04
-8.503291755914688110e-04
-8.502267301082611084e-04
-8.501280099153518677e-04
-8.500348776578903198e-04
-8.499287068843841553e-04
-8.498299866914749146e-04
-8.497331291437149048e-04
-8.496325463056564331e-04
-8.495263755321502686e-04
-8.494257926940917969e-04
-8.493233472108840942e-04
-8.492190390825271606e-04
-8.491110056638717651e-04
-8.490066975355148315e-04
-8.489023894071578979e-04
-8.487980812788009644e-04
-8.486919105052947998e-04
-8.485857397317886353e-04
-8.484814316034317017e-04
-8.483715355396270752e-04
-8.482709527015686035e-04
-8.481536060571670532e-04
-8.480492979288101196e-04
-8.479412645101547241e-04
-8.478332310914993286e-04
-8.477177470922470093e-04
-8.476097136735916138e-04
-8.475054055452346802e-04
-8.473899215459823608e-04
-8.472744375467300415e-04
-8.471664041280746460e-04
-8.470509201288223267e-04
-8.469354361295700073e-04
-8.468218147754669189e-04
-8.467063307762145996e-04
-8.465852588415145874e-04
-8.464809507131576538e-04
-8.463617414236068726e-04
-8.462481200695037842e-04
-8.461307734251022339e-04
-8.460115641355514526e-04
-8.458979427814483643e-04
-8.457768708467483521e-04
-8.456576615571975708e-04
-8.455384522676467896e-04
-8.454155176877975464e-04
-8.452981710433959961e-04
-8.451770991086959839e-04
-8.450504392385482788e-04
-8.449349552392959595e-04
-8.448138833045959473e-04
-8.446965366601943970e-04
-8.445698767900466919e-04
-8.444413542747497559e-04
-8.443202823400497437e-04
-8.441936224699020386e-04
-8.440725505352020264e-04
-8.439477533102035522e-04
-8.438210934400558472e-04
-8.436944335699081421e-04
-8.435640484094619751e-04
-8.434448391199111938e-04
-8.433144539594650269e-04
-8.431840687990188599e-04
-8.430611342191696167e-04
-8.429307490587234497e-04
-8.427985012531280518e-04
-8.426699787378311157e-04
-8.425433188676834106e-04
-8.424129337072372437e-04
-8.422732353210449219e-04
-8.421428501605987549e-04
-8.420106023550033569e-04
-8.418783545494079590e-04
-8.417479693889617920e-04
-8.416157215833663940e-04
-8.414741605520248413e-04
-8.413363248109817505e-04
-8.412040770053863525e-04
-8.410662412643432617e-04
-8.409302681684494019e-04
-8.407924324274063110e-04
-8.406657725572586060e-04
-8.405242115259170532e-04
-8.403807878494262695e-04
-8.402429521083831787e-04
-8.401069790124893188e-04
-8.399616926908493042e-04
-8.398219943046569824e-04
-8.396822959184646606e-04
-8.395444601774215698e-04
-8.393973112106323242e-04
-8.392538875341415405e-04
-8.391197770833969116e-04
-8.389782160520553589e-04
-8.388329297304153442e-04
-8.386839181184768677e-04
-8.385386317968368530e-04
-8.383989334106445312e-04
-8.382443338632583618e-04
-8.381064981222152710e-04
-8.379481732845306396e-04
-8.378084748983383179e-04
-8.376631885766983032e-04
-8.375048637390136719e-04
-8.373633027076721191e-04
-8.372105658054351807e-04
-8.370652794837951660e-04
-8.369106799364089966e-04
-8.367616683244705200e-04
-8.366107940673828125e-04
-8.364617824554443359e-04
-8.363127708435058594e-04
-8.361581712961196899e-04
-8.360035717487335205e-04
-8.358526974916458130e-04
-8.356999605894088745e-04
-8.355472236871719360e-04
-8.353833109140396118e-04
-8.352305740118026733e-04
-8.350703865289688110e-04
-8.349101990461349487e-04
-8.347574621438980103e-04
-8.346009999513626099e-04
-8.344445377588272095e-04
-8.342880755662918091e-04
-8.341241627931594849e-04
-8.339658379554748535e-04
-8.338075131177902222e-04
-8.336473256349563599e-04
-8.334852755069732666e-04
-8.333232253789901733e-04
-8.331630378961563110e-04
-8.329991251230239868e-04
-8.328370749950408936e-04
-8.326712995767593384e-04
-8.325073868036270142e-04
-8.323416113853454590e-04
-8.321832865476608276e-04
-8.320119231939315796e-04
-8.318424224853515625e-04
-8.316803723573684692e-04
-8.315145969390869141e-04
-8.313469588756561279e-04
-8.311811834573745728e-04
-8.310116827487945557e-04
-8.308403193950653076e-04
-8.306689560413360596e-04
-8.304975926876068115e-04
-8.303280919790267944e-04
-8.301567286252975464e-04
-8.299816399812698364e-04
-8.298233151435852051e-04
-8.296445012092590332e-04
-8.294731378555297852e-04
-8.292924612760543823e-04
-8.291173726320266724e-04
-8.289460092782974243e-04
-8.287727832794189453e-04
-8.285958319902420044e-04
-8.284244686365127563e-04
-8.282437920570373535e-04
-8.280724287033081055e-04
-8.278880268335342407e-04
-8.277073502540588379e-04
-8.275303989648818970e-04
-8.273515850305557251e-04
-8.271709084510803223e-04
-8.269902318716049194e-04
-8.268076926469802856e-04
-8.266307413578033447e-04
-8.264519274234771729e-04
-8.262693881988525391e-04
-8.260849863290786743e-04
-8.259024471044540405e-04
-8.257161825895309448e-04
-8.255299180746078491e-04
-8.253473788499832153e-04
-8.251573890447616577e-04
-8.249748498201370239e-04
-8.247885853052139282e-04
-8.246004581451416016e-04
-8.244123309850692749e-04
-8.242279291152954102e-04
-8.240398019552230835e-04
-8.238460868597030640e-04
-8.236598223447799683e-04
-8.234679698944091797e-04
-8.232872933149337769e-04
-8.230898529291152954e-04
-8.228998631238937378e-04
-8.227061480283737183e-04
-8.225105702877044678e-04
-8.223205804824829102e-04
-8.221212774515151978e-04
-8.219312876462936401e-04
-8.217412978410720825e-04
-8.215438574552536011e-04
-8.213482797145843506e-04
-8.211601525545120239e-04
-8.209589868783950806e-04
-8.207578212022781372e-04
-8.205622434616088867e-04
-8.203666657209396362e-04
-8.201673626899719238e-04
-8.199680596590042114e-04
-8.197631686925888062e-04
-8.195675909519195557e-04
-8.193682879209518433e-04
