-7.203780114650726318e-04
-7.194094359874725342e-04
-7.184408605098724365e-04
-7.174648344516754150e-04
-7.164962589740753174e-04
-7.155202329158782959e-04
-7.145516574382781982e-04
-7.135830819606781006e-04
-7.126145064830780029e-04
-7.116496562957763672e-04
-7.106810808181762695e-04
-7.097162306308746338e-04
-7.087476551532745361e-04
-7.077865302562713623e-04
-7.068216800689697266e-04
-7.058642804622650146e-04
-7.048994302749633789e-04
-7.039271295070648193e-04
-7.029734551906585693e-04
-7.020123302936553955e-04
-7.010437548160552979e-04
-7.000789046287536621e-04
-6.991289556026458740e-04
-6.981641054153442383e-04
-6.971992552280426025e-04
-6.962530314922332764e-04
-6.952919065952301025e-04
-6.943307816982269287e-04
-6.933771073818206787e-04
-6.924159824848175049e-04
-6.914548575878143311e-04
-6.904937326908111572e-04
-6.895437836647033691e-04
-6.885789334774017334e-04
-6.876289844512939453e-04
-6.866715848445892334e-04
-6.857067346572875977e-04
-6.847493350505828857e-04
-6.837993860244750977e-04
-6.828419864177703857e-04
-6.818808615207672119e-04
-6.809234619140625000e-04
-6.799660623073577881e-04
-6.790049374103546143e-04
-6.780512630939483643e-04
-6.770826876163482666e-04
-6.761327385902404785e-04
-6.751753389835357666e-04
-6.742067635059356689e-04
-6.732530891895294189e-04
-6.722994148731231689e-04
-6.713271141052246094e-04
-6.703659892082214355e-04
-6.694085896015167236e-04
-6.684400141239166260e-04
-6.674826145172119141e-04
-6.665214896202087402e-04
-6.655566394329071045e-04
-6.645955145359039307e-04
-6.636232137680053711e-04
-6.626546382904052734e-04
-6.616897881031036377e-04
-6.607249379158020020e-04
-6.597600877285003662e-04
-6.587915122509002686e-04
-6.578192114830017090e-04
-6.568543612957000732e-04
-6.558783352375030518e-04
-6.548985838890075684e-04
-6.539337337017059326e-04
-6.529577076435089111e-04
-6.519854068756103516e-04
-6.510056555271148682e-04
-6.500370800495147705e-04
-6.490610539913177490e-04
-6.480775773525238037e-04
-6.470978260040283203e-04
-6.461143493652343750e-04
-6.451271474361419678e-04
-6.441511213779449463e-04
-6.431601941585540771e-04
-6.421767175197601318e-04
-6.411895155906677246e-04
-6.401985883712768555e-04
-6.392113864421844482e-04
-6.382055580615997314e-04
-6.372258067131042480e-04
-6.362237036228179932e-04
-6.352327764034271240e-04
-6.342343986034393311e-04
-6.332322955131530762e-04
-6.322301924228668213e-04
-6.312318146228790283e-04
-6.302259862422943115e-04
-6.292238831520080566e-04
-6.282106041908264160e-04
-6.272085011005401611e-04
-6.261877715587615967e-04
-6.251893937587738037e-04
-6.241649389266967773e-04
-6.231553852558135986e-04
-6.221383810043334961e-04
-6.211102008819580078e-04
-6.200931966304779053e-04
-6.190724670886993408e-04
-6.180442869663238525e-04
-6.170086562633514404e-04
-6.159842014312744141e-04
-6.149485707283020020e-04
-6.139166653156280518e-04
-6.128884851932525635e-04
-6.118416786193847656e-04
-6.108023226261138916e-04
-6.097592413425445557e-04
-6.087161600589752197e-04
-6.076730787754058838e-04
-6.066188216209411621e-04
-6.055645644664764404e-04
-6.045140326023101807e-04
-6.034597754478454590e-04
-6.023943424224853516e-04
-6.013475358486175537e-04
-6.002746522426605225e-04
-5.992129445075988770e-04
-5.981400609016418457e-04
-5.970709025859832764e-04
-5.959942936897277832e-04
-5.949176847934722900e-04
-5.938373506069183350e-04
-5.927570164203643799e-04
-5.916766822338104248e-04
-5.905888974666595459e-04
-5.895011126995086670e-04
-5.884058773517608643e-04
-5.873106420040130615e-04
-5.862116813659667969e-04
-5.851052701473236084e-04
-5.840063095092773438e-04
-5.828998982906341553e-04
-5.817897617816925049e-04
-5.806721746921539307e-04
-5.795545876026153564e-04
-5.784370005130767822e-04
-5.773156881332397461e-04
-5.761943757534027100e-04
-5.750656127929687500e-04
-5.739293992519378662e-04
-5.727894604206085205e-04
-5.716532468795776367e-04
-5.705133080482482910e-04
-5.693621933460235596e-04
-5.682110786437988281e-04
-5.670711398124694824e-04
-5.659051239490509033e-04
-5.647502839565277100e-04
-5.635842680931091309e-04
-5.624219775199890137e-04
-5.612559616565704346e-04
-5.600824952125549316e-04
-5.589053034782409668e-04
-5.577206611633300781e-04
-5.565397441387176514e-04
-5.553551018238067627e-04
-5.541630089282989502e-04
-5.529783666133880615e-04
-5.517713725566864014e-04
-5.505718290805816650e-04
-5.493648350238800049e-04
-5.481541156768798828e-04
-5.469433963298797607e-04
-5.457252264022827148e-04
-5.445033311843872070e-04
-5.432851612567901611e-04
-5.420446395874023438e-04
-5.408152937889099121e-04
-5.395710468292236328e-04
-5.383305251598358154e-04
-5.370825529098510742e-04
-5.358383059501647949e-04
-5.345828831195831299e-04
-5.333237349987030029e-04
-5.320645868778228760e-04
-5.307979881763458252e-04
-5.295239388942718506e-04
-5.282573401927947998e-04
-5.269683897495269775e-04
-5.256868898868560791e-04
-5.243904888629913330e-04
-5.231089890003204346e-04
-5.218088626861572266e-04
-5.205124616622924805e-04
-5.192011594772338867e-04
-5.178935825824737549e-04
-5.165711045265197754e-04
-5.152560770511627197e-04
-5.139298737049102783e-04
-5.126036703586578369e-04
-5.112662911415100098e-04
-5.099289119243621826e-04
-5.085840821266174316e-04
-5.072355270385742188e-04
-5.058906972408294678e-04
-5.045272409915924072e-04
-5.031637847423553467e-04
-5.018003284931182861e-04
-5.004256963729858398e-04
-4.990510642528533936e-04
-4.976652562618255615e-04
-4.962757229804992676e-04
-4.948861896991729736e-04
-4.934892058372497559e-04
-4.920847713947296143e-04
-4.906840622425079346e-04
-4.892759025096893311e-04
-4.878565669059753418e-04
-4.864335060119628906e-04
-4.850029945373535156e-04
-4.835650324821472168e-04
-4.821307957172393799e-04
-4.806928336620330811e-04
-4.792325198650360107e-04
-4.777796566486358643e-04
-4.763267934322357178e-04
-4.748590290546417236e-04
-4.733949899673461914e-04
-4.719160497188568115e-04
-4.704333841800689697e-04
-4.689469933509826660e-04
-4.674568772315979004e-04
-4.659630358219146729e-04
-4.644580185413360596e-04
-4.629530012607574463e-04
-4.614368081092834473e-04
-4.599206149578094482e-04
-4.583969712257385254e-04
-4.568658769130706787e-04
-4.553236067295074463e-04
-4.537813365459442139e-04
-4.522316157817840576e-04
-4.506856203079223633e-04
-4.491284489631652832e-04
-4.475563764572143555e-04
-4.459880292415618896e-04
-4.444159567356109619e-04
-4.428327083587646484e-04
-4.412531852722167969e-04
-4.396513104438781738e-04
-4.380494356155395508e-04
-4.364512860774993896e-04
-4.348345100879669189e-04
-4.332177340984344482e-04
-4.315935075283050537e-04
-4.299730062484741211e-04
-4.283301532268524170e-04
-4.266947507858276367e-04
-4.250444471836090088e-04
-4.233978688716888428e-04
-4.217363893985748291e-04
-4.200711846351623535e-04
-4.184097051620483398e-04
-4.167221486568450928e-04
-7.203780114650726318e-04
-7.194094359874725342e-04
-7.184334099292755127e-04
-7.174648344516754150e-04
-7.164962589740753174e-04
-7.155202329158782959e-04
-7.145442068576812744e-04
-7.135905325412750244e-04
-7.126182317733764648e-04
-7.116533815860748291e-04
-7.106848061084747314e-04
-7.097199559211730957e-04
-7.087588310241699219e-04
-7.078014314174652100e-04
-7.068291306495666504e-04
-7.058791816234588623e-04
-7.049143314361572266e-04
-7.039494812488555908e-04
-7.029995322227478027e-04
-7.020421326160430908e-04
-7.010810077190399170e-04
-7.001273334026336670e-04
-6.991662085056304932e-04
-6.982199847698211670e-04
-6.972663104534149170e-04
-6.963200867176055908e-04
-6.953701376914978027e-04
-6.944164633750915527e-04
-6.934702396392822266e-04
-6.925202906131744385e-04
-6.915740668773651123e-04
-6.906315684318542480e-04
-6.896890699863433838e-04
-6.887428462505340576e-04
-6.877928972244262695e-04
-6.868578493595123291e-04
-6.859153509140014648e-04
-6.849765777587890625e-04
-6.840340793132781982e-04
-6.830990314483642578e-04
-6.821565330028533936e-04
-6.812177598476409912e-04
-6.802864372730255127e-04
-6.793551146984100342e-04
-6.784200668334960938e-04
-6.774887442588806152e-04
-6.765462458133697510e-04
-6.756149232387542725e-04
-6.746947765350341797e-04
-6.737634539604187012e-04
-6.728395819664001465e-04
-6.719045341014862061e-04
-6.709769368171691895e-04
-6.700493395328521729e-04
-6.691366434097290039e-04
-6.682090461254119873e-04
-6.672777235507965088e-04
-6.663613021373748779e-04
-6.654374301433563232e-04
-6.645210087299346924e-04
-6.636008620262145996e-04
-6.626881659030914307e-04
-6.617680191993713379e-04
-6.608478724956512451e-04
-6.599351763725280762e-04
-6.590113043785095215e-04
-6.581060588359832764e-04
-6.571896374225616455e-04
-6.562769412994384766e-04
-6.553642451763153076e-04
-6.544552743434906006e-04
-6.535500288009643555e-04
-6.526373326778411865e-04
-6.517283618450164795e-04
-6.508193910121917725e-04
-6.499104201793670654e-04
-6.490014493465423584e-04
-6.481036543846130371e-04
-6.472058594226837158e-04
-6.462968885898590088e-04
-6.453879177570343018e-04
-6.444938480854034424e-04
-6.435997784137725830e-04
-6.426908075809478760e-04
-6.417967379093170166e-04
-6.408989429473876953e-04
-6.400011479854583740e-04
-6.391033530235290527e-04
-6.382130086421966553e-04
-6.373189389705657959e-04
-6.364248692989349365e-04
-6.355382502079010010e-04
-6.346367299556732178e-04
-6.337426602840423584e-04
-6.328560411930084229e-04
-6.319619715213775635e-04
-6.310753524303436279e-04
-6.301924586296081543e-04
-6.293021142482757568e-04
-6.284154951572418213e-04
-6.275363266468048096e-04
-6.266459822654724121e-04
-6.257630884647369385e-04
-6.248801946640014648e-04
-6.240010261535644531e-04
-6.231181323528289795e-04
-6.222352385520935059e-04
-6.213560700416564941e-04
-6.204806268215179443e-04
-6.196014583110809326e-04
-6.187260150909423828e-04
-6.178505718708038330e-04
-6.169714033603668213e-04
-6.161034107208251953e-04
-6.152316927909851074e-04
-6.143487989902496338e-04
-6.134770810604095459e-04
-6.126053631305694580e-04
-6.117336452007293701e-04
-6.108656525611877441e-04
-6.099976599216461182e-04
-6.091259419918060303e-04
-6.082691252231597900e-04
-6.073974072933197021e-04
-6.065331399440765381e-04
-6.056576967239379883e-04
-6.048008799552917480e-04
-6.039328873157501221e-04
-6.030723452568054199e-04
-6.022118031978607178e-04
-6.013512611389160156e-04
-6.004907190799713135e-04
-5.996264517307281494e-04
-5.987733602523803711e-04
-5.979053676128387451e-04
-5.970485508441925049e-04
-5.961991846561431885e-04
-5.953423678874969482e-04
-5.944855511188507080e-04
-5.936287343502044678e-04
-5.927719175815582275e-04
-5.919225513935089111e-04
-5.910731852054595947e-04
-5.902163684368133545e-04
-5.893632769584655762e-04
-5.885213613510131836e-04
-5.876570940017700195e-04
-5.868226289749145508e-04
-5.859769880771636963e-04
-5.851276218891143799e-04
-5.842745304107666016e-04
-5.834288895130157471e-04
-5.825869739055633545e-04
-5.817450582981109619e-04
-5.808994174003601074e-04
-5.800575017929077148e-04
-5.792193114757537842e-04
-5.783699452877044678e-04
-5.775280296802520752e-04
-5.766898393630981445e-04
-5.758479237556457520e-04
-5.750134587287902832e-04
-5.741827189922332764e-04
-5.733370780944824219e-04
-5.725026130676269531e-04
-5.716644227504730225e-04
-5.708262324333190918e-04
-5.699954926967620850e-04
-5.691647529602050781e-04
-5.683302879333496094e-04
-5.674995481967926025e-04
-5.666688084602355957e-04
-5.658380687236785889e-04
-5.650036036968231201e-04
-5.641728639602661133e-04
-5.633421242237091064e-04
-5.625225603580474854e-04
-5.616918206214904785e-04
-5.608573555946350098e-04
-5.600340664386749268e-04
-5.592145025730133057e-04
-5.583837628364562988e-04
-5.575604736804962158e-04
-5.567334592342376709e-04
-5.559138953685760498e-04
-5.550943315029144287e-04
-5.542710423469543457e-04
-5.534552037715911865e-04
-5.526281893253326416e-04
-5.518011748790740967e-04
-5.509890615940093994e-04
-5.501769483089447021e-04
-5.493536591529846191e-04
-5.485378205776214600e-04
-5.477182567119598389e-04
-5.469024181365966797e-04
-5.460940301418304443e-04
-5.452744662761688232e-04
-5.444586277008056641e-04
-5.436465144157409668e-04
-5.428344011306762695e-04
-5.420222878456115723e-04
-5.412101745605468750e-04
-5.403943359851837158e-04
-5.395896732807159424e-04
-5.387812852859497070e-04
-5.379728972911834717e-04
-5.371645092964172363e-04
-5.363561213016510010e-04
-5.355440080165863037e-04
-5.347393453121185303e-04
-5.339421331882476807e-04
-5.331300199031829834e-04
-5.323290824890136719e-04
-5.315206944942474365e-04
-5.307197570800781250e-04
-5.299113690853118896e-04
-5.291067063808441162e-04
-5.282983183860778809e-04
-5.275011062622070312e-04
-5.267001688480377197e-04
-5.259066820144653320e-04
-5.250982940196990967e-04
-5.243085324764251709e-04
-5.235113203525543213e-04
-5.227103829383850098e-04
-5.219168961048126221e-04
-5.211122334003448486e-04
-5.203261971473693848e-04
-5.195252597332000732e-04
-5.187280476093292236e-04
-5.179308354854583740e-04
-5.171373486518859863e-04
-5.163513123989105225e-04
-5.155615508556365967e-04
-5.147643387317657471e-04
-5.139671266078948975e-04
-5.131810903549194336e-04
-5.123876035213470459e-04
-5.116015672683715820e-04
-5.108118057250976562e-04
-5.100257694721221924e-04
-5.092285573482513428e-04
-5.084462463855743408e-04
-5.076564848423004150e-04
-5.068667232990264893e-04
-5.060844123363494873e-04
-5.052946507930755615e-04
-5.045123398303985596e-04
-5.037263035774230957e-04
-5.029402673244476318e-04
-5.021616816520690918e-04
-5.013793706893920898e-04
-5.005896091461181641e-04
-4.998110234737396240e-04
-4.990249872207641602e-04
-4.982464015483856201e-04
-4.974715411663055420e-04
-4.966892302036285400e-04
-4.959069192409515381e-04
-4.951283335685729980e-04
