4.180241376161575317e-02
4.170348495244979858e-02
4.160435870289802551e-02
4.150503501296043396e-02
4.140549898147583008e-02
4.130575060844421387e-02
4.120579361915588379e-02
4.110564664006233215e-02
4.100527614355087280e-02
4.090471565723419189e-02
4.080393910408020020e-02
4.070296883583068848e-02
4.060179740190505981e-02
4.050042107701301575e-02
4.039885476231575012e-02
4.029707238078117371e-02
4.019508883357048035e-02
4.009291902184486389e-02
3.999054804444313049e-02
3.988797962665557861e-02
3.978520631790161133e-02
3.968224674463272095e-02
3.957908228039741516e-02
3.947573900222778320e-02
3.937217965722084045e-02
3.926843032240867615e-02
3.916448727250099182e-02
3.906036168336868286e-02
3.895603865385055542e-02
3.885152190923690796e-02
3.874681144952774048e-02
3.864192217588424683e-02
3.853684663772583008e-02
3.843156993389129639e-02
3.832610696554183960e-02
3.822045400738716125e-02
3.811462596058845520e-02
3.800860792398452759e-02
3.790241852402687073e-02
3.779602795839309692e-02
3.768945857882499695e-02
3.758271038532257080e-02
3.747578337788581848e-02
3.736866638064384460e-02
3.726137056946754456e-02
3.715391084551811218e-02
3.704626485705375671e-02
3.693844750523567200e-02
3.683044761419296265e-02
3.672228008508682251e-02
3.661393746733665466e-02
3.650540485978126526e-02
3.639672324061393738e-02
3.628786280751228333e-02
3.617882728576660156e-02
3.606963530182838440e-02
3.596027195453643799e-02
3.585072979331016541e-02
3.574103489518165588e-02
3.563116490840911865e-02
3.552113100886344910e-02
3.541094064712524414e-02
3.530057892203330994e-02
3.519005700945854187e-02
3.507939353585243225e-02
3.496854752302169800e-02
3.485755994915962219e-02
3.474640846252441406e-02
3.463509678840637207e-02
3.452365100383758545e-02
3.441202640533447266e-02
3.430025652050971985e-02
3.418834507465362549e-02
3.407627716660499573e-02
3.396406769752502441e-02
3.385169431567192078e-02
3.373918682336807251e-02
3.362653404474258423e-02
3.351372852921485901e-02
3.340078517794609070e-02
3.328770399093627930e-02
3.317448124289512634e-02
3.306111693382263184e-02
3.294761106371879578e-02
3.283397108316421509e-02
3.272018581628799438e-02
3.260628879070281982e-02
3.249224647879600525e-02
3.237805515527725220e-02
3.226374834775924683e-02
3.214932233095169067e-02
3.203475102782249451e-02
3.192006051540374756e-02
3.180524706840515137e-02
3.169031068682670593e-02
3.157524392008781433e-02
3.146005421876907349e-02
3.134475275874137878e-02
3.122932463884353638e-02
3.111377730965614319e-02
3.099812194705009460e-02
3.088235482573509216e-02
3.076646849513053894e-02
3.065047040581703186e-02
3.053436055779457092e-02
3.041813522577285767e-02
3.030182048678398132e-02
3.018538653850555420e-02
3.006884455680847168e-02
2.995220199227333069e-02
2.983546629548072815e-02
2.971861883997917175e-02
2.960167825222015381e-02
2.948462590575218201e-02
2.936749905347824097e-02
2.925026416778564453e-02
2.913293614983558655e-02
2.901552245020866394e-02
2.889800816774368286e-02
2.878041192889213562e-02
2.866273373365402222e-02
2.854495868086814880e-02
2.842710912227630615e-02
2.830916643142700195e-02
2.819114550948143005e-02
2.807305008172988892e-02
2.795487269759178162e-02
2.783662453293800354e-02
2.771829813718795776e-02
2.759989351034164429e-02
2.748142182826995850e-02
2.736287191510200500e-02
2.724425122141838074e-02
2.712557837367057800e-02
2.700682356953620911e-02
2.688802406191825867e-02
2.676914259791374207e-02
2.665021270513534546e-02
2.653121203184127808e-02
2.641215920448303223e-02
2.629305049777030945e-02
2.617388591170310974e-02
2.605466917157173157e-02
2.593540027737617493e-02
2.581608667969703674e-02
2.569672465324401855e-02
2.557731047272682190e-02
2.545785903930664062e-02
2.533835172653198242e-02
2.521881461143493652e-02
2.509922534227371216e-02
2.497960999608039856e-02
2.485995739698410034e-02
2.474026754498481750e-02
2.462054044008255005e-02
2.450078353285789490e-02
2.438100799918174744e-02
2.426118403673171997e-02
2.414134889841079712e-02
2.402148023247718811e-02
2.390158548951148987e-02
2.378168329596519470e-02
2.366174757480621338e-02
2.354180067777633667e-02
2.342183515429496765e-02
2.330185100436210632e-02
2.318185940384864807e-02
2.306185290217399597e-02
2.294183894991874695e-02
2.282181754708290100e-02
2.270179241895675659e-02
2.258174866437911987e-02
2.246171981096267700e-02
2.234167605638504028e-02
2.222164347767829895e-02
2.210160717368125916e-02
2.198157086968421936e-02
2.186154946684837341e-02
2.174153178930282593e-02
2.162151783704757690e-02
2.150150761008262634e-02
2.138152346014976501e-02
2.126154676079750061e-02
2.114159241318702698e-02
2.102164551615715027e-02
2.090173214673995972e-02
2.078182995319366455e-02
2.066194638609886169e-02
2.054209634661674500e-02
2.042226493358612061e-02
2.030245587229728699e-02
2.018268778920173645e-02
2.006294578313827515e-02
1.994323357939720154e-02
1.982355862855911255e-02
1.970392465591430664e-02
1.958431676030158997e-02
1.946475729346275330e-02
1.934523880481719971e-02
1.922575011849403381e-02
1.910632103681564331e-02
1.898693665862083435e-02
1.886759325861930847e-02
1.874830201268196106e-02
1.862906292080879211e-02
1.850987598299980164e-02
1.839074119925498962e-02
1.827166602015495300e-02
1.815264672040939331e-02
1.803367957472801208e-02
1.791478693485260010e-02
1.779594644904136658e-02
1.767716929316520691e-02
1.755846291780471802e-02
1.743981987237930298e-02
1.732125133275985718e-02
1.720275357365608215e-02
1.708432286977767944e-02
1.696597039699554443e-02
1.684769615530967712e-02
1.672948896884918213e-02
1.661136373877525330e-02
1.649332419037818909e-02
1.637536659836769104e-02
1.625749096274375916e-02
1.613969355821609497e-02
1.602199301123619080e-02
1.590437442064285278e-02
1.578684523701667786e-02
1.566940918564796448e-02
1.555206533521413803e-02
1.543482113629579544e-02
1.531766448169946671e-02
1.520060654729604721e-02
1.508365850895643234e-02
1.496679987758398056e-02
1.485004555433988571e-02
1.473339553922414780e-02
1.461685728281736374e-02
1.450041215866804123e-02
1.438408810645341873e-02
1.426786277443170547e-02
1.415175292640924454e-02
1.403575856238603592e-02
1.391987409442663193e-02
1.380411069840192795e-02
1.368846278637647629e-02
1.357293035835027695e-02
1.345752272754907608e-02
1.334223058074712753e-02
1.322706323117017746e-02
1.311201322823762894e-02
1.299709919840097427e-02
1.288230437785387039e-02
1.276765111833810806e-02
1.265311520546674728e-02
1.253871712833642960e-02
1.242444943636655807e-02
1.231030840426683426e-02
1.219631079584360123e-02
1.208245102316141129e-02
4.180241376161575317e-02
4.170348495244979858e-02
4.160435870289802551e-02
4.150503501296043396e-02
4.140550270676612854e-02
4.130575060844421387e-02
4.120579361915588379e-02
4.110564664006233215e-02
4.100527614355087280e-02
4.090471565723419189e-02
4.080393910408020020e-02
4.070296138525009155e-02
4.060179367661476135e-02
4.050041735172271729e-02
4.039883986115455627e-02
4.029706865549087524e-02
4.019508510828018188e-02
4.009291157126426697e-02
3.999054059386253357e-02
3.988794982433319092e-02
3.978518769145011902e-02
3.968222439289093018e-02
3.957905620336532593e-02
3.947569802403450012e-02
3.937213495373725891e-02
3.926838934421539307e-02
3.916443884372711182e-02
3.906030952930450439e-02
3.895597159862518311e-02
3.885144740343093872e-02
3.874674439430236816e-02
3.864184394478797913e-02
3.853674978017807007e-02
3.843146190047264099e-02
3.832599520683288574e-02
3.822034224867820740e-02
3.811449930071830750e-02
3.800847753882408142e-02
3.790226206183433533e-02
3.779585659503936768e-02
3.768927976489067078e-02
3.758251294493675232e-02
3.747558221220970154e-02
3.736845403909683228e-02
3.726114705204963684e-02
3.715366125106811523e-02
3.704599663615226746e-02
3.693815693259239197e-02
3.683013841509819031e-02
3.672195971012115479e-02
3.661358356475830078e-02
3.650503978133201599e-02
3.639633208513259888e-02
3.628743812441825867e-02
3.617838025093078613e-02
3.606915846467018127e-02
3.595976158976554871e-02
3.585020452737808228e-02
3.574047610163688660e-02
3.563057631254196167e-02
3.552051261067390442e-02
3.541028127074241638e-02
3.529990091919898987e-02
3.518934920430183411e-02
3.507862985134124756e-02
3.496776893734931946e-02
3.485672920942306519e-02
3.474554792046546936e-02
3.463419899344444275e-02
3.452269360423088074e-02
3.441104292869567871e-02
3.429923579096794128e-02
3.418726101517677307e-02
3.407514840364456177e-02
3.396288305521011353e-02
3.385046496987342834e-02
3.373790904879570007e-02
3.362521156668663025e-02
3.351235762238502502e-02
3.339935094118118286e-02
3.328621014952659607e-02
3.317292779684066772e-02
3.305951133370399475e-02
3.294594213366508484e-02
3.283223882317543030e-02
3.271840140223503113e-02
3.260441869497299194e-02
3.249031305313110352e-02
3.237606585025787354e-02
3.226168453693389893e-02
3.214718028903007507e-02
3.203253820538520813e-02
3.191777691245079041e-02
3.180288150906562805e-02
3.168786689639091492e-02
3.157271817326545715e-02
3.145745024085044861e-02
3.134205937385559082e-02
3.122655674815177917e-02
3.111092373728752136e-02
3.099517524242401123e-02
3.087931126356124878e-02
3.076333552598953247e-02
3.064723312854766846e-02
3.053103014826774597e-02
3.041471168398857117e-02
3.029829263687133789e-02
3.018175438046455383e-02
3.006511554121971130e-02
2.994837239384651184e-02
2.983152121305465698e-02
2.971456199884414673e-02
2.959750592708587646e-02
2.948035299777984619e-02
2.936310321092605591e-02
2.924574539065361023e-02
2.912830188870429993e-02
2.901076152920722961e-02
2.889312431216239929e-02
2.877540513873100281e-02
2.865759655833244324e-02
2.853968739509582520e-02
2.842170000076293945e-02
2.830363437533378601e-02
2.818547561764717102e-02
2.806724235415458679e-02
2.794891595840454102e-02
2.783052623271942139e-02
2.771203964948654175e-02
2.759350091218948364e-02
2.747486531734466553e-02
2.735617384314537048e-02
2.723740413784980774e-02
2.711855992674827576e-02
2.699965611100196838e-02
2.688068896532058716e-02
2.676164358854293823e-02
2.664253488183021545e-02
2.652338147163391113e-02
2.640415728092193604e-02
2.628487721085548401e-02
2.616552636027336121e-02
2.604613825678825378e-02
2.592669427394866943e-02
2.580718696117401123e-02
2.568763494491577148e-02
2.556804195046424866e-02
2.544838562607765198e-02
2.532868832349777222e-02
2.520895004272460938e-02
2.508917823433876038e-02
2.496935799717903137e-02
2.484950795769691467e-02
2.472959458827972412e-02
2.460967004299163818e-02
2.448970079421997070e-02
2.436969429254531860e-02
2.424966916441917419e-02
2.412960305809974670e-02
2.400952577590942383e-02
2.388941124081611633e-02
2.376927062869071960e-02
2.364911511540412903e-02
2.352893352508544922e-02
2.340874075889587402e-02
2.328851446509361267e-02
2.316828817129135132e-02
2.304804325103759766e-02
2.292777970433235168e-02
2.280751243233680725e-02
2.268722653388977051e-02
2.256694436073303223e-02
2.244664728641510010e-02
2.232636138796806335e-02
2.220606058835983276e-02
2.208575978875160217e-02
2.196545526385307312e-02
2.184516936540603638e-02
2.172487229108810425e-02
2.160458639264106750e-02
2.148432284593582153e-02
2.136405184864997864e-02
2.124378830194473267e-02
2.112355083227157593e-02
2.100332081317901611e-02
2.088311314582824707e-02
2.076292037963867188e-02
2.064274251461029053e-02
2.052259072661399841e-02
2.040246501564979553e-02
2.028236165642738342e-02
2.016228437423706055e-02
2.004223316907882690e-02
1.992221549153327942e-02
1.980223134160041809e-02
1.968226581811904907e-02
1.956234499812126160e-02
1.944246515631675720e-02
1.932262629270553589e-02
1.920281723141670227e-02
1.908305287361145020e-02
1.896333321928977966e-02
1.884366944432258606e-02
1.872403174638748169e-02
1.860444992780685425e-02
1.848492398858070374e-02
1.836544647812843323e-02
1.824602112174034119e-02
1.812665164470672607e-02
1.800733432173728943e-02
1.788808777928352356e-02
1.776889339089393616e-02
1.764975860714912415e-02
1.753069460391998291e-02
1.741168648004531860e-02
1.729274541139602661e-02
1.717387512326240540e-02
1.705508306622505188e-02
1.693635061383247375e-02
1.681770011782646179e-02
1.669911667704582214e-02
1.658060774207115173e-02
1.646218076348304749e-02
1.634383574128150940e-02
1.622557267546653748e-02
1.610738411545753479e-02
1.598928868770599365e-02
1.587127149105072021e-02
1.575334370136260986e-02
1.563551276922225952e-02
1.551776658743619919e-02
1.540010329335927963e-02
1.528254430741071701e-02
1.516508031636476517e-02
1.504771877080202103e-02
1.493044476956129074e-02
1.481326762586832047e-02
1.469620596617460251e-02
1.457924675196409225e-02
1.446237508207559586e-02
1.434562075883150101e-02
1.422897446900606155e-02
1.411243248730897903e-02
1.399600785225629807e-02
1.387969125062227249e-02
1.376348827034235001e-02
1.364739518612623215e-02
1.353141758590936661e-02
1.341556478291749954e-02
1.329982187598943710e-02
1.318422053009271622e-02
1.306872535496950150e-02
1.295334752649068832e-02
1.283809635788202286e-02
1.272299420088529587e-02
1.260799262672662735e-02
1.249313633888959885e-02
1.237839739769697189e-02
1.226379815489053726e-02
1.214933488517999649e-02
1.203500386327505112e-02
