-1.227894797921180725e-03
-1.166941598057746887e-03
-1.105463132262229919e-03
-1.043437048792839050e-03
-9.808838367462158203e-04
-9.177718311548233032e-04
-8.541028946638107300e-04
-7.898770272731781006e-04
-7.250942289829254150e-04
-6.597153842449188232e-04
-5.937684327363967896e-04
-5.272347480058670044e-04
-4.601031541824340820e-04
-3.923550248146057129e-04
-3.240015357732772827e-04
-2.550352364778518677e-04
-1.854617148637771606e-04
-1.152437180280685425e-04
-4.438310861587524414e-05
2.712197601795196533e-05
9.928084909915924072e-05
1.720860600471496582e-04
2.455636858940124512e-04
3.197342157363891602e-04
3.945566713809967041e-04
4.700925201177597046e-04
5.463194102048873901e-04
6.232671439647674561e-04
7.009021937847137451e-04
7.792841643095016479e-04
8.583795279264450073e-04
9.382199496030807495e-04
1.018816605210304260e-03
1.100171357393264771e-03
1.182278618216514587e-03
1.265162602066993713e-03
1.348836347460746765e-03
1.433290541172027588e-03
1.518558710813522339e-03
1.604605466127395630e-03
1.691505312919616699e-03
1.779209822416305542e-03
1.867759972810745239e-03
1.957142725586891174e-03
2.047408372163772583e-03
2.138514071702957153e-03
2.230506390333175659e-03
2.323361113667488098e-03
2.417143434286117554e-03
2.511806786060333252e-03
2.607394009828567505e-03
2.703886479139328003e-03
2.801334485411643982e-03
2.899702638387680054e-03
2.999026328325271606e-03
3.099331632256507874e-03
3.200601786375045776e-03
3.302874043583869934e-03
3.406109288334846497e-03
3.510376438498497009e-03
3.615647554397583008e-03
3.721950575709342957e-03
3.829285502433776855e-03
3.937670961022377014e-03
4.047134891152381897e-03
4.157645627856254578e-03
4.269247874617576599e-03
4.381934180855751038e-03
4.495743662118911743e-03
4.610659554600715637e-03
4.726700484752655029e-03
4.843892529606819153e-03
4.962230101227760315e-03
5.081741139292716980e-03
5.202412605285644531e-03
5.324270576238632202e-03
5.447331815958023071e-03
5.571605637669563293e-03
5.697095766663551331e-03
5.823835730552673340e-03
5.951812490820884705e-03
6.081040948629379272e-03
6.211549043655395508e-03
6.343340501189231873e-03
6.476435810327529907e-03
6.610833108425140381e-03
6.746558472514152527e-03
6.883597001433372498e-03
7.022004574537277222e-03
7.161764428019523621e-03
7.302900776267051697e-03
7.445406168699264526e-03
7.589321583509445190e-03
7.734652608633041382e-03
7.881395518779754639e-03
8.029580116271972656e-03
8.179221302270889282e-03
8.330315351486206055e-03
8.482882753014564514e-03
8.636947721242904663e-03
8.792504668235778809e-03
8.949590846896171570e-03
9.108193218708038330e-03
9.268345311284065247e-03
9.430043399333953857e-03
9.593304246664047241e-03
9.758161380887031555e-03
9.924609214067459106e-03
1.009266264736652374e-02
1.026232913136482239e-02
1.043364964425563812e-02
1.060659997165203094e-02
1.078122109174728394e-02
1.095750369131565094e-02
1.113548502326011658e-02
1.131515391170978546e-02
1.149654760956764221e-02
1.167967543005943298e-02
1.186453178524971008e-02
1.205113902688026428e-02
1.223950833082199097e-02
1.242967322468757629e-02
1.262162998318672180e-02
1.281540095806121826e-02
1.301094144582748413e-02
1.320836320519447327e-02
1.340761408209800720e-02
1.360872760415077209e-02
1.381169632077217102e-02
1.401656866073608398e-02
1.422331854701042175e-02
1.443197205662727356e-02
1.464257016777992249e-02
1.485508307814598083e-02
1.506954059004783630e-02
1.528596878051757812e-02
1.550435647368431091e-02
1.572472974658012390e-02
1.594708487391471863e-02
1.617147773504257202e-02
1.639785990118980408e-02
1.662627980113029480e-02
1.685674116015434265e-02
1.708925887942314148e-02
1.732382550835609436e-02
1.756048575043678284e-02
1.779922842979431152e-02
1.804006099700927734e-02
1.828300580382347107e-02
1.852807775139808655e-02
1.877525076270103455e-02
1.902459934353828430e-02
1.927607133984565735e-02
1.952971890568733215e-02
1.978553086519241333e-02
2.004352584481239319e-02
2.030370756983757019e-02
2.056609094142913818e-02
2.083067968487739563e-02
2.109747380018234253e-02
2.136649936437606812e-02
2.163777872920036316e-02
2.191127836704254150e-02
2.218703180551528931e-02
2.246505394577980042e-02
2.274533733725547791e-02
2.302788570523262024e-02
2.331272885203361511e-02
2.359985932707786560e-02
2.388928085565567017e-02
2.418101951479911804e-02
2.447506040334701538e-02
2.477141097187995911e-02
2.507006749510765076e-02
2.537107095122337341e-02
2.567439898848533630e-02
2.598005905747413635e-02
2.628807723522186279e-02
2.659843862056732178e-02
2.691113576292991638e-02
2.722620964050292969e-02
2.754363045096397400e-02
2.786340191960334778e-02
2.818555757403373718e-02
2.851008251309394836e-02
2.883696928620338440e-02
2.916624024510383606e-02
2.949787303805351257e-02
2.983188256621360779e-02
3.016829863190650940e-02
3.050706163048744202e-02
3.084820136427879333e-02
3.119176998734474182e-02
3.153767064213752747e-02
3.188598528504371643e-02
3.223664686083793640e-02
3.258970752358436584e-02
3.294514492154121399e-02
3.330295905470848083e-02
3.366314247250556946e-02
3.402570262551307678e-02
3.439062088727951050e-02
3.475793451070785522e-02
3.512758389115333557e-02
3.549962118268013000e-02
3.587399050593376160e-02
3.625069931149482727e-02
3.662978485226631165e-02
3.701119497418403625e-02
3.739495202898979187e-02
3.778104111552238464e-02
3.816944733262062073e-02
3.856017068028450012e-02
3.895321488380432129e-02
3.934854641556739807e-02
3.974619880318641663e-02
4.014612361788749695e-02
4.054832085967063904e-02
4.095279797911643982e-02
4.135954380035400391e-02
4.176851734519004822e-02
4.217974469065666199e-02
4.259320721030235291e-02
4.300889000296592712e-02
4.342680051922798157e-02
4.384690895676612854e-02
4.426915571093559265e-02
4.469362273812294006e-02
4.512023553252220154e-02
4.554900899529457092e-02
4.597992822527885437e-02
4.641291871666908264e-02
4.684808477759361267e-02
4.728529974818229675e-02
4.772461578249931335e-02
4.816597327589988708e-02
4.860940948128700256e-02
4.905485734343528748e-02
4.950233921408653259e-02
4.995181784033775330e-02
5.040327087044715881e-02
5.085670575499534607e-02
5.131206288933753967e-02
5.176937952637672424e-02
5.222859606146812439e-02
5.268971249461174011e-02
5.315270647406578064e-02
5.361754819750785828e-02
5.408423766493797302e-02
5.455273762345314026e-02
5.502304062247276306e-02
5.549510195851325989e-02
5.596892163157463074e-02
5.644447728991508484e-02
5.692176148295402527e-02
5.740072950720787048e-02
5.788136646151542664e-02
5.836363509297370911e-02
5.884752795100212097e-02
5.933306738734245300e-02
5.982012674212455750e-02
-1.227894797921180725e-03
-1.166941598057746887e-03
-1.105463132262229919e-03
-1.043450087308883667e-03
-9.808931499719619751e-04
-9.177718311548233032e-04
-8.541028946638107300e-04
-7.898733019828796387e-04
-7.250923663377761841e-04
-6.597116589546203613e-04
-5.937721580266952515e-04
-5.272403359413146973e-04
-4.601050168275833130e-04
-3.923568874597549438e-04
-3.240164369344711304e-04
-2.550464123487472534e-04
-1.854635775089263916e-04
-1.152679324150085449e-04
-4.439987242221832275e-05
2.710707485675811768e-05
9.923800826072692871e-05
1.720543950796127319e-04
2.455376088619232178e-04
3.196857869625091553e-04
3.945138305425643921e-04
4.700422286987304688e-04
5.462523549795150757e-04
6.231889128684997559e-04
7.008370012044906616e-04
7.792022079229354858e-04
8.582826703786849976e-04
9.381137788295745850e-04
1.018699258565902710e-03
1.100027933716773987e-03
1.182131469249725342e-03
1.265008002519607544e-03
1.348664984107017517e-03
1.433098688721656799e-03
1.518337056040763855e-03
1.604383811354637146e-03
1.691244542598724365e-03
1.778941601514816284e-03
1.867469400167465210e-03
1.956839114427566528e-03
2.047052606940269470e-03
2.138160169124603271e-03
2.230111509561538696e-03
2.322955057024955750e-03
2.416683360934257507e-03
2.511318773031234741e-03
2.606859430670738220e-03
2.703327685594558716e-03
2.800729125738143921e-03
2.899073064327239990e-03
2.998363226652145386e-03
3.098620101809501648e-03
3.199838101863861084e-03
3.302048891782760620e-03
3.405248746275901794e-03
3.509463742375373840e-03
3.614678978919982910e-03
3.720926120877265930e-03
3.828203305602073669e-03
3.936529159545898438e-03
4.045909270644187927e-03
4.156362265348434448e-03
4.267910495400428772e-03
4.380531609058380127e-03
4.494255408644676208e-03
4.609096795320510864e-03
4.725063219666481018e-03
4.842169582843780518e-03
4.960428923368453979e-03
5.079824477434158325e-03
5.200417712330818176e-03
5.322167649865150452e-03
5.445132032036781311e-03
5.569307133555412292e-03
5.694692954421043396e-03
5.821317434310913086e-03
5.949178710579872131e-03
6.078304722905158997e-03
6.208682432770729065e-03
6.340345367789268494e-03
6.473295390605926514e-03
6.607539951801300049e-03
6.743136793375015259e-03
6.880046799778938293e-03
7.018286734819412231e-03
7.157895714044570923e-03
7.298860698938369751e-03
7.441226392984390259e-03
7.584957405924797058e-03
7.730117067694664001e-03
7.876681163907051086e-03
8.024681359529495239e-03
8.174121379852294922e-03
8.325012400746345520e-03
8.477387949824333191e-03
8.631244301795959473e-03
8.786577731370925903e-03
8.943434804677963257e-03
9.101808071136474609e-03
9.261723607778549194e-03
9.423183277249336243e-03
9.586209431290626526e-03
9.750813245773315430e-03
9.916989132761955261e-03
1.008477807044982910e-02
1.025417447090148926e-02
1.042519137263298035e-02
1.059785485267639160e-02
1.077216118574142456e-02
1.094815507531166077e-02
1.112580485641956329e-02
1.130515709519386292e-02
1.148621737957000732e-02
1.166899874806404114e-02
1.185349747538566589e-02
1.203975453972816467e-02
1.222776249051094055e-02
1.241753995418548584e-02
1.260910928249359131e-02
1.280247047543525696e-02
1.299763098359107971e-02
1.319463551044464111e-02
1.339343935251235962e-02
1.359412074089050293e-02
1.379664987325668335e-02
1.400104910135269165e-02
1.420735195279121399e-02
1.441552489995956421e-02
1.462562754750251770e-02
1.483764126896858215e-02
1.505159586668014526e-02
1.526748761534690857e-02
1.548534259200096130e-02
1.570517942309379578e-02
1.592698693275451660e-02
1.615078002214431763e-02
1.637658476829528809e-02
1.660441979765892029e-02
1.683426648378372192e-02
1.706615462899208069e-02
1.730009913444519043e-02
1.753610745072364807e-02
1.777418330311775208e-02
1.801434531807899475e-02
1.825660839676856995e-02
1.850095763802528381e-02
1.874743774533271790e-02
1.899603754281997681e-02
1.924678683280944824e-02
1.949966698884963989e-02
1.975470408797264099e-02
2.001190185546875000e-02
2.027129009366035461e-02
2.053284272551536560e-02
2.079658955335617065e-02
2.106254175305366516e-02
2.133069559931755066e-02
2.160109952092170715e-02
2.187370136380195618e-02
2.214854955673217773e-02
2.242563664913177490e-02
2.270497754216194153e-02
2.298657223582267761e-02
2.327042445540428162e-02
2.355656400322914124e-02
2.384497597813606262e-02
2.413566410541534424e-02
2.442864701151847839e-02
2.472394332289695740e-02
2.502151951193809509e-02
2.532143518328666687e-02
2.562364563345909119e-02
2.592817321419715881e-02
2.623503282666206360e-02
2.654421702027320862e-02
2.685573697090148926e-02
2.716959267854690552e-02
2.748578041791915894e-02
2.780431509017944336e-02
2.812520042061805725e-02
2.844843640923500061e-02
2.877403423190116882e-02
2.910197153687477112e-02
2.943227067589759827e-02
2.976493909955024719e-02
3.009994328022003174e-02
3.043732419610023499e-02
3.077705577015876770e-02
3.111916035413742065e-02
3.146362677216529846e-02
3.181042149662971497e-02
3.215961903333663940e-02
3.251115977764129639e-02
3.286505118012428284e-02
3.322132304310798645e-02
3.357993811368942261e-02
3.394089266657829285e-02
3.430420905351638794e-02
3.466987982392311096e-02
3.503787145018577576e-02
3.540822491049766541e-02
3.578090295195579529e-02
3.615590557456016541e-02
3.653327003121376038e-02
3.691293671727180481e-02
3.729491680860519409e-02
3.767919540405273438e-02
3.806579485535621643e-02
3.845468536019325256e-02
3.884587064385414124e-02
3.923935070633888245e-02
3.963509574532508850e-02
4.003311321139335632e-02
4.043338447809219360e-02
4.083593189716339111e-02
4.124067723751068115e-02
4.164769873023033142e-02
4.205691441893577576e-02
4.246834293007850647e-02
4.288199171423912048e-02
4.329783841967582703e-02
4.371584579348564148e-02
4.413602873682975769e-02
4.455835744738578796e-02
4.498284682631492615e-02
4.540948197245597839e-02
4.583821818232536316e-02
4.626902565360069275e-02
4.670196399092674255e-02
4.713697358965873718e-02
4.757404699921607971e-02
4.801316186785697937e-02
4.845429584383964539e-02
4.889748618006706238e-02
4.934265837073326111e-02
4.978979751467704773e-02
5.023891851305961609e-02
5.068999156355857849e-02
5.114300176501274109e-02
5.159793421626091003e-02
5.205473676323890686e-02
5.251346156001091003e-02
5.297401174902915955e-02
5.343642458319664001e-02
5.390063300728797913e-02
5.436666682362556458e-02
5.483448132872581482e-02
5.530406907200813293e-02
5.577539280056953430e-02
5.624844506382942200e-02
5.672315880656242371e-02
5.719959363341331482e-02
5.767766758799552917e-02
5.815739557147026062e-02
5.863873288035392761e-02
5.912164971232414246e-02
5.960613861680030823e-02
