-1.638747751712799072e-03
-1.602504402399063110e-03
-1.565568149089813232e-03
-1.527968794107437134e-03
-1.489628106355667114e-03
-1.450587064027786255e-03
-1.410845667123794556e-03
-1.370348036289215088e-03
-1.329112797975540161e-03
-1.287169754505157471e-03
-1.244448125362396240e-03
-1.200947910547256470e-03
-1.156717538833618164e-03
-1.111689954996109009e-03
-1.065891236066818237e-03
-1.019299030303955078e-03
-9.718798100948333740e-04
-9.236782789230346680e-04
-8.746609091758728027e-04
-8.247904479503631592e-04
-7.741153240203857422e-04
-7.225833833217620850e-04
-6.702281534671783447e-04
-6.169676780700683594e-04
-5.628466606140136719e-04
-5.078651010990142822e-04
-4.519894719123840332e-04
-3.952011466026306152e-04
-3.375336527824401855e-04
-2.789236605167388916e-04
-2.194270491600036621e-04
-1.589693129062652588e-04
-9.758397936820983887e-05
-3.525987267494201660e-05
2.804026007652282715e-05
9.230524301528930664e-05
1.575462520122528076e-04
2.237558364868164062e-04
2.909861505031585693e-04
3.592222929000854492e-04
4.284754395484924316e-04
4.987604916095733643e-04
5.700588226318359375e-04
6.423927843570709229e-04
7.158070802688598633e-04
7.902570068836212158e-04
8.657947182655334473e-04
9.424164891242980957e-04
1.020103693008422852e-03
1.098923385143280029e-03
1.178827136754989624e-03
1.259867101907730103e-03
1.342050731182098389e-03
1.425359398126602173e-03
1.509819179773330688e-03
1.595448702573776245e-03
1.682229340076446533e-03
1.770194619894027710e-03
1.859348267316818237e-03
1.949694007635116577e-03
2.041269093751907349e-03
2.134058624505996704e-03
2.228070050477981567e-03
2.323307096958160400e-03
2.419803291559219360e-03
2.517558634281158447e-03
2.616580575704574585e-03
2.716902643442153931e-03
2.818480134010314941e-03
2.921376377344131470e-03
3.025565296411514282e-03
3.131072968244552612e-03
3.237936645746231079e-03
3.346115350723266602e-03
3.455638885498046875e-03
3.566514700651168823e-03
3.678772598505020142e-03
3.792408853769302368e-03
3.907408565282821655e-03
4.023835062980651855e-03
4.141662269830703735e-03
4.260882735252380371e-03
4.381556063890457153e-03
4.503648728132247925e-03
4.627194255590438843e-03
4.752181470394134521e-03
4.878655076026916504e-03
5.006588995456695557e-03
5.136005580425262451e-03
5.266923457384109497e-03
5.399350076913833618e-03
5.533289164304733276e-03
5.668744444847106934e-03
5.805730819702148438e-03
5.944248288869857788e-03
6.084308028221130371e-03
6.225943565368652344e-03
6.369151175022125244e-03
6.513919681310653687e-03
6.660301238298416138e-03
6.808239966630935669e-03
6.957802921533584595e-03
7.108978927135467529e-03
7.261764258146286011e-03
7.416192442178726196e-03
7.572256028652191162e-03
7.729958742856979370e-03
7.889326661825180054e-03
8.050356060266494751e-03
8.213050663471221924e-03
8.377425372600555420e-03
8.543491363525390625e-03
8.711252361536026001e-03
8.880715817213058472e-03
9.051878005266189575e-03
9.224779903888702393e-03
9.399380534887313843e-03
9.575743228197097778e-03
9.753845632076263428e-03
9.933665394783020020e-03
1.011526957154273987e-02
1.029862836003303528e-02
1.048374548554420471e-02
1.067063584923744202e-02
1.085932552814483643e-02
1.104979775846004486e-02
1.124204881489276886e-02
1.143610477447509766e-02
1.163197681307792664e-02
1.182966120541095734e-02
1.202914677560329437e-02
1.223046518862247467e-02
1.243362389504909515e-02
1.263859681785106659e-02
1.284540072083473206e-02
1.305407099425792694e-02
1.326458342373371124e-02
1.347694545984268188e-02
1.369116455316543579e-02
1.390724442899227142e-02
1.412518508732318878e-02
1.434499584138393402e-02
1.456667296588420868e-02
1.479023322463035583e-02
1.501567475497722626e-02
1.524299383163452148e-02
1.547219976782798767e-02
1.570329442620277405e-02
1.593627035617828369e-02
1.617114618420600891e-02
1.640792377293109894e-02
1.664657145738601685e-02
1.688714139163494110e-02
1.712959259748458862e-02
1.737394928932189941e-02
1.762021705508232117e-02
1.786837726831436157e-02
1.811845041811466217e-02
1.837041229009628296e-02
1.862429641187191010e-02
1.888005994260311127e-02
1.913773640990257263e-02
1.939731836318969727e-02
1.965878531336784363e-02
1.992216706275939941e-02
2.018744125962257385e-02
2.045461907982826233e-02
2.072368562221527100e-02
2.099465020000934601e-02
2.126749604940414429e-02
2.154222875833511353e-02
2.181885577738285065e-02
2.209735848009586334e-02
2.237774431705474854e-02
2.266000770032405853e-02
2.294412814080715179e-02
2.323013357818126678e-02
2.351798862218856812e-02
2.380770817399024963e-02
2.409927546977996826e-02
2.439270354807376862e-02
2.468795888125896454e-02
2.498506754636764526e-02
2.528398670256137848e-02
2.558474615216255188e-02
2.588732354342937469e-02
2.619169279932975769e-02
2.649788558483123779e-02
2.680588327348232269e-02
2.711565606296062469e-02
2.742721326649188995e-02
2.774053253233432770e-02
2.805563621222972870e-02
2.837249636650085449e-02
2.869109436869621277e-02
2.901143953204154968e-02
2.933349087834358215e-02
2.965730056166648865e-02
2.998278290033340454e-02
3.030997142195701599e-02
3.063885681331157684e-02
3.096943721175193787e-02
3.130164742469787598e-02
3.163552656769752502e-02
3.197105973958969116e-02
3.230822831392288208e-02
3.264700621366500854e-02
3.298738598823547363e-02
3.332937881350517273e-02
3.367294371128082275e-02
3.401806950569152832e-02
3.436475619673728943e-02
3.471297398209571838e-02
3.506274148821830750e-02
3.541400283575057983e-02
3.576676174998283386e-02
3.612102195620536804e-02
3.647673502564430237e-02
3.683390468358993530e-02
3.719252347946166992e-02
3.755256533622741699e-02
3.791400045156478882e-02
3.827684000134468079e-02
3.864103555679321289e-02
3.900660201907157898e-02
3.937350958585739136e-02
3.974174335598945618e-02
4.011128097772598267e-02
4.048211127519607544e-02
4.085420817136764526e-02
4.122756421566009521e-02
4.160214588046073914e-02
4.197796434164047241e-02
4.235495626926422119e-02
4.273315519094467163e-02
4.311250150203704834e-02
4.349299147725105286e-02
4.387461394071578979e-02
4.425731301307678223e-02
4.464111477136611938e-02
4.502598941326141357e-02
4.541189968585968018e-02
4.579883813858032227e-02
4.618678987026214600e-02
4.657569900155067444e-02
4.696560651063919067e-02
4.735644161701202393e-02
4.774819687008857727e-02
4.814085736870765686e-02
4.853440076112747192e-02
4.892881214618682861e-02
4.932404309511184692e-02
4.972007870674133301e-02
5.011693388223648071e-02
5.051454901695251465e-02
5.091296136379241943e-02
5.131205171346664429e-02
5.171186849474906921e-02
5.211237445473670959e-02
5.251354724168777466e-02
5.291534215211868286e-02
-1.638747751712799072e-03
-1.602504402399063110e-03
-1.565568149089813232e-03
-1.527968794107437134e-03
-1.489628106355667114e-03
-1.450587064027786255e-03
-1.410838216543197632e-03
-1.370344310998916626e-03
-1.329112797975540161e-03
-1.287166029214859009e-03
-1.244444400072097778e-03
-1.200951635837554932e-03
-1.156706362962722778e-03
-1.111697405576705933e-03
-1.065872609615325928e-03
-1.019291579723358154e-03
-9.719021618366241455e-04
-9.236969053745269775e-04
-8.746795356273651123e-04
-8.248277008533477783e-04
-7.741227746009826660e-04
-7.226057350635528564e-04
-6.702281534671783447e-04
-6.169788539409637451e-04
-5.628652870655059814e-04
-5.078874528408050537e-04
-4.520043730735778809e-04
-3.952458500862121582e-04
-3.375858068466186523e-04
-2.789907157421112061e-04
-2.194829285144805908e-04
-1.590512692928314209e-04
-9.766593575477600098e-05
-3.533437848091125488e-05
2.794712781906127930e-05
9.220093488693237305e-05
1.574344933032989502e-04
2.236515283584594727e-04
2.908520400524139404e-04
3.590732812881469727e-04
4.283078014850616455e-04
4.985556006431579590e-04
5.698390305042266846e-04
6.421841681003570557e-04
7.155723869800567627e-04
7.899925112724304199e-04
8.655115962028503418e-04
9.421259164810180664e-04
1.019787043333053589e-03
1.098591834306716919e-03
1.178480684757232666e-03
1.259490847587585449e-03
1.341629773378372192e-03
1.424912363290786743e-03
1.509342342615127563e-03
1.594919711351394653e-03
1.681681722402572632e-03
1.769602298736572266e-03
1.858714967966079712e-03
1.949042081832885742e-03
2.040561288595199585e-03
2.133302390575408936e-03
2.227265387773513794e-03
2.322442829608917236e-03
2.418909221887588501e-03
2.516593784093856812e-03
2.615563571453094482e-03
2.715814858675003052e-03
2.817325294017791748e-03
2.920169383287429810e-03
3.024309873580932617e-03
3.129739314317703247e-03
3.236528486013412476e-03
3.344614058732986450e-03
3.454055637121200562e-03
3.564868122339248657e-03
3.677029162645339966e-03
3.790590912103652954e-03
3.905508667230606079e-03
4.021827131509780884e-03
4.139550030231475830e-03
4.258673638105392456e-03
4.379246383905410767e-03
4.501227289438247681e-03
4.624657332897186279e-03
4.749540239572525024e-03
4.875883460044860840e-03
5.003690719604492188e-03
5.132973194122314453e-03
5.263760685920715332e-03
5.396049469709396362e-03
5.529813468456268311e-03
5.665130913257598877e-03
5.801953375339508057e-03
5.940318107604980469e-03
6.080228835344314575e-03
6.221704185009002686e-03
6.364710628986358643e-03
6.509333848953247070e-03
6.655506789684295654e-03
6.803259253501892090e-03
6.952624768018722534e-03
7.103588432073593140e-03
7.256176322698593140e-03
7.410388439893722534e-03
7.566224783658981323e-03
7.723700255155563354e-03
7.882833480834960938e-03
8.043620735406875610e-03
8.206058293581008911e-03
8.370179682970046997e-03
8.535992354154586792e-03
8.703473955392837524e-03
8.872661739587783813e-03
9.043551981449127197e-03
9.216144680976867676e-03
9.390462189912796021e-03
9.566511958837509155e-03
9.744286537170410156e-03
9.923797100782394409e-03
1.010506600141525269e-02
1.028807833790779114e-02
1.047285646200180054e-02
1.065938919782638550e-02
1.084768772125244141e-02
1.103779859840869904e-02
1.122966781258583069e-02
1.142334751784801483e-02
1.161880418658256531e-02
1.181606203317642212e-02
1.201514154672622681e-02
1.221602596342563629e-02
1.241873204708099365e-02
1.262325793504714966e-02
1.282961294054985046e-02
1.303779706358909607e-02
1.324782334268093109e-02
1.345969364047050476e-02
1.367341354489326477e-02
1.388896442949771881e-02
1.410640031099319458e-02
1.432567089796066284e-02
1.454681158065795898e-02
1.476980745792388916e-02
1.499467343091964722e-02
1.522140949964523315e-02
1.545002311468124390e-02
1.568050868809223175e-02
1.591287739574909210e-02
1.614713110029697418e-02
1.638324931263923645e-02
1.662124879658222198e-02
1.686113700270652771e-02
1.710290834307670593e-02
1.734658516943454742e-02
1.759214513003826141e-02
1.783958449959754944e-02
1.808894239366054535e-02
1.834013871848583221e-02
1.859326288104057312e-02
1.884827017784118652e-02
1.910515502095222473e-02
1.936393789947032928e-02
1.962460950016975403e-02
1.988715678453445435e-02
2.015159465372562408e-02
2.041791193187236786e-02
2.068611048161983490e-02
2.095619775354862213e-02
2.122815139591693878e-02
2.150197327136993408e-02
2.177767828106880188e-02
2.205523848533630371e-02
2.233466319739818573e-02
2.261595986783504486e-02
2.289910241961479187e-02
2.318409457802772522e-02
2.347095310688018799e-02
2.375964634120464325e-02
2.405017055571079254e-02
2.434252575039863586e-02
2.463671565055847168e-02
2.493272349238395691e-02
2.523055858910083771e-02
2.553018927574157715e-02
2.583163045346736908e-02
2.613487653434276581e-02
2.643988654017448425e-02
2.674669772386550903e-02
2.705527283251285553e-02
2.736561372876167297e-02
2.767773345112800598e-02
2.799157425761222839e-02
2.830717712640762329e-02
2.862450480461120605e-02
2.894356846809387207e-02
2.926432341337203979e-02
2.958679944276809692e-02
2.991094812750816345e-02
3.023680485785007477e-02
3.056433051824569702e-02
3.089350834488868713e-02
3.122434206306934357e-02
3.155681863427162170e-02
3.189091756939888000e-02
3.222663700580596924e-02
3.256395831704139709e-02
3.290288150310516357e-02
3.324337303638458252e-02
3.358544036746025085e-02
3.392903879284858704e-02
3.427420556545257568e-02
3.462088108062744141e-02
3.496909141540527344e-02
3.531878441572189331e-02
3.566996008157730103e-02
3.602260351181030273e-02
3.637671843171119690e-02
3.673225268721580505e-02
3.708921745419502258e-02
3.744759038090705872e-02
3.780736029148101807e-02
3.816851228475570679e-02
3.853101655840873718e-02
3.889487311244010925e-02
3.926004841923713684e-02
3.962654992938041687e-02
3.999433293938636780e-02
4.036338627338409424e-02
4.073372110724449158e-02
4.110530018806457520e-02
4.147806763648986816e-02
4.185205698013305664e-02
4.222724586725234985e-02
4.260360449552536011e-02
4.298111051321029663e-02
4.335972294211387634e-02
4.373946785926818848e-02
4.412031546235084534e-02
4.450222104787826538e-02
4.488517716526985168e-02
4.526918381452560425e-02
4.565421491861343384e-02
4.604021087288856506e-02
4.642720893025398254e-02
4.681514203548431396e-02
4.720403626561164856e-02
4.759381338953971863e-02
4.798447713255882263e-02
4.837604239583015442e-02
4.876844584941864014e-02
4.916168376803398132e-02
4.955571889877319336e-02
4.995056986808776855e-02
5.034616962075233459e-02
5.074251443147659302e-02
5.113958567380905151e-02
5.153735354542732239e-02
5.193581059575080872e-02
5.233492702245712280e-02
5.273465439677238464e-02
