4.215232133865356445e-01
4.078208804130554199e-01
3.907460570335388184e-01
3.700755536556243896e-01
3.460208773612976074e-01
3.194335401058197021e-01
2.918428480625152588e-01
2.651666700839996338e-01
2.411550134420394897e-01
2.208925336599349976e-01
2.046599686145782471e-01
1.921410262584686279e-01
1.827325522899627686e-01
1.757791191339492798e-01
1.706935614347457886e-01
1.669971197843551636e-01
1.643184423446655273e-01
1.623777002096176147e-01
1.609681248664855957e-01
1.599385291337966919e-01
1.591796576976776123e-01
1.586130559444427490e-01
1.581829488277435303e-01
1.578499227762222290e-01
1.575866043567657471e-01
1.573743075132369995e-01
1.572005599737167358e-01
1.570579707622528076e-01
1.569425910711288452e-01
1.568538248538970947e-01
1.567938625812530518e-01
1.567678302526473999e-01
1.567842513322830200e-01
1.568558663129806519e-01
1.570008397102355957e-01
1.572447568178176880e-01
1.576231867074966431e-01
1.581852585077285767e-01
1.589977145195007324e-01
1.601489186286926270e-01
1.617487519979476929e-01
1.639173477888107300e-01
1.667455434799194336e-01
1.702040135860443115e-01
1.739944070577621460e-01
1.774117946624755859e-01
1.794073283672332764e-01
1.789814680814743042e-01
1.756864041090011597e-01
1.698138862848281860e-01
1.621780395507812500e-01
1.537496000528335571e-01
1.453710943460464478e-01
1.376312077045440674e-01
1.308753937482833862e-01
1.252952069044113159e-01
1.210544258356094360e-01
1.184483617544174194e-01
1.181368678808212280e-01
1.215190142393112183e-01
1.313080191612243652e-01
1.522018760442733765e-01
1.909407824277877808e-01
2.529130578041076660e-01
3.297353982925415039e-01
3.932895362377166748e-01
4.213696420192718506e-01
4.061831533908843994e-01
3.393423557281494141e-01
2.264241278171539307e-01
1.332965344190597534e-01
9.540122002363204956e-02
8.216250687837600708e-02
7.759777456521987915e-02
7.652325183153152466e-02
7.710325717926025391e-02
7.865587621927261353e-02
8.094330877065658569e-02
8.390115946531295776e-02
8.751651644706726074e-02
9.176258742809295654e-02
9.655956923961639404e-02
1.017603203654289246e-01
1.071628332138061523e-01
1.125472709536552429e-01
1.177228838205337524e-01
1.225649788975715637e-01
1.270300298929214478e-01
1.311509013175964355e-01
1.350193917751312256e-01
1.387663185596466064e-01
1.425447165966033936e-01
1.465161740779876709e-01
1.508391350507736206e-01
1.556560099124908447e-01
1.610776484012603760e-01
1.671638786792755127e-01
1.739050298929214478e-01
1.812108606100082397e-01
1.889136433601379395e-01
1.967888623476028442e-01
2.045899778604507446e-01
2.120848447084426880e-01
2.190817743539810181e-01
2.254382371902465820e-01
2.310497313737869263e-01
2.358240336179733276e-01
2.396461963653564453e-01
2.423412054777145386e-01
2.436480075120925903e-01
2.432269603013992310e-01
2.407355606555938721e-01
2.359985709190368652e-01
2.292342931032180786e-01
2.212010622024536133e-01
2.131065279245376587e-01
2.063046544790267944e-01
2.020213454961776733e-01
2.013103067874908447e-01
2.051670998334884644e-01
2.144575417041778564e-01
2.292230129241943359e-01
2.474640607833862305e-01
2.649162709712982178e-01
2.769092023372650146e-01
2.795862555503845215e-01
2.658029198646545410e-01
2.207760363817214966e-01
1.633336991071701050e-01
1.376046836376190186e-01
1.332020908594131470e-01
1.330408602952957153e-01
1.371669471263885498e-01
1.667128205299377441e-01
2.231224328279495239e-01
2.548259794712066650e-01
2.638918757438659668e-01
2.543320357799530029e-01
2.306669354438781738e-01
2.040469348430633545e-01
1.858333051204681396e-01
1.781475096940994263e-01
1.770788729190826416e-01
1.790932714939117432e-01
1.822888851165771484e-01
1.857511699199676514e-01
1.890222132205963135e-01
1.918571144342422485e-01
1.941282004117965698e-01
1.957848519086837769e-01
1.968276649713516235e-01
1.972879767417907715e-01
1.972105652093887329e-01
1.966441124677658081e-01
1.956394314765930176e-01
1.942563503980636597e-01
1.925743818283081055e-01
1.907003372907638550e-01
1.887643039226531982e-01
1.869007647037506104e-01
1.852224767208099365e-01
1.838014423847198486e-01
1.826661378145217896e-01
1.818114817142486572e-01
1.812139004468917847e-01
1.808430552482604980e-01
1.806703805923461914e-01
1.806722283363342285e-01
1.808319687843322754e-01
1.811396628618240356e-01
1.815916597843170166e-01
1.821900159120559692e-01
1.829411685466766357e-01
1.838547736406326294e-01
1.849426925182342529e-01
1.862175017595291138e-01
1.876910775899887085e-01
1.893732845783233643e-01
1.912708580493927002e-01
1.933869272470474243e-01
1.957215815782546997e-01
1.982732415199279785e-01
2.010417431592941284e-01
2.040320038795471191e-01
2.072580307722091675e-01
2.107472270727157593e-01
2.145427316427230835e-01
2.187055796384811401e-01
2.233123779296875000e-01
2.284506410360336304e-01
2.342079132795333862e-01
2.406565099954605103e-01
2.478338927030563354e-01
2.557272017002105713e-01
2.642703950405120850e-01
2.733650803565979004e-01
2.829231619834899902e-01
2.929138541221618652e-01
3.033852875232696533e-01
3.144442439079284668e-01
3.261943757534027100e-01
3.386672735214233398e-01
3.517880439758300781e-01
3.654022514820098877e-01
3.793523609638214111e-01
3.935661017894744873e-01
4.081032574176788330e-01
4.231339991092681885e-01
4.388505816459655762e-01
4.553458094596862793e-01
4.725408852100372314e-01
4.902378618717193604e-01
5.082825422286987305e-01
5.266945362091064453e-01
5.456438660621643066e-01
5.653091669082641602e-01
5.857540965080261230e-01
6.069145798683166504e-01
6.286860108375549316e-01
6.510235667228698730e-01
6.739869117736816406e-01
6.976802349090576172e-01
7.220852971076965332e-01
7.468491196632385254e-01
7.712058424949645996e-01
7.941163182258605957e-01
8.142759203910827637e-01
8.296516537666320801e-01
8.375317454338073730e-01
8.359000682830810547e-01
8.244358301162719727e-01
8.040155768394470215e-01
7.758741974830627441e-01
7.422724962234497070e-01
7.070186734199523926e-01
6.720510125160217285e-01
6.388451457023620605e-01
6.111522316932678223e-01
5.914820432662963867e-01
5.790839791297912598e-01
5.718045830726623535e-01
5.677332878112792969e-01
5.655826926231384277e-01
5.645596385002136230e-01
5.641854405403137207e-01
5.641702413558959961e-01
5.643378496170043945e-01
5.645813345909118652e-01
5.648366212844848633e-01
5.650667548179626465e-01
5.652514696121215820e-01
5.653815865516662598e-01
5.654541254043579102e-01
5.654704570770263672e-01
5.654341578483581543e-01
5.653500556945800781e-01
5.652237534523010254e-01
5.650607943534851074e-01
5.648666620254516602e-01
5.646465420722961426e-01
5.644053220748901367e-01
