3.652038574218750000e-01
3.398451209068298340e-01
3.124644458293914795e-01
2.834540605545043945e-01
2.536774873733520508e-01
2.244188040494918823e-01
1.970973312854766846e-01
1.728579849004745483e-01
1.522797644138336182e-01
1.353526860475540161e-01
1.216626390814781189e-01
1.106267422437667847e-01
1.016631126403808594e-01
9.427450597286224365e-02
8.807094395160675049e-02
8.276003599166870117e-02
7.812789827585220337e-02
7.401868700981140137e-02
7.031901180744171143e-02
6.694543361663818359e-02
6.383592635393142700e-02
6.094435229897499084e-02
5.823644250631332397e-02
5.568701401352882385e-02
5.327825620770454407e-02
5.099827796220779419e-02
4.883970320224761963e-02
4.679855331778526306e-02
4.487316682934761047e-02
4.306307435035705566e-02
4.136791452765464783e-02
3.978682309389114380e-02
3.831792622804641724e-02
3.695783764123916626e-02
3.570179641246795654e-02
3.454362601041793823e-02
3.347602486610412598e-02
3.249089419841766357e-02
3.157958388328552246e-02
3.073317930102348328e-02
2.994290925562381744e-02
2.920018881559371948e-02
2.849694527685642242e-02
2.782567404210567474e-02
2.717956900596618652e-02
2.655262686312198639e-02
2.593961730599403381e-02
2.533620223402976990e-02
2.473901025950908661e-02
2.414548397064208984e-02
2.355396002531051636e-02
2.296367101371288300e-02
2.237459830939769745e-02
2.178742550313472748e-02
2.120348252356052399e-02
2.062458731234073639e-02
2.005290240049362183e-02
1.949083618819713593e-02
1.894088834524154663e-02
1.840553246438503265e-02
1.788712106645107269e-02
1.738780736923217773e-02
1.690947450697422028e-02
1.645367778837680817e-02
1.602168940007686615e-02
1.561449095606803894e-02
1.523277536034584045e-02
1.487702596932649612e-02
1.454757712781429291e-02
1.424465700984001160e-02
1.396847795695066452e-02
1.371930632740259171e-02
1.349752023816108704e-02
1.330370549112558365e-02
1.313874963670969009e-02
1.300387550145387650e-02
1.290073059499263763e-02
1.283146627247333527e-02
1.279877126216888428e-02
1.280589401721954346e-02
1.285670138895511627e-02
1.295556686818599701e-02
1.310730446130037308e-02
1.331700664013624191e-02
1.358967740088701248e-02
1.392990723252296448e-02
1.434128917753696442e-02
1.482582651078701019e-02
1.538315601646900177e-02
1.601007208228111267e-02
1.669984124600887299e-02
1.744222268462181091e-02
1.822356879711151123e-02
1.902754046022891998e-02
1.983617432415485382e-02
2.063119411468505859e-02
2.139537408947944641e-02
2.211364544928073883e-02
2.277407050132751465e-02
2.336816862225532532e-02
2.389104850590229034e-02
2.434104122221469879e-02
2.471930906176567078e-02
2.502917498350143433e-02
2.527557872235774994e-02
2.546446956694126129e-02
2.560235001146793365e-02
2.569589018821716309e-02
2.575166895985603333e-02
2.577591314911842346e-02
2.577442117035388947e-02
2.575244754552841187e-02
2.571466937661170959e-02
2.566519565880298615e-02
2.560757286846637726e-02
2.554479613900184631e-02
2.547937631607055664e-02
2.541337348520755768e-02
2.534847520291805267e-02
2.528598904609680176e-02
2.522692084312438965e-02
2.517204731702804565e-02
2.512193098664283752e-02
2.507696114480495453e-02
2.503740973770618439e-02
2.500341646373271942e-02
2.497511729598045349e-02
2.495251782238483429e-02
2.493564970791339874e-02
2.492450363934040070e-02
2.491907589137554169e-02
2.491761744022369385e-02
2.491163276135921478e-02
2.489993721246719360e-02
2.488255314528942108e-02
2.485954016447067261e-02
2.483092993497848511e-02
2.479685097932815552e-02
2.475746907293796539e-02
2.471302635967731476e-02
2.466385252773761749e-02
2.461042068898677826e-02
2.455330453813076019e-02
2.449327707290649414e-02
2.443123795092105865e-02
2.436830289661884308e-02
2.430572547018527985e-02
2.424495480954647064e-02
2.418758720159530640e-02
2.413531765341758728e-02
2.408987469971179962e-02
2.405296824872493744e-02
2.402622811496257782e-02
2.401098236441612244e-02
2.400829456746578217e-02
2.401881664991378784e-02
2.404266223311424255e-02
2.407948672771453857e-02
2.412841841578483582e-02
2.418820932507514954e-02
2.425737865269184113e-02
2.433439530432224274e-02
2.441795542836189270e-02
2.450721524655818939e-02
2.460191585123538971e-02
2.470261789858341217e-02
2.481063455343246460e-02
2.492810972034931183e-02
2.505780942738056183e-02
2.520305663347244263e-02
2.536748535931110382e-02
2.555495873093605042e-02
2.576933242380619049e-02
2.601445466279983521e-02
2.629397809505462646e-02
2.661145664751529694e-02
2.697020955383777618e-02
2.737346664071083069e-02
2.782430686056613922e-02
2.832575328648090363e-02
2.888084016740322113e-02
2.949264273047447205e-02
3.016433119773864746e-02
3.089924529194831848e-02
3.170090913772583008e-02
3.257315233349800110e-02
3.351999819278717041e-02
3.454594686627388000e-02
3.565576300024986267e-02
3.685469925403594971e-02
3.814850002527236938e-02
3.954346477985382080e-02
4.104639217257499695e-02
4.266491159796714783e-02
4.440738260746002197e-02
4.628313705325126648e-02
4.830246418714523315e-02
5.047695338726043701e-02
5.281937867403030396e-02
5.534398183226585388e-02
5.806662142276763916e-02
6.100440770387649536e-02
6.417591869831085205e-02
6.760059297084808350e-02
7.129805535078048706e-02
7.528738677501678467e-02
7.958576828241348267e-02
8.420678228139877319e-02
8.915892988443374634e-02
9.444405883550643921e-02
1.000567302107810974e-01
1.059845834970474243e-01
1.122121736407279968e-01
1.187263280153274536e-01
1.255259215831756592e-01
1.326330453157424927e-01
1.401048749685287476e-01
1.480395197868347168e-01
1.565701812505722046e-01
1.658363044261932373e-01
1.759270429611206055e-01
1.868030875921249390e-01
1.982293576002120972e-01
2.097650468349456787e-01
2.208497375249862671e-01
2.309537976980209351e-01
2.397181242704391479e-01
2.470126301050186157e-01
2.529069483280181885e-01
2.575945556163787842e-01
2.613167464733123779e-01
2.643094658851623535e-01
2.667756378650665283e-01
2.688755691051483154e-01
2.707281410694122314e-01
2.724154293537139893e-01
2.739889025688171387e-01
2.754752933979034424e-01
2.768819034099578857e-01
2.782002091407775879e-01
2.794096767902374268e-01
2.804808318614959717e-01
2.813781201839447021e-01
2.820623517036437988e-01
2.824936509132385254e-01
2.826336622238159180e-01
2.824485301971435547e-01
2.819107472896575928e-01
2.810020148754119873e-01
2.797145843505859375e-01
2.780525088310241699e-01
2.760321497917175293e-01
2.736820280551910400e-01
2.710408866405487061e-01
2.681566178798675537e-01
2.650823295116424561e-01
2.618741989135742188e-01
2.585879564285278320e-01
2.552762627601623535e-01
2.519864737987518311e-01
2.487591654062271118e-01
