3.822601735591888428e-01
3.822605907917022705e-01
3.822610080242156982e-01
3.822614848613739014e-01
3.822618424892425537e-01
3.822622597217559814e-01
3.822627365589141846e-01
3.822631239891052246e-01
3.822635412216186523e-01
3.822639584541320801e-01
3.822644352912902832e-01
3.822649121284484863e-01
3.822653293609619141e-01
3.822657465934753418e-01
3.822662830352783203e-01
3.822667896747589111e-01
3.822673261165618896e-01
3.822678625583648682e-01
3.822684288024902344e-01
3.822690546512603760e-01
3.822697401046752930e-01
3.822704255580902100e-01
3.822711110115051270e-01
3.822719454765319824e-01
3.822728693485260010e-01
3.822738528251647949e-01
3.822748064994812012e-01
3.822759389877319336e-01
3.822771906852722168e-01
3.822785019874572754e-01
3.822800219058990479e-01
3.822816312313079834e-01
3.822834789752960205e-01
3.822854757308959961e-01
3.822876811027526855e-01
3.822901546955108643e-01
3.822928667068481445e-01
3.822959363460540771e-01
3.822993338108062744e-01
3.823031187057495117e-01
3.823072314262390137e-01
3.823119401931762695e-01
3.823171257972717285e-01
3.823229074478149414e-01
3.823293745517730713e-01
3.823365569114685059e-01
3.823445737361907959e-01
3.823535442352294922e-01
3.823634684085845947e-01
3.823744952678680420e-01
3.823866248130798340e-01
3.824001848697662354e-01
3.824151456356048584e-01
3.824315965175628662e-01
3.824498057365417480e-01
3.824696540832519531e-01
3.824914991855621338e-01
3.825153112411499023e-01
3.825412988662719727e-01
3.825697898864746094e-01
3.826009333133697510e-01
3.826354742050170898e-01
3.826741576194763184e-01
3.827185928821563721e-01
3.827711939811706543e-01
3.828364312648773193e-01
3.829217553138732910e-01
3.830400407314300537e-01
3.832139372825622559e-01
3.834837675094604492e-01
3.839234709739685059e-01
3.846698403358459473e-01
3.859801292419433594e-01
3.883324861526489258e-01
3.925698399543762207e-01
3.999636173248291016e-01
4.117395877838134766e-01
4.275782406330108643e-01
4.446786344051361084e-01
4.602806866168975830e-01
4.741199016571044922e-01
4.864526689052581787e-01
4.961968064308166504e-01
5.024740099906921387e-01
5.058469176292419434e-01
5.074836015701293945e-01
5.083036422729492188e-01
5.088559389114379883e-01
5.094832181930541992e-01
5.104888677597045898e-01
5.122530460357666016e-01
5.152716040611267090e-01
5.200396180152893066e-01
5.267658829689025879e-01
5.352540016174316406e-01
5.453244447708129883e-01
5.572376251220703125e-01
5.713466405868530273e-01
5.873678326606750488e-01
6.042305827140808105e-01
6.207247376441955566e-01
6.361327171325683594e-01
6.501517891883850098e-01
6.624258160591125488e-01
6.723741292953491211e-01
6.794721484184265137e-01
6.835801005363464355e-01
6.849970817565917969e-01
6.843360662460327148e-01
6.824173331260681152e-01
6.801834106445312500e-01
6.785109043121337891e-01
6.778485774993896484e-01
6.777780055999755859e-01
6.768183708190917969e-01
6.727871894836425781e-01
6.635451912879943848e-01
6.477013230323791504e-01
6.259737610816955566e-01
6.017478704452514648e-01
5.748767256736755371e-01
5.485338568687438965e-01
5.394711494445800781e-01
5.607211589813232422e-01
6.374002099037170410e-01
7.643595337867736816e-01
8.588070869445800781e-01
8.416607379913330078e-01
6.307396888732910156e-01
4.057550430297851562e-01
2.403667718172073364e-01
2.345532625913619995e-01
4.334249198436737061e-01
6.335033178329467773e-01
7.842397093772888184e-01
8.010087609291076660e-01
7.090643644332885742e-01
5.696980357170104980e-01
4.780450165271759033e-01
4.551998674869537354e-01
4.715317189693450928e-01
5.029793977737426758e-01
5.365251898765563965e-01
5.637176036834716797e-01
5.804219245910644531e-01
5.871568918228149414e-01
5.856584906578063965e-01
5.767372250556945801e-01
5.615731477737426758e-01
5.430750250816345215e-01
5.240619182586669922e-01
5.060311555862426758e-01
4.906973242759704590e-01
4.806386828422546387e-01
4.767315685749053955e-01
4.783577620983123779e-01
4.853428602218627930e-01
4.977427423000335693e-01
5.143053531646728516e-01
5.325227379798889160e-01
5.504651665687561035e-01
5.663931965827941895e-01
5.778769850730895996e-01
5.837767124176025391e-01
5.846133232116699219e-01
5.807428956031799316e-01
5.719971656799316406e-01
5.599333047866821289e-01
5.490886569023132324e-01
5.430678129196166992e-01
5.426200628280639648e-01
5.480763912200927734e-01
5.599641203880310059e-01
5.774683356285095215e-01
5.985825061798095703e-01
6.208687424659729004e-01
6.422072649002075195e-01
6.615535020828247070e-01
6.772765517234802246e-01
6.878745555877685547e-01
6.940097808837890625e-01
6.974115371704101562e-01
6.995278596878051758e-01
7.013775706291198730e-01
7.038007378578186035e-01
7.075922489166259766e-01
7.133361697196960449e-01
7.209807634353637695e-01
7.296001911163330078e-01
7.378368973731994629e-01
7.446869015693664551e-01
7.498385906219482422e-01
7.534742355346679688e-01
7.559505701065063477e-01
7.576089501380920410e-01
7.587131261825561523e-01
7.594485878944396973e-01
7.599402666091918945e-01
7.602704167366027832e-01
7.604936957359313965e-01
7.606455683708190918e-01
7.607497572898864746e-01
7.608217597007751465e-01
7.608720660209655762e-01
7.609077095985412598e-01
7.609333992004394531e-01
7.609523534774780273e-01
7.609668374061584473e-01
7.609783411026000977e-01
7.609878778457641602e-01
7.609961032867431641e-01
7.610036730766296387e-01
7.610106468200683594e-01
7.610173821449279785e-01
7.610239386558532715e-01
7.610303759574890137e-01
7.610365748405456543e-01
7.610426545143127441e-01
7.610486149787902832e-01
7.610543370246887207e-01
7.610597610473632812e-01
7.610651850700378418e-01
7.610701918601989746e-01
7.610751390457153320e-01
7.610796689987182617e-01
7.610839605331420898e-01
7.610880732536315918e-01
7.610919475555419922e-01
7.610955834388732910e-01
7.610989212989807129e-01
7.611021399497985840e-01
7.611050605773925781e-01
7.611078619956970215e-01
7.611104249954223633e-01
7.611128091812133789e-01
7.611150741577148438e-01
7.611171603202819824e-01
7.611191868782043457e-01
7.611209750175476074e-01
7.611227035522460938e-01
7.611243128776550293e-01
7.611258029937744141e-01
7.611271739006042480e-01
7.611284255981445312e-01
7.611296772956848145e-01
7.611308693885803223e-01
7.611318826675415039e-01
7.611328363418579102e-01
7.611339092254638672e-01
7.611346840858459473e-01
7.611355185508728027e-01
7.611363530158996582e-01
7.611370682716369629e-01
7.611377239227294922e-01
7.611384391784667969e-01
7.611390352249145508e-01
7.611396312713623047e-01
7.611401677131652832e-01
7.611406445503234863e-01
7.611411809921264648e-01
7.611415982246398926e-01
