9.185297489166259766e-01
9.183021783828735352e-01
9.180629849433898926e-01
9.178115129470825195e-01
9.175468683242797852e-01
9.172683358192443848e-01
9.169752597808837891e-01
9.166664481163024902e-01
9.163408875465393066e-01
9.159976840019226074e-01
9.156356453895568848e-01
9.152534604072570801e-01
9.148497581481933594e-01
9.144231677055358887e-01
9.139720201492309570e-01
9.134947061538696289e-01
9.129891991615295410e-01
9.124536514282226562e-01
9.118856787681579590e-01
9.112830162048339844e-01
9.106429815292358398e-01
9.099626541137695312e-01
9.092389941215515137e-01
9.084684848785400391e-01
9.076471924781799316e-01
9.067713618278503418e-01
9.058359265327453613e-01
9.048361182212829590e-01
9.037662148475646973e-01
9.026201963424682617e-01
9.013908505439758301e-01
9.000708460807800293e-01
8.986514806747436523e-01
8.971232771873474121e-01
8.954758048057556152e-01
8.936969637870788574e-01
8.917735815048217773e-01
8.896905779838562012e-01
8.874313235282897949e-01
8.849766850471496582e-01
8.823053240776062012e-01
8.793933391571044922e-01
8.762133121490478516e-01
8.727346658706665039e-01
8.689229488372802734e-01
8.647390007972717285e-01
8.601390719413757324e-01
8.550744056701660156e-01
8.494901061058044434e-01
8.433262705802917480e-01
8.365164399147033691e-01
8.289892673492431641e-01
8.206681609153747559e-01
8.114734292030334473e-01
8.013241887092590332e-01
7.901419401168823242e-01
7.778544425964355469e-01
7.644012570381164551e-01
7.497413754463195801e-01
7.338595986366271973e-01
7.167750000953674316e-01
6.985470652580261230e-01
6.792801022529602051e-01
6.591253280639648438e-01
6.382762789726257324e-01
6.169621944427490234e-01
5.954356789588928223e-01
5.739573240280151367e-01
5.527797937393188477e-01
5.321350097656250000e-01
5.122203826904296875e-01
4.931929707527160645e-01
4.751666784286499023e-01
4.582122862339019775e-01
4.423629343509674072e-01
4.276191294193267822e-01
4.139560759067535400e-01
4.013297557830810547e-01
3.896835148334503174e-01
3.789529800415039062e-01
3.690700232982635498e-01
3.599660396575927734e-01
3.515740633010864258e-01
3.438302576541900635e-01
3.366750180721282959e-01
3.300532400608062744e-01
3.239144384860992432e-01
3.182130753993988037e-01
3.129078745841979980e-01
3.079619109630584717e-01
3.033422827720642090e-01
2.990193963050842285e-01
2.949671447277069092e-01
2.911621332168579102e-01
2.875836789608001709e-01
2.842134535312652588e-01
2.810350358486175537e-01
2.780340015888214111e-01
2.751974463462829590e-01
2.725140154361724854e-01
2.699733972549438477e-01
2.675667703151702881e-01
2.652859389781951904e-01
2.631238698959350586e-01
2.610742449760437012e-01
2.591312229633331299e-01
2.572900056838989258e-01
2.555460035800933838e-01
2.538951635360717773e-01
2.523341476917266846e-01
2.508596181869506836e-01
2.494688034057617188e-01
2.481592893600463867e-01
2.469287663698196411e-01
2.457752525806427002e-01
2.446970343589782715e-01
2.436926364898681641e-01
2.427604794502258301e-01
2.418994903564453125e-01
2.411085665225982666e-01
2.403867691755294800e-01
2.397332340478897095e-01
2.391472458839416504e-01
2.386282086372375488e-01
2.381755113601684570e-01
2.377887815237045288e-01
2.374675571918487549e-01
2.372116595506668091e-01
2.370207011699676514e-01
2.368945926427841187e-01
2.368331402540206909e-01
2.368168234825134277e-01
2.367489933967590332e-01
2.366165667772293091e-01
2.364197373390197754e-01
2.361585795879364014e-01
2.358334213495254517e-01
2.354445308446884155e-01
2.349921762943267822e-01
2.344768196344375610e-01
2.338988482952117920e-01
2.332586199045181274e-01
2.325567603111267090e-01
2.317936867475509644e-01
2.309698760509490967e-01
2.300859540700912476e-01
2.291423529386520386e-01
2.281396239995956421e-01
2.270783782005310059e-01
2.259590327739715576e-01
2.247820198535919189e-01
2.235479652881622314e-01
2.222572267055511475e-01
2.209101319313049316e-01
2.195072025060653687e-01
2.180486768484115601e-01
2.165349274873733521e-01
2.149661779403686523e-01
2.133428007364273071e-01
2.116649299860000610e-01
2.099327743053436279e-01
2.081466466188430786e-01
2.063066065311431885e-01
2.044130563735961914e-01
2.024661451578140259e-01
2.004662454128265381e-01
1.984137147665023804e-01
1.963090449571609497e-01
1.941528469324111938e-01
1.919458359479904175e-01
1.896888613700866699e-01
1.873830556869506836e-01
1.850297003984451294e-01
1.826304495334625244e-01
1.801870763301849365e-01
1.777017414569854736e-01
1.751768887042999268e-01
1.726154088973999023e-01
1.700204163789749146e-01
1.673954874277114868e-01
1.647446453571319580e-01
1.620721369981765747e-01
1.593826562166213989e-01
1.566811501979827881e-01
1.539729833602905273e-01
1.512636989355087280e-01
1.485591530799865723e-01
1.458652913570404053e-01
1.431880593299865723e-01
1.405335366725921631e-01
1.379076987504959106e-01
1.353164166212081909e-01
1.327653527259826660e-01
1.302598118782043457e-01
1.278048902750015259e-01
1.254051178693771362e-01
1.230647042393684387e-01
1.207872107625007629e-01
1.185759380459785461e-01
1.164333969354629517e-01
1.143616512417793274e-01
1.123622059822082520e-01
1.104360595345497131e-01
1.085836365818977356e-01
1.068049669265747070e-01
1.050995513796806335e-01
1.034663468599319458e-01
1.019040346145629883e-01
1.004107370972633362e-01
9.898414462804794312e-02
9.762165695428848267e-02
9.632025659084320068e-02
9.507616609334945679e-02
9.388551115989685059e-02
9.274360537528991699e-02
9.164536744356155396e-02
9.058497101068496704e-02
8.955580741167068481e-02
8.855017274618148804e-02
8.755827695131301880e-02
8.656569570302963257e-02
8.554644882678985596e-02
8.444389700889587402e-02
8.312293887138366699e-02
8.126142621040344238e-02
7.818442583084106445e-02
7.298199832439422607e-02
6.593966484069824219e-02
6.021377816796302795e-02
5.875480175018310547e-02
6.073921173810958862e-02
6.355468183755874634e-02
6.527006626129150391e-02
6.458430737257003784e-02
6.033786386251449585e-02
5.311438068747520447e-02
4.669752344489097595e-02
4.391558840870857239e-02
4.417158290743827820e-02
4.563412070274353027e-02
4.693698883056640625e-02
4.766835644841194153e-02
4.795789718627929688e-02
4.801161214709281921e-02
4.796370863914489746e-02
4.788215830922126770e-02
4.779736325144767761e-02
4.772141575813293457e-02
4.765800014138221741e-02
4.760734736919403076e-02
4.756827279925346375e-02
4.753906652331352234e-02
4.751813411712646484e-02
4.750389233231544495e-02
4.749508202075958252e-02
4.749057441949844360e-02
4.748943075537681580e-02
4.749089479446411133e-02
4.749438911676406860e-02
4.749937355518341064e-02
4.750547930598258972e-02
