4.256129860877990723e-01
4.476647973060607910e-01
4.692504405975341797e-01
4.896164238452911377e-01
5.081292390823364258e-01
5.243590474128723145e-01
5.381038188934326172e-01
5.493636131286621094e-01
5.582809448242187500e-01
5.650778412818908691e-01
5.700030922889709473e-01
5.732960104942321777e-01
5.751661658287048340e-01
5.757845044136047363e-01
5.752823948860168457e-01
5.737529397010803223e-01
5.712554454803466797e-01
5.678184032440185547e-01
5.634430646896362305e-01
5.581046342849731445e-01
5.517538785934448242e-01
5.443155169486999512e-01
5.356881618499755859e-01
5.257430672645568848e-01
5.143254995346069336e-01
5.012654662132263184e-01
4.864002764225006104e-01
4.696229398250579834e-01
4.509630799293518066e-01
4.306921362876892090e-01
4.094139337539672852e-01
3.880549073219299316e-01
3.676863312721252441e-01
3.492228388786315918e-01
3.331804573535919189e-01
3.196486234664916992e-01
3.084475398063659668e-01
2.993156015872955322e-01
2.920106947422027588e-01
2.863219380378723145e-01
2.820459604263305664e-01
2.789708375930786133e-01
2.768777608871459961e-01
2.755545079708099365e-01
2.748071551322937012e-01
2.744691073894500732e-01
2.744027674198150635e-01
2.744988203048706055e-01
2.746722698211669922e-01
2.748572230339050293e-01
2.750023305416107178e-01
2.750659883022308350e-01
2.750118970870971680e-01
2.748056352138519287e-01
2.744109332561492920e-01
2.737866938114166260e-01
2.728837430477142334e-01
2.716423273086547852e-01
2.699910104274749756e-01
2.678470611572265625e-01
2.651244401931762695e-01
2.617478072643280029e-01
2.576786577701568604e-01
2.529440224170684814e-01
2.476524859666824341e-01
2.419763058423995972e-01
2.360987365245819092e-01
2.301604747772216797e-01
2.242413759231567383e-01
2.183832675218582153e-01
2.126212269067764282e-01
2.070004642009735107e-01
2.015727758407592773e-01
1.963850855827331543e-01
1.914704740047454834e-01
1.868465095758438110e-01
1.825184524059295654e-01
1.784856766462326050e-01
1.747475415468215942e-01
1.713069975376129150e-01
1.681720912456512451e-01
1.653551608324050903e-01
1.628710627555847168e-01
1.607345640659332275e-01
1.589584648609161377e-01
1.575525403022766113e-01
1.565232425928115845e-01
1.558751910924911499e-01
1.556122899055480957e-01
1.557399928569793701e-01
1.562663167715072632e-01
1.572034060955047607e-01
1.585669219493865967e-01
1.603759229183197021e-01
1.626511663198471069e-01
1.654134392738342285e-01
1.686823219060897827e-01
1.724745035171508789e-01
1.768041998147964478e-01
1.816833913326263428e-01
1.871233582496643066e-01
1.931373029947280884e-01
1.997429281473159790e-01
2.069670855998992920e-01
2.148544788360595703e-01
2.234808802604675293e-01
2.329728901386260986e-01
2.435309290885925293e-01
2.554348111152648926e-01
2.689857780933380127e-01
2.842954397201538086e-01
3.008952140808105469e-01
3.174847364425659180e-01
3.323387801647186279e-01
3.441372513771057129e-01
3.523000478744506836e-01
3.566507399082183838e-01
3.569424748420715332e-01
3.525914549827575684e-01
3.426683545112609863e-01
3.261967003345489502e-01
3.027642667293548584e-01
2.731413245201110840e-01
2.393504679203033447e-01
2.036271989345550537e-01
1.652822494506835938e-01
1.218386441469192505e-01
7.582450658082962036e-02
5.677101761102676392e-02
6.042984500527381897e-02
6.776143610477447510e-02
7.036326080560684204e-02
8.341591060161590576e-02
1.100018620491027832e-01
1.383060514926910400e-01
1.694038510322570801e-01
2.003904581069946289e-01
2.285047769546508789e-01
2.540248632431030273e-01
2.760463058948516846e-01
2.939399480819702148e-01
3.067875206470489502e-01
3.133873939514160156e-01
3.135336339473724365e-01
3.081167638301849365e-01
2.981475889682769775e-01
2.843983173370361328e-01
2.680732309818267822e-01
2.510786950588226318e-01
2.348610162734985352e-01
2.200074344873428345e-01
2.075870633125305176e-01
1.988788098096847534e-01
1.937721520662307739e-01
1.911337226629257202e-01
1.899061650037765503e-01
1.894393265247344971e-01
1.893868893384933472e-01
1.895691752433776855e-01
1.898896396160125732e-01
1.902936398983001709e-01
1.907490640878677368e-01
1.912368088960647583e-01
1.917466521263122559e-01
1.922738850116729736e-01
1.928184181451797485e-01
1.933831572532653809e-01
1.939734369516372681e-01
1.945966482162475586e-01
1.952619701623916626e-01
1.959800869226455688e-01
1.967637389898300171e-01
1.976273953914642334e-01
1.985879540443420410e-01
1.996649056673049927e-01
2.008805721998214722e-01
2.022606283426284790e-01
2.038336545228958130e-01
2.056315243244171143e-01
2.076879590749740601e-01
2.100379019975662231e-01
2.127147763967514038e-01
2.157480567693710327e-01
2.191598266363143921e-01
2.229619473218917847e-01
2.271544933319091797e-01
2.317259758710861206e-01
2.366589456796646118e-01
2.419379502534866333e-01
2.475611865520477295e-01
2.535526752471923828e-01
2.599692344665527344e-01
2.668973505496978760e-01
2.744333744049072266e-01
2.826440930366516113e-01
2.915204465389251709e-01
3.009574115276336670e-01
3.108031153678894043e-01
3.209809064865112305e-01
3.316061496734619141e-01
3.429572880268096924e-01
3.552530109882354736e-01
3.684267997741699219e-01
3.821962177753448486e-01
3.963734507560729980e-01
4.110440611839294434e-01
4.264945685863494873e-01
4.430283904075622559e-01
4.607708454132080078e-01
4.795821309089660645e-01
4.992002546787261963e-01
5.195305347442626953e-01
5.408111214637756348e-01
5.634680986404418945e-01
5.877729654312133789e-01
6.135755777359008789e-01
6.403132677078247070e-01
6.672632098197937012e-01
6.938291192054748535e-01
7.196449041366577148e-01
7.444329857826232910e-01
7.677094936370849609e-01
7.885937690734863281e-01
8.060017824172973633e-01
8.191630244255065918e-01
8.279688954353332520e-01
8.328518867492675781e-01
8.344050049781799316e-01
8.330760598182678223e-01
8.290594816207885742e-01
8.223583698272705078e-01
8.129572868347167969e-01
8.010299205780029297e-01
7.870528101921081543e-01
7.717038393020629883e-01
7.555828094482421875e-01
7.389782667160034180e-01
7.218597531318664551e-01
7.040655016899108887e-01
6.855127215385437012e-01
6.662956476211547852e-01
6.466463208198547363e-01
6.268270611763000488e-01
6.070377826690673828e-01
5.873950719833374023e-01
5.679630637168884277e-01
5.488010048866271973e-01
5.299919247627258301e-01
5.116518735885620117e-01
4.939209520816802979e-01
4.769569337368011475e-01
4.609273076057434082e-01
4.459981620311737061e-01
4.323156476020812988e-01
4.199877381324768066e-01
4.090700745582580566e-01
3.995655179023742676e-01
3.914318978786468506e-01
3.845973014831542969e-01
3.789764344692230225e-01
3.744850456714630127e-01
