2.047380208969116211e-01
2.225412279367446899e-01
2.423794716596603394e-01
2.642249464988708496e-01
2.879311442375183105e-01
3.132150471210479736e-01
3.396603465080261230e-01
3.667455613613128662e-01
3.938958048820495605e-01
4.205458462238311768e-01
4.462027549743652344e-01
4.704887866973876953e-01
4.931600987911224365e-01
5.141027569770812988e-01
5.333114266395568848e-01
5.508602857589721680e-01
5.668740272521972656e-01
5.815041661262512207e-01
5.949102640151977539e-01
6.072480082511901855e-01
6.186627745628356934e-01
6.292881965637207031e-01
6.392478346824645996e-01
6.486633419990539551e-01
6.576690077781677246e-01
6.664372086524963379e-01
6.752247214317321777e-01
6.844465136528015137e-01
6.947747468948364258e-01
7.072119116783142090e-01
7.229411602020263672e-01
7.426180839538574219e-01
7.651634216308593750e-01
7.874615788459777832e-01
8.062595129013061523e-01
8.202794194221496582e-01
8.301426172256469727e-01
8.371118903160095215e-01
8.422763943672180176e-01
8.463603258132934570e-01
8.497941493988037109e-01
8.528221845626831055e-01
8.555817008018493652e-01
8.581510782241821289e-01
8.605772852897644043e-01
8.628897666931152344e-01
8.651086091995239258e-01
8.672485947608947754e-01
8.693212866783142090e-01
8.713356256484985352e-01
8.732996582984924316e-01
8.752193450927734375e-01
8.770998120307922363e-01
8.789451122283935547e-01
8.807581067085266113e-01
8.825407624244689941e-01
8.842940330505371094e-01
8.860180377960205078e-01
8.877122402191162109e-01
8.893755674362182617e-01
8.910062313079833984e-01
8.926023244857788086e-01
8.941616415977478027e-01
8.956818580627441406e-01
8.971608281135559082e-01
8.985962271690368652e-01
8.999862670898437500e-01
9.013292193412780762e-01
9.026237726211547852e-01
9.038688540458679199e-01
9.050640463829040527e-01
9.062088727951049805e-01
9.073033928871154785e-01
9.083482623100280762e-01
9.093438386917114258e-01
9.102911949157714844e-01
9.111913442611694336e-01
9.120458364486694336e-01
9.128559231758117676e-01
9.136233329772949219e-01
9.143496155738830566e-01
9.150366187095642090e-01
9.156859517097473145e-01
9.162994623184204102e-01
9.168786406517028809e-01
9.174255728721618652e-01
9.179415702819824219e-01
9.184284806251525879e-01
9.188877344131469727e-01
9.193209409713745117e-01
9.197294712066650391e-01
9.201146364212036133e-01
9.204779267311096191e-01
9.208203554153442383e-01
9.211432337760925293e-01
9.214476943016052246e-01
9.217346310615539551e-01
9.220051169395446777e-01
9.222599267959594727e-01
9.225001931190490723e-01
9.227265119552612305e-01
9.229396581649780273e-01
9.231404662132263184e-01
9.233293533325195312e-01
9.235072731971740723e-01
9.236744046211242676e-01
9.238315820693969727e-01
9.239791631698608398e-01
9.241176843643188477e-01
9.242475032806396484e-01
9.243689775466918945e-01
9.244827032089233398e-01
9.245887398719787598e-01
9.246876239776611328e-01
9.247794747352600098e-01
9.248647093772888184e-01
9.249434471130371094e-01
9.250159263610839844e-01
9.250824451446533203e-01
9.251431822776794434e-01
9.251982569694519043e-01
9.252478480339050293e-01
9.252920746803283691e-01
9.253310561180114746e-01
9.253649115562438965e-01
9.253937005996704102e-01
9.254174828529357910e-01
9.254364967346191406e-01
9.254505634307861328e-01
9.254599809646606445e-01
9.254644513130187988e-01
9.254657030105590820e-01
9.254707098007202148e-01
9.254804253578186035e-01
9.254949092864990234e-01
9.255141019821166992e-01
9.255377650260925293e-01
9.255661964416503906e-01
9.255990386009216309e-01
9.256363511085510254e-01
9.256778955459594727e-01
9.257236719131469727e-01
9.257735013961791992e-01
9.258272647857666016e-01
9.258849024772644043e-01
9.259462356567382812e-01
9.260109066963195801e-01
9.260790944099426270e-01
9.261505007743835449e-01
9.262248277664184570e-01
9.263020753860473633e-01
9.263818264007568359e-01
9.264642000198364258e-01
9.265487194061279297e-01
9.266353845596313477e-01
9.267239570617675781e-01
9.268142580986022949e-01
9.269060492515563965e-01
9.269991517066955566e-01
9.270933866500854492e-01
9.271884560585021973e-01
9.272844195365905762e-01
9.273809790611267090e-01
9.274778962135314941e-01
9.275749921798706055e-01
9.276722669601440430e-01
9.277693033218383789e-01
9.278661608695983887e-01
9.279626607894897461e-01
9.280585646629333496e-01
9.281538128852844238e-01
9.282483458518981934e-01
9.283418059349060059e-01
9.284343719482421875e-01
9.285257458686828613e-01
9.286158680915832520e-01
9.287046194076538086e-01
9.287919998168945312e-01
9.288780093193054199e-01
9.289623498916625977e-01
9.290449619293212891e-01
9.291260242462158203e-01
9.292054176330566406e-01
9.292829036712646484e-01
9.293586611747741699e-01
9.294326305389404297e-01
9.295045733451843262e-01
9.295747280120849609e-01
9.296430349349975586e-01
9.297093152999877930e-01
9.297736883163452148e-01
9.298361539840698242e-01
9.298967719078063965e-01
9.299553036689758301e-01
9.300120472908020020e-01
9.300667643547058105e-01
9.301195740699768066e-01
9.301704168319702148e-01
9.302194118499755859e-01
9.302665591239929199e-01
9.303116202354431152e-01
9.303549528121948242e-01
9.303964376449584961e-01
9.304359555244445801e-01
9.304735660552978516e-01
9.305093884468078613e-01
9.305432438850402832e-01
9.305751323699951172e-01
9.306051731109619141e-01
9.306331276893615723e-01
9.306591749191284180e-01
9.306831955909729004e-01
9.307050108909606934e-01
9.307247400283813477e-01
9.307420849800109863e-01
9.307571649551391602e-01
9.307695627212524414e-01
9.307793378829956055e-01
9.307861924171447754e-01
9.307897686958312988e-01
9.307901263236999512e-01
9.307864904403686523e-01
9.307786226272583008e-01
9.307660460472106934e-01
9.307480454444885254e-01
9.307239055633544922e-01
9.306926131248474121e-01
9.306530952453613281e-01
9.306038022041320801e-01
9.305433034896850586e-01
9.304690957069396973e-01
9.303786158561706543e-01
9.302686452865600586e-01
9.301348328590393066e-01
9.299724102020263672e-01
9.297751188278198242e-01
9.295361042022705078e-01
9.292480945587158203e-01
9.289044141769409180e-01
9.285023212432861328e-01
9.280481934547424316e-01
9.275664687156677246e-01
9.271135926246643066e-01
9.267923831939697266e-01
9.267628788948059082e-01
9.272341728210449219e-01
9.284201264381408691e-01
9.304545521736145020e-01
9.332981705665588379e-01
9.367119669914245605e-01
9.403545856475830078e-01
9.439411759376525879e-01
9.473301768302917480e-01
9.504843354225158691e-01
9.533797502517700195e-01
9.559697508811950684e-01
9.582127928733825684e-01
9.601022005081176758e-01
9.616633653640747070e-01
9.629356265068054199e-01
9.639588594436645508e-01
