5.255971103906631470e-02
5.411740392446517944e-02
5.571894347667694092e-02
5.736517533659934998e-02
5.905681848526000977e-02
6.079467758536338806e-02
6.257940828800201416e-02
6.441178917884826660e-02
6.629247963428497314e-02
6.822212785482406616e-02
7.020135223865509033e-02
7.223074138164520264e-02
7.431086897850036621e-02
7.644221931695938110e-02
7.862526178359985352e-02
8.086048066616058350e-02
8.314820379018783569e-02
8.548879623413085938e-02
8.788248151540756226e-02
9.032957255840301514e-02
9.283009916543960571e-02
9.538435190916061401e-02
9.799225628376007080e-02
1.006537973880767822e-01
1.033689528703689575e-01
1.061375141143798828e-01
1.089592650532722473e-01
1.118340045213699341e-01
1.147612184286117554e-01
1.177405342459678650e-01
1.207715198397636414e-01
1.238534674048423767e-01
1.269856691360473633e-01
1.301675140857696533e-01
1.333981156349182129e-01
1.366765201091766357e-01
1.400018036365509033e-01
1.433728486299514771e-01
1.467885226011276245e-01
1.502476781606674194e-01
1.537488996982574463e-01
1.572908908128738403e-01
1.608721613883972168e-01
1.644912213087081909e-01
1.681464016437530518e-01
1.718361377716064453e-01
1.755587160587310791e-01
1.793122887611389160e-01
1.830949932336807251e-01
1.869049668312072754e-01
1.907402276992797852e-01
1.945987343788146973e-01
1.984784603118896484e-01
2.023773640394210815e-01
2.062931656837463379e-01
2.102237790822982788e-01
2.141669094562530518e-01
2.181203663349151611e-01
2.220818251371383667e-01
2.260491549968719482e-01
2.300198078155517578e-01
2.339915931224822998e-01
2.379621416330337524e-01
2.419290691614151001e-01
2.458901107311248779e-01
2.498429566621780396e-01
2.537851929664611816e-01
2.577144801616668701e-01
2.616285681724548340e-01
2.655251622200012207e-01
2.694019079208374023e-01
2.732566595077514648e-01
2.770870923995971680e-01
2.808910608291625977e-01
2.846664190292358398e-01
2.884109616279602051e-01
2.921226322650909424e-01
2.957993447780609131e-01
2.994391620159149170e-01
3.030399978160858154e-01
3.066000342369079590e-01
3.101172745227813721e-01
3.135899305343627930e-01
3.170161843299865723e-01
3.203943669795989990e-01
3.237226903438568115e-01
3.269995450973510742e-01
3.302233815193176270e-01
3.333925902843475342e-01
3.365057110786437988e-01
3.395613133907318115e-01
3.425579369068145752e-01
3.454943299293518066e-01
3.483692109584808350e-01
3.511812686920166016e-01
3.539293706417083740e-01
3.566123545169830322e-01
3.592290878295898438e-01
3.617786467075347900e-01
3.642598986625671387e-01
3.666719496250152588e-01
3.690139651298522949e-01
3.712849915027618408e-01
3.734842240810394287e-01
3.756108283996582031e-01
3.776641786098480225e-01
3.796435296535491943e-01
3.815482258796691895e-01
3.833775818347930908e-01
3.851311206817626953e-01
3.868082463741302490e-01
3.884083926677703857e-01
3.899311721324920654e-01
3.913759589195251465e-01
3.927424550056457520e-01
3.940303027629852295e-01
3.952390551567077637e-01
3.963684141635894775e-01
3.974180221557617188e-01
3.983876407146453857e-01
3.992770612239837646e-01
4.000859260559082031e-01
4.008141160011291504e-01
4.014613032341003418e-01
4.020275473594665527e-01
4.025125503540039062e-01
4.029162228107452393e-01
4.032384455204010010e-01
4.034792184829711914e-01
4.036383628845214844e-01
4.037159085273742676e-01
4.037365019321441650e-01
4.038222134113311768e-01
4.039895832538604736e-01
4.042387008666992188e-01
4.045695066452026367e-01
4.049822390079498291e-01
4.054768383502960205e-01
4.060535430908203125e-01
4.067124128341674805e-01
4.074536561965942383e-01
4.082774817943572998e-01
4.091839492321014404e-01
4.101733565330505371e-01
4.112459421157836914e-01
4.124019145965576172e-01
4.136415719985961914e-01
4.149651229381561279e-01
4.163728058338165283e-01
4.178650081157684326e-01
4.194418787956237793e-01
4.211039543151855469e-01
4.228513240814208984e-01
4.246844351291656494e-01
4.266034960746765137e-01
4.286089241504669189e-01
4.307009875774383545e-01
4.328800737857818604e-01
4.351464211940765381e-01
4.375002980232238770e-01
4.399420917034149170e-01
4.424720406532287598e-01
4.450903832912445068e-01
4.477974176406860352e-01
4.505933821201324463e-01
4.534784853458404541e-01
4.564529359340667725e-01
4.595168530941009521e-01
4.626703560352325439e-01
4.659135639667510986e-01
4.692464470863342285e-01
4.726691544055938721e-01
4.761816263198852539e-01
4.797836244106292725e-01
4.834752678871154785e-01
4.872561693191528320e-01
4.911260604858398438e-01
4.950846731662750244e-01
4.991317689418792725e-01
5.032666921615600586e-01
5.074889659881591797e-01
5.117980241775512695e-01
5.161930322647094727e-01
5.206733345985412598e-01
5.252380371093750000e-01
5.298861861228942871e-01
5.346165299415588379e-01
5.394280552864074707e-01
5.443193316459655762e-01
5.492891669273376465e-01
5.543358325958251953e-01
5.594578981399536133e-01
5.646534562110900879e-01
5.699206590652465820e-01
5.752575993537902832e-01
5.806620717048645020e-01
5.861318707466125488e-01
5.916647315025329590e-01
5.972579717636108398e-01
6.029090881347656250e-01
6.086152791976928711e-01
6.143738031387329102e-01
6.201815009117126465e-01
6.260354518890380859e-01
6.319322586059570312e-01
6.378686428070068359e-01
6.438411474227905273e-01
6.498461961746215820e-01
6.558802127838134766e-01
6.619393825531005859e-01
6.680198907852172852e-01
6.741178631782531738e-01
6.802292466163635254e-01
6.863499879837036133e-01
6.924761533737182617e-01
6.986032724380493164e-01
7.047275304794311523e-01
7.108444571495056152e-01
7.169498801231384277e-01
7.230395674705505371e-01
7.291092872619628906e-01
7.351548671722412109e-01
7.411722540855407715e-01
7.471569776535034180e-01
7.531051039695739746e-01
7.590126395225524902e-01
7.648756504058837891e-01
7.706902623176574707e-01
7.764527201652526855e-01
7.821592092514038086e-01
7.878061532974243164e-01
7.933902740478515625e-01
7.989081144332885742e-01
8.043566942214965820e-01
8.097328543663024902e-01
8.150338530540466309e-01
8.202569484710693359e-01
8.253994584083557129e-01
8.304591178894042969e-01
8.354338407516479492e-01
8.403215408325195312e-01
8.451203703880310059e-01
8.498286604881286621e-01
8.544450402259826660e-01
8.589681386947631836e-01
8.633968830108642578e-01
8.677303791046142578e-01
8.719678521156311035e-01
8.761088252067565918e-01
8.801527023315429688e-01
8.840994834899902344e-01
8.879489898681640625e-01
8.917013406753540039e-01
8.953568339347839355e-01
8.989156484603881836e-01
9.023786187171936035e-01
9.057460427284240723e-01
9.090190529823303223e-01
9.121984839439392090e-01
9.152851700782775879e-01
9.182803630828857422e-01
