1.103509962558746338e-01
1.261977851390838623e-01
1.688503473997116089e-01
2.766876220703125000e-01
3.963160514831542969e-01
4.619321823120117188e-01
5.034967064857482910e-01
5.487583279609680176e-01
6.097840070724487305e-01
6.737091541290283203e-01
7.274218201637268066e-01
7.552667856216430664e-01
7.623226642608642578e-01
7.632687687873840332e-01
7.632820010185241699e-01
7.681162357330322266e-01
7.953979969024658203e-01
8.322356939315795898e-01
8.625387549400329590e-01
8.641421198844909668e-01
8.629453182220458984e-01
8.619331717491149902e-01
8.613864779472351074e-01
8.613470196723937988e-01
8.617132902145385742e-01
8.623112440109252930e-01
8.629842996597290039e-01
8.636547923088073730e-01
8.643711805343627930e-01
8.654405474662780762e-01
8.680094480514526367e-01
8.768710494041442871e-01
9.059588313102722168e-01
9.327521920204162598e-01
9.365414381027221680e-01
9.364883303642272949e-01
9.366201758384704590e-01
9.372915029525756836e-01
9.386099576950073242e-01
9.405028223991394043e-01
9.422872662544250488e-01
9.426169991493225098e-01
9.404350519180297852e-01
9.362958669662475586e-01
9.322533607482910156e-01
9.297865033149719238e-01
9.292670488357543945e-01
9.305301308631896973e-01
9.332983493804931641e-01
9.376352429389953613e-01
9.437552094459533691e-01
9.510900974273681641e-01
9.579296112060546875e-01
9.629252552986145020e-01
9.658778905868530273e-01
9.666383266448974609e-01
9.649887681007385254e-01
9.617348313331604004e-01
9.593390226364135742e-01
9.588616490364074707e-01
9.602695107460021973e-01
9.647540450096130371e-01
9.718739986419677734e-01
9.765759706497192383e-01
9.781771898269653320e-01
9.180037379264831543e-01
6.784326434135437012e-01
8.920037150382995605e-01
9.656136035919189453e-01
9.769757390022277832e-01
9.813687801361083984e-01
9.832783341407775879e-01
9.839296340942382812e-01
9.841230511665344238e-01
9.841635823249816895e-01
9.841417670249938965e-01
9.840833544731140137e-01
9.839927554130554199e-01
9.838662743568420410e-01
9.836962819099426270e-01
9.834733605384826660e-01
9.831885695457458496e-01
9.828363060951232910e-01
9.824169874191284180e-01
9.819393754005432129e-01
9.814196825027465820e-01
9.808767437934875488e-01
9.803274273872375488e-01
9.797827601432800293e-01
9.792487621307373047e-01
9.787290096282958984e-01
9.782268404960632324e-01
9.777467846870422363e-01
9.772935509681701660e-01
9.768717885017395020e-01
9.764848351478576660e-01
9.761342406272888184e-01
9.758201837539672852e-01
9.755409955978393555e-01
9.752946496009826660e-01
9.750781655311584473e-01
9.748883247375488281e-01
9.747220277786254883e-01
9.745765328407287598e-01
9.744490385055541992e-01
9.743372201919555664e-01
9.742392301559448242e-01
9.741529226303100586e-01
9.740771055221557617e-01
9.740102887153625488e-01
9.739513397216796875e-01
9.738993644714355469e-01
9.738535284996032715e-01
9.738131761550903320e-01
9.737777113914489746e-01
9.737464189529418945e-01
9.737189412117004395e-01
9.736948609352111816e-01
9.736738204956054688e-01
9.736556410789489746e-01
9.736397862434387207e-01
9.736262559890747070e-01
9.736146330833435059e-01
9.736047983169555664e-01
9.735965132713317871e-01
9.735897779464721680e-01
9.735843539237976074e-01
9.735801219940185547e-01
9.735769629478454590e-01
9.735750555992126465e-01
9.735740423202514648e-01
9.735738039016723633e-01
9.735727906227111816e-01
9.735707640647888184e-01
9.735677242279052734e-01
9.735638499259948730e-01
9.735592603683471680e-01
9.735539555549621582e-01
9.735480546951293945e-01
9.735418558120727539e-01
9.735354185104370117e-01
9.735288619995117188e-01
9.735226631164550781e-01
9.735170006752014160e-01
9.735119938850402832e-01
9.735082983970642090e-01
9.735061526298522949e-01
9.735059142112731934e-01
9.735084176063537598e-01
9.735141396522521973e-01
9.735239744186401367e-01
9.735388159751892090e-01
9.735596776008605957e-01
9.735884070396423340e-01
9.736264944076538086e-01
9.736762046813964844e-01
9.737403988838195801e-01
9.738225936889648438e-01
9.739270210266113281e-01
9.740586876869201660e-01
9.742237329483032227e-01
9.744286537170410156e-01
9.746797084808349609e-01
9.749817848205566406e-01
9.753366112709045410e-01
9.757397174835205078e-01
9.761792421340942383e-01
9.766352176666259766e-01
9.770826101303100586e-01
9.774967432022094727e-01
9.778587222099304199e-01
9.781590700149536133e-01
9.783976078033447266e-01
9.785808920860290527e-01
9.787186384201049805e-01
9.788212776184082031e-01
9.788979291915893555e-01
9.789566397666931152e-01
9.790034890174865723e-01
9.790437221527099609e-01
9.790817499160766602e-01
9.791212677955627441e-01
9.791659712791442871e-01
9.792183041572570801e-01
9.792786836624145508e-01
9.793422818183898926e-01
9.793939590454101562e-01
9.794020652770996094e-01
9.793161749839782715e-01
9.790748953819274902e-01
9.786319732666015625e-01
9.779881238937377930e-01
9.772005677223205566e-01
9.763476252555847168e-01
9.754741191864013672e-01
9.745687246322631836e-01
9.735899567604064941e-01
9.725162386894226074e-01
9.713796377182006836e-01
9.702574014663696289e-01
9.692283272743225098e-01
9.683338999748229980e-01
9.675700664520263672e-01
9.668979048728942871e-01
9.662553071975708008e-01
9.655553698539733887e-01
9.646716117858886719e-01
9.634200334548950195e-01
9.615909457206726074e-01
9.591513276100158691e-01
9.565385580062866211e-01
9.544324278831481934e-01
9.530573487281799316e-01
9.521213173866271973e-01
9.511659145355224609e-01
9.496420621871948242e-01
9.469667077064514160e-01
9.433554410934448242e-01
9.405521750450134277e-01
9.396536946296691895e-01
9.400245547294616699e-01
9.407483339309692383e-01
9.407962560653686523e-01
9.371945261955261230e-01
9.258292317390441895e-01
9.156111478805541992e-01
9.157401323318481445e-01
9.251167178153991699e-01
9.330186247825622559e-01
9.338850975036621094e-01
9.308217167854309082e-01
9.264101982116699219e-01
9.237142205238342285e-01
9.251580834388732910e-01
9.311036467552185059e-01
9.385878443717956543e-01
9.452183842658996582e-01
9.481091499328613281e-01
9.472671747207641602e-01
9.458711743354797363e-01
9.451158046722412109e-01
9.452596902847290039e-01
9.461211562156677246e-01
9.471803307533264160e-01
9.469555616378784180e-01
9.442452788352966309e-01
9.434698224067687988e-01
9.456871151924133301e-01
9.511214494705200195e-01
9.584083557128906250e-01
9.618404507637023926e-01
9.609065055847167969e-01
9.585926532745361328e-01
9.580439329147338867e-01
9.615110754966735840e-01
9.680041670799255371e-01
9.725868105888366699e-01
9.740521311759948730e-01
9.718030691146850586e-01
9.699942469596862793e-01
9.702099561691284180e-01
