6.202666759490966797e-01
6.369991898536682129e-01
6.653615832328796387e-01
7.065826058387756348e-01
7.484537959098815918e-01
7.764410972595214844e-01
7.937161326408386230e-01
8.125649690628051758e-01
8.405194878578186035e-01
8.696887493133544922e-01
8.880992531776428223e-01
8.965171575546264648e-01
8.999473452568054199e-01
9.013834595680236816e-01
9.023339748382568359e-01
9.045606851577758789e-01
9.140281081199645996e-01
9.336272478103637695e-01
9.422881603240966797e-01
9.437705278396606445e-01
9.438327550888061523e-01
9.435672163963317871e-01
9.432207345962524414e-01
9.428817033767700195e-01
9.425858855247497559e-01
9.423452019691467285e-01
9.421641230583190918e-01
9.420564770698547363e-01
9.420845508575439453e-01
9.424881339073181152e-01
9.441832304000854492e-01
9.503076672554016113e-01
9.623372554779052734e-01
9.700113534927368164e-01
9.726814627647399902e-01
9.735149741172790527e-01
9.737554192543029785e-01
9.737930893898010254e-01
9.737431406974792480e-01
9.736303091049194336e-01
9.734457135200500488e-01
9.731640815734863281e-01
9.727496504783630371e-01
9.721659421920776367e-01
9.713940024375915527e-01
9.704759716987609863e-01
9.695799350738525391e-01
9.690632820129394531e-01
9.694412350654602051e-01
9.711351394653320312e-01
9.739992022514343262e-01
9.771299958229064941e-01
9.795694947242736816e-01
9.810633659362792969e-01
9.818601012229919434e-01
9.822545647621154785e-01
9.824393987655639648e-01
9.825205206871032715e-01
9.825521707534790039e-01
9.825615286827087402e-01
9.825615286827087402e-01
9.825578331947326660e-01
9.825490713119506836e-01
9.824718832969665527e-01
9.811446070671081543e-01
9.420978426933288574e-01
8.222517967224121094e-01
9.613717794418334961e-01
9.837930798530578613e-01
9.854338169097900391e-01
9.855923652648925781e-01
9.855782985687255859e-01
9.855189323425292969e-01
9.854114651679992676e-01
9.852237701416015625e-01
9.848971366882324219e-01
9.843415617942810059e-01
9.834463000297546387e-01
9.821271300315856934e-01
9.804027080535888672e-01
9.784306883811950684e-01
9.764426350593566895e-01
9.746267795562744141e-01
9.730668663978576660e-01
9.717553257942199707e-01
9.706355333328247070e-01
9.696347713470458984e-01
9.686813354492187500e-01
9.677089452743530273e-01
9.666564464569091797e-01
9.654652476310729980e-01
9.640769362449645996e-01
9.624333977699279785e-01
9.604798555374145508e-01
9.581750631332397461e-01
9.555086493492126465e-01
9.525256752967834473e-01
9.493446946144104004e-01
9.461517333984375000e-01
9.431569576263427734e-01
9.405309557914733887e-01
9.383593797683715820e-01
9.366415143013000488e-01
9.353190660476684570e-01
9.343096613883972168e-01
9.335302710533142090e-01
9.329074025154113770e-01
9.323790669441223145e-01
9.318938255310058594e-01
9.314079880714416504e-01
9.308834671974182129e-01
9.302870631217956543e-01
9.295932650566101074e-01
9.287949800491333008e-01
9.279281497001647949e-01
9.271218776702880859e-01
9.266685843467712402e-01
9.270403981208801270e-01
9.286501407623291016e-01
9.313491582870483398e-01
9.344919323921203613e-01
9.377272725105285645e-01
9.395701289176940918e-01
9.374963045120239258e-01
9.311431646347045898e-01
9.217611551284790039e-01
9.134553074836730957e-01
9.230833053588867188e-01
9.313089251518249512e-01
9.349970221519470215e-01
9.362956881523132324e-01
9.365938305854797363e-01
9.376497864723205566e-01
9.390435814857482910e-01
9.401280879974365234e-01
9.407646059989929199e-01
9.411476254463195801e-01
9.414396882057189941e-01
9.416531920433044434e-01
9.416773915290832520e-01
9.413198828697204590e-01
9.403805136680603027e-01
9.388119578361511230e-01
9.368916153907775879e-01
9.351796507835388184e-01
9.342185258865356445e-01
9.342548251152038574e-01
9.351686835289001465e-01
9.365850090980529785e-01
9.380850791931152344e-01
9.393776655197143555e-01
9.403309822082519531e-01
9.409114718437194824e-01
9.411172270774841309e-01
9.409440159797668457e-01
9.403811693191528320e-01
9.394286870956420898e-01
9.381235837936401367e-01
9.365607500076293945e-01
9.348949790000915527e-01
9.333155155181884766e-01
9.320028424263000488e-01
9.310854673385620117e-01
9.306169152259826660e-01
9.305770993232727051e-01
9.308927655220031738e-01
9.314624071121215820e-01
9.321759939193725586e-01
9.329246878623962402e-01
9.336015582084655762e-01
9.340941309928894043e-01
9.342713952064514160e-01
9.339726567268371582e-01
9.330103397369384766e-01
9.312133193016052246e-01
9.285284280776977539e-01
9.251345992088317871e-01
9.214462637901306152e-01
9.179353117942810059e-01
9.149103164672851562e-01
9.124397635459899902e-01
9.104215502738952637e-01
9.086837172508239746e-01
9.070457220077514648e-01
9.053367972373962402e-01
9.033920764923095703e-01
9.010415673255920410e-01
8.981028199195861816e-01
8.943868279457092285e-01
8.897271156311035156e-01
8.840355277061462402e-01
8.773674964904785156e-01
8.699496984481811523e-01
8.621166348457336426e-01
8.541626930236816406e-01
8.461923599243164062e-01
8.380603790283203125e-01
8.294250369071960449e-01
8.199048638343811035e-01
8.093004822731018066e-01
7.977927923202514648e-01
7.859442830085754395e-01
7.744259238243103027e-01
7.636677026748657227e-01
7.536776065826416016e-01
7.440506219863891602e-01
7.340083122253417969e-01
7.223554849624633789e-01
7.074698209762573242e-01
6.879788041114807129e-01
6.649080514907836914e-01
6.427474617958068848e-01
6.251993775367736816e-01
6.114198565483093262e-01
5.973675847053527832e-01
5.774214267730712891e-01
5.470157265663146973e-01
5.117830634117126465e-01
4.872866272926330566e-01
4.790266752243041992e-01
4.811466038227081299e-01
4.838039577007293701e-01
4.687857627868652344e-01
4.109949767589569092e-01
3.063240647315979004e-01
1.825126111507415771e-01
1.370383203029632568e-01
1.279615610837936401e-01
1.257645338773727417e-01
1.250368207693099976e-01
1.247130110859870911e-01
1.245256438851356506e-01
1.243912875652313232e-01
1.242782697081565857e-01
1.241723895072937012e-01
1.240657716989517212e-01
1.239534467458724976e-01
1.238326504826545715e-01
1.237029507756233215e-01
1.235691010951995850e-01
1.234467104077339172e-01
1.233750581741333008e-01
1.234466657042503357e-01
1.238781511783599854e-01
1.251993030309677124e-01
1.288449168205261230e-01
1.391476392745971680e-01
1.674141287803649902e-01
2.210338115692138672e-01
2.825748622417449951e-01
3.274376392364501953e-01
3.490643799304962158e-01
3.687083125114440918e-01
3.999640047550201416e-01
4.417766928672790527e-01
4.808613061904907227e-01
5.087354183197021484e-01
5.265200734138488770e-01
5.378435850143432617e-01
5.453380346298217773e-01
5.505053400993347168e-01
