7.953228354454040527e-01
8.006836175918579102e-01
8.059527873992919922e-01
8.111267685890197754e-01
8.162013888359069824e-01
8.211721777915954590e-01
8.260338902473449707e-01
8.307814598083496094e-01
8.354097008705139160e-01
8.399133682250976562e-01
8.442878723144531250e-01
8.485287427902221680e-01
8.526322841644287109e-01
8.565950393676757812e-01
8.604145050048828125e-01
8.640890121459960938e-01
8.676173686981201172e-01
8.709992766380310059e-01
8.742350339889526367e-01
8.773259520530700684e-01
8.802736401557922363e-01
8.830807209014892578e-01
8.857499361038208008e-01
8.882848024368286133e-01
8.906891345977783203e-01
8.929669857025146484e-01
8.951231241226196289e-01
8.971619009971618652e-01
8.990883231163024902e-01
9.009071588516235352e-01
9.026233553886413574e-01
9.042419195175170898e-01
9.057675600051879883e-01
9.072052836418151855e-01
9.085596799850463867e-01
9.098353385925292969e-01
9.110366702079772949e-01
9.121677875518798828e-01
9.132329225540161133e-01
9.142358899116516113e-01
9.151804447174072266e-01
9.160701036453247070e-01
9.169082045555114746e-01
9.176978468894958496e-01
9.184421896934509277e-01
9.191438555717468262e-01
9.198056459426879883e-01
9.204298257827758789e-01
9.210190176963806152e-01
9.215753078460693359e-01
9.221006631851196289e-01
9.225969910621643066e-01
9.230661988258361816e-01
9.235100150108337402e-01
9.239298701286315918e-01
9.243273138999938965e-01
9.247035980224609375e-01
9.250602126121520996e-01
9.253982305526733398e-01
9.257186651229858398e-01
9.260227680206298828e-01
9.263114333152770996e-01
9.265855550765991211e-01
9.268459081649780273e-01
9.270933866500854492e-01
9.273288249969482422e-01
9.275526404380798340e-01
9.277657270431518555e-01
9.279685020446777344e-01
9.281617403030395508e-01
9.283457994461059570e-01
9.285212159156799316e-01
9.286885857582092285e-01
9.288481473922729492e-01
9.290004372596740723e-01
9.291458129882812500e-01
9.292845726013183594e-01
9.294170737266540527e-01
9.295436143875122070e-01
9.296645522117614746e-01
9.297803044319152832e-01
9.298908114433288574e-01
9.299964308738708496e-01
9.300975203514099121e-01
9.301941394805908203e-01
9.302867054939270020e-01
9.303750991821289062e-01
9.304597377777099609e-01
9.305407404899597168e-01
9.306181669235229492e-01
9.306923151016235352e-01
9.307632446289062500e-01
9.308310747146606445e-01
9.308959841728210449e-01
9.309580326080322266e-01
9.310173392295837402e-01
9.310740828514099121e-01
9.311283826828002930e-01
9.311801195144653320e-01
9.312296509742736816e-01
9.312767982482910156e-01
9.313218593597412109e-01
9.313647747039794922e-01
9.314057230949401855e-01
9.314446449279785156e-01
9.314817786216735840e-01
9.315169453620910645e-01
9.315503239631652832e-01
9.315819740295410156e-01
9.316120147705078125e-01
9.316403269767761230e-01
9.316670298576354980e-01
9.316921830177307129e-01
9.317159056663513184e-01
9.317380189895629883e-01
9.317587018013000488e-01
9.317779541015625000e-01
9.317957758903503418e-01
9.318122267723083496e-01
9.318273663520812988e-01
9.318411350250244141e-01
9.318535327911376953e-01
9.318647384643554688e-01
9.318746328353881836e-01
9.318831562995910645e-01
9.318906068801879883e-01
9.318966865539550781e-01
9.319014549255371094e-01
9.319050908088684082e-01
9.319074749946594238e-01
9.319087266921997070e-01
9.319090247154235840e-01
9.319102764129638672e-01
9.319127798080444336e-01
9.319164752960205078e-01
9.319214224815368652e-01
9.319275617599487305e-01
9.319348931312561035e-01
9.319434762001037598e-01
9.319531321525573730e-01
9.319640994071960449e-01
9.319761395454406738e-01
9.319892525672912598e-01
9.320035576820373535e-01
9.320188760757446289e-01
9.320353269577026367e-01
9.320528507232666016e-01
9.320713877677917480e-01
9.320909380912780762e-01
9.321114420890808105e-01
9.321330189704895020e-01
9.321554899215698242e-01
9.321787953376770020e-01
9.322030544281005859e-01
9.322280883789062500e-01
9.322540163993835449e-01
9.322806596755981445e-01
9.323080778121948242e-01
9.323362708091735840e-01
9.323650598526000977e-01
9.323946237564086914e-01
9.324247837066650391e-01
9.324554800987243652e-01
9.324867725372314453e-01
9.325186014175415039e-01
9.325509071350097656e-01
9.325836896896362305e-01
9.326168894767761230e-01
9.326505661010742188e-01
9.326844811439514160e-01
9.327188134193420410e-01
9.327534437179565430e-01
9.327883124351501465e-01
9.328233599662780762e-01
9.328587055206298828e-01
9.328942298889160156e-01
9.329298138618469238e-01
9.329655766487121582e-01
9.330013990402221680e-01
9.330372810363769531e-01
9.330732226371765137e-01
9.331092238426208496e-01
9.331450462341308594e-01
9.331809282302856445e-01
9.332167506217956543e-01
9.332524538040161133e-01
9.332879781723022461e-01
9.333235025405883789e-01
9.333587884902954102e-01
9.333938956260681152e-01
9.334288239479064941e-01
9.334635734558105469e-01
9.334980845451354980e-01
9.335322380065917969e-01
9.335662126541137695e-01
9.335998892784118652e-01
9.336333870887756348e-01
9.336664080619812012e-01
9.336992502212524414e-01
9.337316751480102539e-01
9.337638020515441895e-01
9.337955117225646973e-01
9.338268637657165527e-01
9.338579773902893066e-01
9.338886141777038574e-01
9.339188933372497559e-01
9.339487552642822266e-01
9.339782595634460449e-01
9.340072870254516602e-01
9.340359568595886230e-01
9.340642690658569336e-01
9.340921640396118164e-01
9.341195225715637207e-01
9.341465234756469727e-01
9.341731667518615723e-01
9.341992735862731934e-01
9.342250823974609375e-01
9.342503547668457031e-01
9.342752695083618164e-01
9.342998266220092773e-01
9.343238472938537598e-01
9.343474507331848145e-01
9.343706965446472168e-01
9.343934655189514160e-01
9.344158172607421875e-01
9.344378113746643066e-01
9.344593286514282227e-01
9.344806075096130371e-01
9.345012903213500977e-01
9.345216155052185059e-01
9.345415830612182617e-01
9.345610737800598145e-01
9.345802068710327148e-01
9.345991015434265137e-01
9.346174001693725586e-01
9.346354007720947266e-01
9.346531033515930176e-01
9.346703290939331055e-01
9.346872568130493164e-01
9.347037076950073242e-01
9.347199797630310059e-01
9.347358345985412598e-01
9.347512125968933105e-01
9.347664117813110352e-01
9.347812533378601074e-01
9.347956776618957520e-01
9.348098635673522949e-01
9.348236322402954102e-01
9.348371624946594238e-01
9.348503947257995605e-01
9.348633289337158203e-01
9.348759055137634277e-01
9.348882436752319336e-01
9.349002242088317871e-01
9.349118471145629883e-01
9.349233508110046387e-01
9.349344968795776367e-01
9.349453449249267578e-01
9.349559545516967773e-01
9.349662661552429199e-01
9.349763989448547363e-01
