2.727923674683552235e-05
3.469716466497629881e-05
4.296616316423751414e-05
4.852934216614812613e-05
5.456216240418143570e-05
6.344821304082870483e-05
7.438861939590424299e-05
8.549988706363365054e-05
9.723428956931456923e-05
1.120295564760453999e-04
1.283527526538819075e-04
1.410732947988435626e-04
1.509821740910410881e-04
1.624257420189678669e-04
1.780632010195404291e-04
1.959622459253296256e-04
2.115123206749558449e-04
2.230523969046771526e-04
2.322650107089430094e-04
2.418038784526288509e-04
2.538188127800822258e-04
2.687207597773522139e-04
2.847266441676765680e-04
2.996409020852297544e-04
3.126307274214923382e-04
3.239787183701992035e-04
3.344992001075297594e-04
3.453094977885484695e-04
3.571581910364329815e-04
3.696362837217748165e-04
3.815006057266145945e-04
3.918144502677023411e-04
4.004666116088628769e-04
4.079107311554253101e-04
4.147579020354896784e-04
4.215280641801655293e-04
4.285377799533307552e-04
4.358635633252561092e-04
4.433589347172528505e-04
4.507476114667952061e-04
4.577561921905726194e-04
4.642194544430822134e-04
4.701111465692520142e-04
4.755063273478299379e-04
4.805285134352743626e-04
4.853084683418273926e-04
4.899610066786408424e-04
4.945744876749813557e-04
4.992013564333319664e-04
5.038672243244946003e-04
5.085645243525505066e-04
5.132615915499627590e-04
5.179113941267132759e-04
5.224565975368022919e-04
5.268405657261610031e-04
5.310131818987429142e-04
5.349367856979370117e-04
5.385874537751078606e-04
5.419568042270839214e-04
5.450550233945250511e-04
5.479151732288300991e-04
5.506257875822484493e-04
5.534162628464400768e-04
5.568924825638532639e-04
5.624016048386693001e-04
5.714583676308393478e-04
5.823286483064293861e-04
5.904143908992409706e-04
5.948194302618503571e-04
5.972155486233532429e-04
5.988077609799802303e-04
6.001098081469535828e-04
6.013101665303111076e-04
6.024767062626779079e-04
6.036348640918731689e-04
6.047935457900166512e-04
6.059538573026657104e-04
6.071125972084701061e-04
6.082663312554359436e-04
6.094083073548972607e-04
6.105338688939809799e-04
6.116374861449003220e-04
6.127151427790522575e-04
6.137642776593565941e-04
6.147841922938823700e-04
6.157752359285950661e-04
6.167413666844367981e-04
6.176885217428207397e-04
6.186219980008900166e-04
6.195507594384253025e-04
6.204835372045636177e-04
6.214301683939993382e-04
6.223983946256339550e-04
6.233963067643344402e-04
6.244277465157210827e-04
6.254939362406730652e-04
6.265932461246848106e-04
6.277188076637685299e-04
6.288586300797760487e-04
6.300014210864901543e-04
6.311306497082114220e-04
6.322330445982515812e-04
6.332962075248360634e-04
6.343152490444481373e-04
6.352850468829274178e-04
6.362078711390495300e-04
6.370883202180266380e-04
6.379322148859500885e-04
6.387474713847041130e-04
6.395357195287942886e-04
6.402977160178124905e-04
6.410271162167191505e-04
6.417138502001762390e-04
6.423477898351848125e-04
6.429197965189814568e-04
6.434282986447215080e-04
6.438822601921856403e-04
6.443030433729290962e-04
6.447296473197638988e-04
6.452245288528501987e-04
6.458609714172780514e-04
6.467137718573212624e-04
6.478161085397005081e-04
6.491324747912585735e-04
6.505613564513623714e-04
6.519755697809159756e-04
6.532571278512477875e-04
6.543266936205327511e-04
6.551400874741375446e-04
6.556794396601617336e-04
6.559428875334560871e-04
6.560128531418740749e-04
6.563021452166140079e-04
6.568656535819172859e-04
6.576893501915037632e-04
6.587479729205369949e-04
6.599906482733786106e-04
6.613399600610136986e-04
6.626983522437512875e-04
6.639721686951816082e-04
6.651008152402937412e-04
6.660789949819445610e-04
6.669577560387551785e-04
6.678209174424409866e-04
6.687466520816087723e-04
6.697776843793690205e-04
6.709116860292851925e-04
6.721179815940558910e-04
6.733560585416853428e-04
6.745861028321087360e-04
6.757862283848226070e-04
6.769445026293396950e-04
6.780660478398203850e-04
6.791622727178037167e-04
6.802504649385809898e-04
6.813509389758110046e-04
6.824797601439058781e-04
6.836534594185650349e-04
6.848775083199143410e-04
6.861534202471375465e-04
6.874736282043159008e-04
6.888239877298474312e-04
6.901822052896022797e-04
6.915247067809104919e-04
6.928255315870046616e-04
6.940656458027660847e-04
6.952307885512709618e-04
6.963158957660198212e-04
6.973266135901212692e-04
6.982756312936544418e-04
6.991752306930720806e-04
7.000472978688776493e-04
7.009081309661269188e-04
7.017747266218066216e-04
7.026607054285705090e-04
7.035723538137972355e-04
7.045177626423537731e-04
7.054983288981020451e-04
7.065149839036166668e-04
7.075640605762600899e-04
7.086452096700668335e-04
7.097566849552094936e-04
7.108969730325043201e-04
7.120658410713076591e-04
7.132625905796885490e-04
7.144894916564226151e-04
7.157468935474753380e-04
7.170352037064731121e-04
7.183541893027722836e-04
7.197012891992926598e-04
7.210737094283103943e-04
7.224662113003432751e-04
7.238723919726908207e-04
7.252876530401408672e-04
7.267090259119868279e-04
7.281371508724987507e-04
7.295815157704055309e-04
7.310559158213436604e-04
7.325881742872297764e-04
7.342149037867784500e-04
7.359830779023468494e-04
7.379484013654291630e-04
7.401644252240657806e-04
7.426681113429367542e-04
7.454596925526857376e-04
7.484821835532784462e-04
7.516192854382097721e-04
7.547176792286336422e-04
7.576433708891272545e-04
7.603282574564218521e-04
7.627797313034534454e-04
7.650644402019679546e-04
7.672799983993172646e-04
7.695239037275314331e-04
7.718785200268030167e-04
7.744048489257693291e-04
7.771419477649033070e-04
7.801199099048972130e-04
7.833775598555803299e-04
7.869757246226072311e-04
7.909976993687450886e-04
7.955331820994615555e-04
8.006338612176477909e-04
8.062719134613871574e-04
8.123189909383654594e-04
8.185855112969875336e-04
8.248899830505251884e-04
8.311499259434640408e-04
8.374027092941105366e-04
8.437807555310428143e-04
8.504420984536409378e-04
8.574924431741237640e-04
8.649328956380486488e-04
8.726643281988799572e-04
8.805404067970812321e-04
8.884568815119564533e-04
8.963955333456397057e-04
9.044083999469876289e-04
9.125572396442294121e-04
9.208543924614787102e-04
9.292773902416229248e-04
9.378591785207390785e-04
9.467824129387736320e-04
9.564023348502814770e-04
9.671540465205907822e-04
9.793329518288373947e-04
9.928051149472594261e-04
1.006793230772018433e-03
1.020039082504808903e-03
1.031513442285358906e-03
1.041311072185635567e-03
1.051175640895962715e-03
1.063690171577036381e-03
1.078878412954509258e-03
1.093437778763473034e-03
1.105870003812015057e-03
1.117185922339558601e-03
1.128514297306537628e-03
1.140378182753920555e-03
1.152851036749780178e-03
1.165791996754705906e-03
