3.111117257503792644e-05
3.436119732214137912e-05
3.846909021376632154e-05
4.369227099232375622e-05
5.029783642385154963e-05
5.849395529367029667e-05
6.834096711827442050e-05
7.968676072778180242e-05
9.218216291628777981e-05
1.053838350344449282e-04
1.188878159155137837e-04
1.324170880252495408e-04
1.458385231671854854e-04
1.591317559359595180e-04
1.723387249512597919e-04
1.855214504757896066e-04
1.987354335142299533e-04
2.120144636137410998e-04
2.253654092783108354e-04
2.387688000453636050e-04
2.521819260437041521e-04
2.655480930116027594e-04
2.787986304610967636e-04
2.918621757999062538e-04
3.046699275728315115e-04
3.171590506099164486e-04
3.292775945737957954e-04
3.409834462217986584e-04
3.522461629472672939e-04
3.630473220255225897e-04
3.733781923074275255e-04
3.832386573776602745e-04
3.926347999367862940e-04
4.015796002931892872e-04
4.100878431927412748e-04
4.181793192401528358e-04
4.258731787558645010e-04
4.331912496127188206e-04
4.401535261422395706e-04
4.467817198019474745e-04
4.530956503003835678e-04
4.591163306031376123e-04
4.648617468774318695e-04
4.703518643509596586e-04
4.756051348522305489e-04
4.806402721442282200e-04
4.854770668316632509e-04
4.901362117379903793e-04
4.946378758177161217e-04
4.990054294466972351e-04
5.032639019191265106e-04
5.074389046058058739e-04
5.115604144521057606e-04
5.156575352884829044e-04
5.197626887820661068e-04
5.239057936705648899e-04
5.281173507682979107e-04
5.324211088009178638e-04
5.368335987441241741e-04
5.413618637248873711e-04
5.460006068460643291e-04
5.507268360815942287e-04
5.555074312724173069e-04
5.602932651527225971e-04
5.650286911986768246e-04
5.696532316505908966e-04
5.741099594160914421e-04
5.783463711850345135e-04
5.823239334858953953e-04
5.860136589035391808e-04
5.894011701457202435e-04
5.924820434302091599e-04
5.952634965069591999e-04
5.977590917609632015e-04
5.999882705509662628e-04
6.019723950885236263e-04
6.037349812686443329e-04
6.053015822544693947e-04
6.066943751648068428e-04
6.079373997636139393e-04
6.090514943934977055e-04
6.100562750361859798e-04
6.109709502197802067e-04
6.118138553574681282e-04
6.125987274572253227e-04
6.133415154181420803e-04
6.140560144558548927e-04
6.147545645944774151e-04
6.154478178359568119e-04
6.161479977890849113e-04
6.168642430566251278e-04
6.176042952574789524e-04
6.183779332786798477e-04
6.191900465637445450e-04
6.200475036166608334e-04
6.209538551047444344e-04
6.219124770723283291e-04
6.229250575415790081e-04
6.239916547201573849e-04
6.251118611544370651e-04
6.262834067456424236e-04
6.275016348809003830e-04
6.287624710239470005e-04
6.300591048784554005e-04
6.313857738859951496e-04
6.327345035970211029e-04
6.340973195619881153e-04
6.354655488394200802e-04
6.368311587721109390e-04
6.381861749105155468e-04
6.395207601599395275e-04
6.408307235687971115e-04
6.421057041734457016e-04
6.433415692299604416e-04
6.445305771194398403e-04
6.456667906604707241e-04
6.467478815466165543e-04
6.477685528807342052e-04
6.487255450338125229e-04
6.496158312074840069e-04
6.504367338493466377e-04
6.511872634291648865e-04
6.518650334328413010e-04
6.524697528220713139e-04
6.529994425363838673e-04
6.534536369144916534e-04
6.538316956721246243e-04
6.541343755088746548e-04
6.543606868945062160e-04
6.545101059600710869e-04
6.545833311975002289e-04
6.546023651026189327e-04
6.546831573359668255e-04
6.548404344357550144e-04
6.550748366862535477e-04
6.553858402185142040e-04
6.557737942785024643e-04
6.562392809428274632e-04
6.567820673808455467e-04
6.574017461389303207e-04
6.580981425940990448e-04
6.588709657080471516e-04
6.597199244424700737e-04
6.606435636058449745e-04
6.616406608372926712e-04
6.627090624533593655e-04
6.638472550548613071e-04
6.650519790127873421e-04
6.663202075287699699e-04
6.676465854980051517e-04
6.690274458378553391e-04
6.704575498588383198e-04
6.719303200952708721e-04
6.734401686117053032e-04
6.749790627509355545e-04
6.765397847630083561e-04
6.781148258596658707e-04
6.796961533837020397e-04
6.812763167545199394e-04
6.828473997302353382e-04
6.844024755991995335e-04
6.859336863271892071e-04
6.874366081319749355e-04
6.889037904329597950e-04
6.903331959620118141e-04
6.917198188602924347e-04
6.930613308213651180e-04
6.943567423149943352e-04
6.956059369258582592e-04
6.968097877688705921e-04
6.979682948440313339e-04
6.990856491029262543e-04
7.001634221524000168e-04
7.012064452283084393e-04
7.022189092822372913e-04
7.032043067738413811e-04
7.041680510155856609e-04
7.051172433421015739e-04
7.060549105517566204e-04
7.069858256727457047e-04
7.079172064550220966e-04
7.088538259267807007e-04
7.098002824932336807e-04
7.107611745595932007e-04
7.117432542145252228e-04
7.127498975023627281e-04
7.137858192436397076e-04
7.148559088818728924e-04
7.159634260460734367e-04
7.171140750870108604e-04
7.183110574260354042e-04
7.195576908998191357e-04
7.208582828752696514e-04
7.222173153422772884e-04
7.236365345306694508e-04
7.251200149767100811e-04
7.266730535775423050e-04
7.282957085408270359e-04
7.299942662939429283e-04
7.317711133509874344e-04
7.336288108490407467e-04
7.355720736086368561e-04
7.376035791821777821e-04
7.397273438982665539e-04
7.419465691782534122e-04
7.442661444656550884e-04
7.466879324056208134e-04
7.492175209335982800e-04
7.518585189245641232e-04
7.546145352534949780e-04
7.574913906864821911e-04
7.604926940985023975e-04
7.636229274794459343e-04
7.668877951800823212e-04
7.702928851358592510e-04
7.738431449979543686e-04
7.775441627018153667e-04
7.814026321284472942e-04
7.854226860217750072e-04
7.896131137385964394e-04
7.939786883071064949e-04
7.985270931385457516e-04
8.032664773054420948e-04
8.082003332674503326e-04
8.133398951031267643e-04
8.186903432942926884e-04
8.242590702138841152e-04
8.300557383336126804e-04
8.360847132280468941e-04
8.423568797297775745e-04
8.488750318065285683e-04
8.556499378755688667e-04
8.626879425719380379e-04
8.699925965629518032e-04
8.775728056207299232e-04
8.854335173964500427e-04
8.935775258578360081e-04
9.020104189403355122e-04
9.107352816499769688e-04
9.197525796480476856e-04
9.290657471865415573e-04
9.386722231283783913e-04
9.485716000199317932e-04
9.587616659700870514e-04
9.692392195574939251e-04
9.799984982237219810e-04
9.910340886563062668e-04
1.002338132821023464e-03
1.013901317492127419e-03
1.025715610012412071e-03
1.037769019603729248e-03
1.050051650963723660e-03
1.062552328221499920e-03
1.075258944183588028e-03
1.088158460333943367e-03
1.101240864954888821e-03
1.114492304623126984e-03
1.127906492911279202e-03
1.141470507718622684e-03
1.155179226770997047e-03
1.169025199487805367e-03
