3.997751264250837266e-05
4.143868136452510953e-05
4.385352076496928930e-05
4.779791925102472305e-05
5.375021646614186466e-05
6.155273877084255219e-05
7.059751806082203984e-05
8.067923045018687844e-05
9.191260323859751225e-05
1.042107469402253628e-04
1.172463526017963886e-04
1.306663471041247249e-04
1.442309876438230276e-04
1.578275114297866821e-04
1.714305690256878734e-04
1.850571570685133338e-04
1.987350697163492441e-04
2.124837774317711592e-04
2.263025235151872039e-04
2.401631354587152600e-04
2.540093555580824614e-04
2.677606535144150257e-04
2.813216124195605516e-04
2.945931919384747744e-04
3.074855776503682137e-04
3.199271741323173046e-04
3.318706876598298550e-04
3.432953963056206703e-04
3.542008926160633564e-04
3.646043187472969294e-04
3.745334397535771132e-04
3.840179997496306896e-04
3.930862585548311472e-04
4.017637693323194981e-04
4.100698570255190134e-04
4.180205287411808968e-04
4.256246029399335384e-04
4.328938375692814589e-04
4.398370801936835051e-04
4.464660014491528273e-04
4.527934070210903883e-04
4.588350129779428244e-04
4.646088054869323969e-04
4.701337602455168962e-04
4.754331312142312527e-04
4.805276112165302038e-04
4.854398139286786318e-04
4.901937209069728851e-04
4.948111600242555141e-04
4.993149195797741413e-04
5.037267692387104034e-04
5.080698174424469471e-04
5.123636219650506973e-04
5.166289047338068485e-04
5.208838265389204025e-04
5.251469556242227554e-04
5.294315051287412643e-04
5.337495822459459305e-04
5.381068913266062737e-04
5.425052368082106113e-04
5.469378666020929813e-04
5.513930809684097767e-04
5.558506818488240242e-04
5.602834280580282211e-04
5.646591307595372200e-04
5.689423414878547192e-04
5.730958655476570129e-04
5.770843126811087132e-04
5.808779387734830379e-04
5.844515981152653694e-04
5.877877119928598404e-04
5.908781895413994789e-04
5.937211681157350540e-04
5.963228177279233932e-04
5.986922187730669975e-04
6.008440977893769741e-04
6.027958006598055363e-04
6.045649643056094646e-04
6.061687017790973186e-04
6.076272111386060715e-04
6.089548696763813496e-04
6.101682083681225777e-04
6.112823029980063438e-04
6.123100174590945244e-04
6.132625858299434185e-04
6.141502526588737965e-04
6.149822147563099861e-04
6.157699390314519405e-04
6.165192462503910065e-04
6.172371213324368000e-04
6.179319461807608604e-04
6.186096579767763615e-04
6.192767759785056114e-04
6.199396448209881783e-04
6.206042016856372356e-04
6.212758598849177361e-04
6.219625356607139111e-04
6.226686527952551842e-04
6.234001484699547291e-04
6.241629598662257195e-04
6.249620928429067135e-04
6.258015637286007404e-04
6.266861455515027046e-04
6.276171188801527023e-04
6.285976851359009743e-04
6.296269129961729050e-04
6.307042785920202732e-04
6.318264058791100979e-04
6.329893949441611767e-04
6.341858534142374992e-04
6.354100769385695457e-04
6.366518791764974594e-04
6.379024707712233067e-04
6.391508504748344421e-04
6.403881125152111053e-04
6.416019750759005547e-04
6.427829503081738949e-04
6.439215503633022308e-04
6.450077053159475327e-04
6.460348959080874920e-04
6.469939253292977810e-04
6.478809518739581108e-04
6.486900383606553078e-04
6.494180997833609581e-04
6.500583840534090996e-04
6.506112404167652130e-04
6.510742823593318462e-04
6.514444830827414989e-04
6.517230067402124405e-04
6.519065937027335167e-04
6.519957678392529488e-04
6.520202732644975185e-04
6.521194591186940670e-04
6.523134070448577404e-04
6.526031647808849812e-04
6.529879756271839142e-04
6.534694693982601166e-04
6.540467147715389729e-04
6.547227967530488968e-04
6.554970168508589268e-04
6.563684437423944473e-04
6.573359714820981026e-04
6.583986687473952770e-04
6.595526938326656818e-04
6.607946706935763359e-04
6.621184875257313251e-04
6.635164027102291584e-04
6.649794522672891617e-04
6.664952379651367664e-04
6.680510123260319233e-04
6.696334457956254482e-04
6.712240865454077721e-04
6.728082080371677876e-04
6.743700942024588585e-04
6.758923991583287716e-04
6.773645873181521893e-04
6.787736783735454082e-04
6.801144336350262165e-04
6.813834188506007195e-04
6.825825548730790615e-04
6.837199325673282146e-04
6.848043994978070259e-04
6.858497508801519871e-04
6.868708296678960323e-04
6.878812564536929131e-04
6.888926727697253227e-04
6.899103173054754734e-04
6.909396615810692310e-04
6.919795414432883263e-04
6.930253002792596817e-04
6.940712337382137775e-04
6.951138493604958057e-04
6.961473263800144196e-04
6.971698021516203880e-04
6.981807528063654900e-04
6.991802365519106388e-04
7.001717458479106426e-04
7.011583074927330017e-04
7.021436467766761780e-04
7.031336426734924316e-04
7.041314966045320034e-04
7.051440770737826824e-04
7.061744108796119690e-04
7.072286680340766907e-04
7.083109230734407902e-04
7.094262982718646526e-04
7.105789263732731342e-04
7.117748027667403221e-04
7.130161975510418415e-04
7.143077091313898563e-04
7.156544597819447517e-04
7.170584285631775856e-04
7.185236318036913872e-04
7.200532709248363972e-04
7.216480444185435772e-04
7.233111537061631680e-04
7.250430062413215637e-04
7.268444751389324665e-04
7.287157350219786167e-04
7.306550978682935238e-04
7.326611666940152645e-04
7.347328355535864830e-04
7.368676597252488136e-04
7.390638929791748524e-04
7.413176354020833969e-04
7.436298765242099762e-04
7.459980552084743977e-04
7.484229863621294498e-04
7.509058341383934021e-04
7.534533506259322166e-04
7.560689118690788746e-04
7.587643922306597233e-04
7.615507347509264946e-04
7.644427823834121227e-04
7.674613734707236290e-04
7.706261239945888519e-04
7.739600259810686111e-04
7.774874684400856495e-04
7.812332478351891041e-04
7.852161070331931114e-04
7.894555456005036831e-04
7.939594797790050507e-04
7.987363496795296669e-04
8.037791703827679157e-04
8.090794435702264309e-04
8.146212785504758358e-04
8.203853503800928593e-04
8.263527997769415379e-04
8.325077360495924950e-04
8.388410205952823162e-04
8.453484624624252319e-04
8.520350675098598003e-04
8.589120698161423206e-04
8.659982704557478428e-04
8.733118884265422821e-04
8.808781276457011700e-04
8.887173607945442200e-04
8.968534530140459538e-04
9.053020039573311806e-04
9.140779147855937481e-04
9.231902658939361572e-04
9.326448780484497547e-04
9.424404706805944443e-04
9.525706409476697445e-04
9.630274726077914238e-04
9.737974614836275578e-04
9.848619811236858368e-04
9.962043259292840958e-04
1.007800456136465073e-03
1.019631628878414631e-03
1.031673629768192768e-03
1.043909462168812752e-03
1.056317007169127464e-03
1.068883924745023251e-03
1.081593101844191551e-03
1.094440231099724770e-03
1.107415999285876751e-03
1.120524131692945957e-03
1.133766607381403446e-03
1.147157396189868450e-03
1.160708256065845490e-03
