2.888131893996614963e-05
3.344711876707151532e-05
3.976428342866711318e-05
4.713065936812199652e-05
5.483449785970151424e-05
6.309512536972761154e-05
7.260285929078236222e-05
8.372375305043533444e-05
9.628247062209993601e-05
1.097760250559076667e-04
1.236811949638649821e-04
1.376357395201921463e-04
1.514617615612223744e-04
1.651128259254619479e-04
1.786078355507925153e-04
1.919884525705128908e-04
2.052938507404178381e-04
2.185539924539625645e-04
2.317845210200175643e-04
2.449882158543914557e-04
2.581562730483710766e-04
2.712683926802128553e-04
2.842926187440752983e-04
2.971890498884022236e-04
3.099088789895176888e-04
3.223965759389102459e-04
3.345913428347557783e-04
3.464295878075063229e-04
3.578495525289326906e-04
3.687926218844950199e-04
3.792080970015376806e-04
3.890590160153806210e-04
3.983248898293823004e-04
4.070037684869021177e-04
4.151148896198719740e-04
4.226980090606957674e-04
4.298091225791722536e-04
4.365205822978168726e-04
4.429103573784232140e-04
4.490593855734914541e-04
4.550420853774994612e-04
4.609197203535586596e-04
4.667332977987825871e-04
4.724989121314138174e-04
4.782069590874016285e-04
4.838223103433847427e-04
4.892948199994862080e-04
4.945645923726260662e-04
4.995769704692065716e-04
5.042914999648928642e-04
5.086881574243307114e-04
5.127706099301576614e-04
5.165698239579796791e-04
5.201395833864808083e-04
5.235508433543145657e-04
5.268937093205749989e-04
5.302696954458951950e-04
5.337856709957122803e-04
5.375522305257618427e-04
5.416692001745104790e-04
5.462121916934847832e-04
5.512100178748369217e-04
5.566287436522543430e-04
5.623563192784786224e-04
5.682082846760749817e-04
5.739534972235560417e-04
5.793645395897328854e-04
5.842618993483483791e-04
5.885440041311085224e-04
5.921895499341189861e-04
5.952402134425938129e-04
5.977735854685306549e-04
5.998781998641788960e-04
6.016432307660579681e-04
6.031472003087401390e-04
6.044546607881784439e-04
6.056184065528213978e-04
6.066811038181185722e-04
6.076741265133023262e-04
6.086244247853755951e-04
6.095503340475261211e-04
6.104668718762695789e-04
6.113845738582313061e-04
6.123135681264102459e-04
6.132579292170703411e-04
6.142219062894582748e-04
6.152082351036369801e-04
6.162172649055719376e-04
6.172473658807575703e-04
6.182984216138720512e-04
6.193653680384159088e-04
6.204462260939180851e-04
6.215355824679136276e-04
6.226265104487538338e-04
6.237146444618701935e-04
6.247948040254414082e-04
6.258600624278187752e-04
6.269062869250774384e-04
6.279282388277351856e-04
6.289239390753209591e-04
6.298891385085880756e-04
6.308248266577720642e-04
6.317318766377866268e-04
6.326103466562926769e-04
6.334643112495541573e-04
6.343019194900989532e-04
6.351276533678174019e-04
6.359496037475764751e-04
6.367771420627832413e-04
6.376188830472528934e-04
6.384829757735133171e-04
6.393781513907015324e-04
6.403093575499951839e-04
6.412791553884744644e-04
6.422881269827485085e-04
6.433326052501797676e-04
6.444062455557286739e-04
6.454957183450460434e-04
6.465898477472364902e-04
6.476728594861924648e-04
6.487283390015363693e-04
6.497399881482124329e-04
6.506905774585902691e-04
6.515686982311308384e-04
6.523599731735885143e-04
6.530527025461196899e-04
6.536417058669030666e-04
6.541181937791407108e-04
6.544776842929422855e-04
6.547174998559057713e-04
6.548342644236981869e-04
6.548654637299478054e-04
6.549955578520894051e-04
6.552493432536721230e-04
6.556310690939426422e-04
6.561410846188664436e-04
6.567842210642993450e-04
6.575615261681377888e-04
6.584752118214964867e-04
6.595269660465419292e-04
6.607125396840274334e-04
6.620254134759306908e-04
6.634554010815918446e-04
6.649806746281683445e-04
6.665771361440420151e-04
6.682092789560556412e-04
6.698374054394662380e-04
6.714211194775998592e-04
6.729185697622597218e-04
6.743006524629890919e-04
6.755527574568986893e-04
6.766812875866889954e-04
6.777113303542137146e-04
6.786824669688940048e-04
6.796388188377022743e-04
6.806192104704678059e-04
6.816500681452453136e-04
6.827425677329301834e-04
6.838968838565051556e-04
6.851024227216839790e-04
6.863460293971002102e-04
6.876119296066462994e-04
6.888830685056746006e-04
6.901497254148125648e-04
6.913988618180155754e-04
6.926248897798359394e-04
6.938219303265213966e-04
6.949880043976008892e-04
6.961211329326033592e-04
6.972232949919998646e-04
6.982948980294167995e-04
6.993394927121698856e-04
7.003602804616093636e-04
7.013601716607809067e-04
7.023431244306266308e-04
7.033146102912724018e-04
7.042777724564075470e-04
7.052385481074452400e-04
7.062006043270230293e-04
7.071680738590657711e-04
7.081473013386130333e-04
7.091417210176587105e-04
7.101572118699550629e-04
7.111981394700706005e-04
7.122698589228093624e-04
7.133774342946708202e-04
7.145248819142580032e-04
7.157182553783059120e-04
7.169616874307394028e-04
7.182600675150752068e-04
7.196166552603244781e-04
7.210362236946821213e-04
7.225216249935328960e-04
7.240755949169397354e-04
7.257024408318102360e-04
7.274002418853342533e-04
7.291714427992701530e-04
7.310165674425661564e-04
7.329341606236994267e-04
7.349229417741298676e-04
7.369796512648463249e-04
7.391029503196477890e-04
7.412878912873566151e-04
7.435313309542834759e-04
7.458288455381989479e-04
7.481783977709710598e-04
7.505753310397267342e-04
7.530180155299603939e-04
7.555038318969309330e-04
7.580344099551439285e-04
7.606108556501567364e-04
7.632385240867733955e-04
7.659226539544761181e-04
7.686763419769704342e-04
7.715104729868471622e-04
7.744465256109833717e-04
7.775067351758480072e-04
7.807211368344724178e-04
7.841255865059792995e-04
7.877575117163360119e-04
7.916635950095951557e-04
7.958869682624936104e-04
8.004687260836362839e-04
8.054455392993986607e-04
8.108334150165319443e-04
8.166322368197143078e-04
8.228174410760402679e-04
8.293394348584115505e-04
8.361337240785360336e-04
8.431270252913236618e-04
8.502503624185919762e-04
8.574560633860528469e-04
8.647125214338302612e-04
8.720155456103384495e-04
8.793874876573681831e-04
8.868681034073233604e-04
8.945076842792332172e-04
9.023706079460680485e-04
9.105188655667006969e-04
9.190154378302395344e-04
9.279174846597015858e-04
9.372726199217140675e-04
9.471158846281468868e-04
9.574635769240558147e-04
9.683139505796134472e-04
9.796428494155406952e-04
9.914025431498885155e-04
1.003526849672198296e-03
1.015926944091916084e-03
1.028511207550764084e-03
1.041179173626005650e-03
1.053846324793994427e-03
1.066436874680221081e-03
1.078910310752689838e-03
1.091254525817930698e-03
1.103493268601596355e-03
1.115680439397692680e-03
1.127901254221796989e-03
1.140263746492564678e-03
1.152891083620488644e-03
1.165915280580520630e-03
