2.557807238190434873e-05
3.271134482929483056e-05
4.085587352165021002e-05
4.735135735245421529e-05
5.309224070515483618e-05
6.061988824512809515e-05
7.155058119678869843e-05
8.353609882760792971e-05
9.418756235390901566e-05
1.078944042092189193e-04
1.252755027962848544e-04
1.387444353895261884e-04
1.483432861277833581e-04
1.590684987604618073e-04
1.738482242217287421e-04
1.918385969474911690e-04
2.086619351757690310e-04
2.207685611210763454e-04
2.292409917572513223e-04
2.377982455072924495e-04
2.493622887413948774e-04
2.643993939273059368e-04
2.810393052641302347e-04
2.968084882013499737e-04
3.103532944805920124e-04
3.217449702788144350e-04
3.319703682791441679e-04
3.423941379878669977e-04
3.540258621796965599e-04
3.665621043182909489e-04
3.785907756537199020e-04
3.890655061695724726e-04
3.979313478339463472e-04
4.056557663716375828e-04
4.127528518438339233e-04
4.196115187369287014e-04
4.264748422428965569e-04
4.334535915404558182e-04
4.405401414260268211e-04
4.476218891795724630e-04
4.545147239696234465e-04
4.610161704476922750e-04
4.669651389122009277e-04
4.723010351881384850e-04
4.770855593960732222e-04
4.814939165953546762e-04
4.857830645050853491e-04
4.902343498542904854e-04
4.950591246597468853e-04
5.002688849344849586e-04
5.055837682448327541e-04
5.105968448333442211e-04
5.150604411028325558e-04
5.189876537770032883e-04
5.225429777055978775e-04
5.259123281575739384e-04
5.292458808980882168e-04
5.326492246240377426e-04
5.361915682442486286e-04
5.399171495810151100e-04
5.438531516119837761e-04
5.480084219016134739e-04
5.523091531358659267e-04
5.562500446103513241e-04
5.575371906161308289e-04
5.577336414717137814e-04
5.830781301483511925e-04
5.890796310268342495e-04
5.904320860281586647e-04
5.919734830968081951e-04
5.935757653787732124e-04
5.951542989350855350e-04
5.966819007880985737e-04
5.981505964882671833e-04
5.995573010295629501e-04
6.008990458212792873e-04
6.021764129400253296e-04
6.033909739926457405e-04
6.045468617230653763e-04
6.056480924598872662e-04
6.067015929147601128e-04
6.077132420614361763e-04
6.086905486881732941e-04
6.096415454521775246e-04
6.105731590650975704e-04
6.114941206760704517e-04
6.124116480350494385e-04
6.133322021923959255e-04
6.142628844827413559e-04
6.152096902951598167e-04
6.161765195429325104e-04
6.171694840304553509e-04
6.181888165883719921e-04
6.192375440150499344e-04
6.203138036653399467e-04
6.214162567630410194e-04
6.225416436791419983e-04
6.236836779862642288e-04
6.248373538255691528e-04
6.259927758947014809e-04
6.271420279517769814e-04
6.282766116783022881e-04
6.293865153566002846e-04
6.304648122750222683e-04
6.315024802461266518e-04
6.324948626570403576e-04
6.334361969493329525e-04
6.343231070786714554e-04
6.351536721922457218e-04
6.359289982356131077e-04
6.366488523781299591e-04
6.373150972649455070e-04
6.379334372468292713e-04
6.385097512975335121e-04
6.390521884895861149e-04
6.395737873390316963e-04
6.400911952368915081e-04
6.406264728866517544e-04
6.412033690139651299e-04
6.418505799956619740e-04
6.425899337045848370e-04
6.434359238483011723e-04
6.443822639994323254e-04
6.454037502408027649e-04
6.464511970989406109e-04
6.474661640822887421e-04
6.483899196609854698e-04
6.491724634543061256e-04
6.497802096419036388e-04
6.501906900666654110e-04
6.503930198960006237e-04
6.504469201900064945e-04
6.506729405373334885e-04
6.511171231977641582e-04
6.517857545986771584e-04
6.526797078549861908e-04
6.537924637086689472e-04
6.550957332365214825e-04
6.565432995557785034e-04
6.580674671567976475e-04
6.595948361791670322e-04
6.610604468733072281e-04
6.624243105761706829e-04
6.636758334934711456e-04
6.648277048952877522e-04
6.659050122834742069e-04
6.669377908110618591e-04
6.679545622318983078e-04
6.689741858281195164e-04
6.700123194605112076e-04
6.710769957862794399e-04
6.721721729263663292e-04
6.732973270118236542e-04
6.744517595507204533e-04
6.756313377991318703e-04
6.768322782590985298e-04
6.780492840334773064e-04
6.792783970013260841e-04
6.805150769650936127e-04
6.817542598582804203e-04
6.829937919974327087e-04
6.842284346930682659e-04
6.854560342617332935e-04
6.866737967357039452e-04
6.878806743770837784e-04
6.890741642564535141e-04
6.902532768435776234e-04
6.914173136465251446e-04
6.925654597580432892e-04
6.936972495168447495e-04
6.948127993382513523e-04
6.959118763916194439e-04
6.969957612454891205e-04
6.980650359764695168e-04
6.991199334152042866e-04
7.001641206443309784e-04
7.011994021013379097e-04
7.022289792075753212e-04
7.032576249912381172e-04
7.042895304039120674e-04
7.053299923427402973e-04
7.063847151584923267e-04
7.074602763168513775e-04
7.085610996000468731e-04
7.096909685060381889e-04
7.108522695489227772e-04
7.120438385754823685e-04
7.132632308639585972e-04
7.145061972551047802e-04
7.157653453759849072e-04
7.170357857830822468e-04
7.183138513937592506e-04
7.195961079560220242e-04
7.208854076452553272e-04
7.221857085824012756e-04
7.235085940919816494e-04
7.248720503412187099e-04
7.263002335093915462e-04
7.278273114934563637e-04
7.294939132407307625e-04
7.313423557206988335e-04
7.334102992899715900e-04
7.357235299423336983e-04
7.382804178632795811e-04
7.410491816699504852e-04
7.439662003889679909e-04
7.469448610208928585e-04
7.498958148062229156e-04
7.527442649006843567e-04
7.554448093287646770e-04
7.579831290058791637e-04
7.603774429298937321e-04
7.626691949553787708e-04
7.649157778359949589e-04
7.671893108636140823e-04
7.695661624893546104e-04
7.721327128820121288e-04
7.749773794785141945e-04
7.781871827319264412e-04
7.818398880772292614e-04
7.859900943003594875e-04
7.906596874818205833e-04
7.958217174746096134e-04
8.014063932932913303e-04
8.073124336078763008e-04
8.134364034049212933e-04
8.196996641345322132e-04
8.260619943030178547e-04
8.325215894728899002e-04
8.391048177145421505e-04
8.458432275801897049e-04
8.527608006261289120e-04
8.598587010055780411e-04
8.671191753819584846e-04
8.745126542635262012e-04
8.820068906061351299e-04
8.895912324078381062e-04
8.972786017693579197e-04
9.051205706782639027e-04
9.132035193033516407e-04
9.216416510753333569e-04
9.305674466304481030e-04
9.401051211170852184e-04
9.503510082140564919e-04
9.613406728021800518e-04
9.730170713737607002e-04
9.852242656052112579e-04
9.977454319596290588e-04
1.010360079817473888e-03
1.022938755340874195e-03
1.035459106788039207e-03
1.047970028594136238e-03
1.060514594428241253e-03
1.073082908987998962e-03
1.085612922906875610e-03
1.098023261874914169e-03
1.110248384065926075e-03
1.122256158851087093e-03
1.134045887738466263e-03
1.145651447586715221e-03
1.157124293968081474e-03
