2.598575298485000519e-05
3.381157820808668759e-05
4.183806561653456664e-05
4.795826226547607085e-05
5.417879000702317338e-05
6.190428413765426425e-05
7.294070432427009285e-05
8.477977325173070801e-05
9.621751780876894344e-05
1.079562556436239535e-04
1.282231363499548545e-04
1.395605498143874849e-04
1.491923347045249234e-04
1.607304103541687640e-04
1.773853717266980984e-04
1.927360288953546615e-04
2.099929768235175994e-04
2.233370121400621961e-04
2.314638306411156803e-04
2.398916424199859661e-04
2.476171365506170570e-04
2.708939500351158669e-04
2.822313634995485244e-04
2.986856626868666757e-04
3.094210895956656755e-04
3.283836660981238323e-04
3.325975719875589481e-04
3.418280325072740205e-04
3.578810073241697515e-04
3.682151098625463851e-04
3.801545098826126460e-04
3.878800040132436826e-04
4.033309922745058644e-04
4.062405939600682359e-04
4.148690679241497049e-04
4.192836359987960038e-04
4.264071435737935454e-04
4.357379351861141552e-04
4.407544898163941118e-04
4.540985251329387085e-04
4.566068024480786597e-04
4.599177285040633974e-04
4.689475268385672867e-04
4.729607705427912195e-04
4.802849403029998900e-04
4.840975218220126396e-04
4.896157319153205539e-04
4.907193739339821151e-04
4.931273201565165290e-04
5.033610916022875168e-04
5.076753285843283326e-04
5.145981739741145285e-04
5.175077756596769543e-04
5.240292966790407840e-04
5.245309521420687959e-04
5.257349252533360029e-04
5.283435336610815998e-04
5.351660479582622584e-04
5.389786294772749538e-04
5.423898866258653915e-04
5.481087589043844889e-04
5.509180294973412689e-04
5.534263068124812201e-04
5.571385572388883782e-04
5.588441858131834887e-04
5.603491522022675244e-04
5.874385472057790840e-04
5.910504665395805964e-04
5.914517909100029626e-04
5.931574194842981814e-04
5.962676833550717903e-04
5.974716564663388888e-04
6.004815892445068519e-04
6.009832447075348638e-04
6.032908598374636319e-04
6.035918531152804608e-04
6.036921842078859981e-04
6.053978127821812169e-04
6.055984749673924000e-04
6.081067522825323512e-04
6.087087388381659005e-04
6.107153606902779482e-04
6.110163539680946686e-04
6.117186716163338636e-04
6.129226447276010705e-04
6.134243001906290824e-04
6.153305909501354844e-04
6.154309220427410217e-04
6.173372128022474236e-04
6.177385371726697898e-04
6.181398615430921560e-04
6.213504565064713022e-04
6.218521119694993141e-04
6.232567472659777041e-04
6.232567472659777041e-04
6.238587338216113618e-04
6.238587338216113618e-04
6.241597270994280822e-04
6.271696598775960453e-04
6.282733018962576065e-04
6.291762817297079846e-04
6.305809170261863746e-04
6.333901876191431546e-04
6.334905187117488004e-04
6.341928363599879954e-04
6.346944918230158989e-04
6.350958161934383735e-04
6.369017758603391297e-04
6.376040935085783247e-04
6.385070733420287028e-04
6.387077355272398858e-04
6.394100531754790808e-04
6.403130330089294589e-04
6.409150195645630082e-04
6.416173372128022032e-04
6.421189926758302151e-04
6.421189926758302151e-04
6.421189926758302151e-04
6.426206481388582270e-04
6.442259456205478001e-04
6.443262767131534459e-04
6.464332296578709225e-04
6.471355473061101175e-04
6.478378649543493125e-04
6.478378649543493125e-04
6.484398515099829702e-04
6.492425002508277025e-04
6.499448178990668975e-04
6.527540884920236776e-04
6.545600481589244337e-04
6.541587237885020676e-04
6.540583926958964218e-04
6.547607103441356168e-04
6.554630279923748118e-04
6.560650145480084695e-04
6.576703120296980426e-04
6.587739540483596038e-04
6.607805759004715430e-04
6.613825624561052007e-04
6.613825624561052007e-04
6.629878599377947738e-04
6.639911708638506892e-04
6.655964683455402623e-04
6.655964683455402623e-04
6.677034212902578474e-04
6.681047456606802135e-04
6.685060700311026881e-04
6.706130229758201647e-04
6.712150095314538224e-04
6.728203070131433955e-04
6.734222935687769447e-04
6.767332196247617367e-04
6.770342129025784571e-04
6.775358683656064690e-04
6.789405036620848590e-04
6.803451389585632491e-04
6.813484498846192729e-04
6.820507675328584679e-04
6.828534162737032003e-04
6.828534162737032003e-04
6.832547406441255664e-04
6.833550717367312122e-04
6.909802347747567115e-04
6.916825524229959065e-04
6.922845389786294558e-04
6.933881809972910169e-04
6.933881809972910169e-04
6.943914919233470408e-04
6.954951339420086020e-04
6.965987759606701631e-04
6.978027490719373701e-04
6.977024179793318327e-04
6.992073843684157601e-04
6.992073843684157601e-04
7.004113574796829670e-04
7.020166549613725401e-04
7.036219524430621132e-04
7.042239389986956625e-04
7.050265877395405032e-04
7.067322163138356136e-04
7.067322163138356136e-04
7.074345339620748086e-04
7.095414869067923937e-04
7.106451289254539548e-04
7.125514196849603568e-04
7.133540684258051975e-04
7.147587037222835876e-04
7.147587037222835876e-04
7.162636701113675149e-04
7.184709541486906373e-04
7.192736028895354780e-04
7.216815491120697834e-04
7.223838667603089785e-04
7.242901575198153804e-04
7.242901575198153804e-04
7.248921440754489296e-04
7.279020768536168928e-04
7.292063810574897454e-04
7.326176382060800747e-04
7.341226045951640021e-04
7.341226045951640021e-04
7.341226045951640021e-04
7.387378348550215383e-04
7.407444567071335860e-04
7.442560449483294526e-04
7.488712752081869888e-04
7.508778970602990365e-04
7.546904785793117319e-04
7.546904785793117319e-04
7.577004113574796950e-04
7.590047155613524393e-04
7.631182903581819636e-04
7.678338517106451456e-04
7.690378248219123525e-04
7.724490819705026818e-04
7.724490819705026818e-04
7.741547105447977922e-04
7.786696097120497911e-04
7.807765626567673761e-04
7.858934483796528158e-04
7.906090097321159978e-04
7.971305307514799359e-04
7.971305307514799359e-04
8.034513895856325826e-04
8.120798635497141057e-04
8.162937694391491673e-04
8.212099929768235324e-04
8.335507173673121053e-04
8.403732316644928722e-04
8.403732316644928722e-04
8.458914417578007865e-04
8.539179291662486520e-04
8.601384569077957613e-04
8.745861342430019192e-04
8.803050065215210166e-04
8.904384468746864671e-04
8.904384468746864671e-04
8.969599678940504053e-04
9.124109561553124786e-04
9.200361191933379779e-04
9.200361191933379779e-04
9.387980335105849516e-04
9.498344536972007802e-04
9.498344536972007802e-04
9.595665696799438645e-04
9.791311327380354621e-04
9.874586134243001564e-04
1.006822514297180679e-03
1.015049663890839728e-03
1.035517206782381920e-03
1.035517206782381920e-03
1.045650647135547371e-03
1.066017858934483701e-03
1.074144677435537321e-03
1.093608909401023272e-03
1.100130430420387211e-03
1.123206581719674892e-03
1.123206581719674892e-03
1.132637704424601256e-03
1.153305909501354523e-03
1.162636701113675024e-03
