9.085757483262568712e-05
9.110960672842338681e-05
9.136670269072055817e-05
9.162924834527075291e-05
9.189674165099859238e-05
9.216959006153047085e-05
9.244756802218034863e-05
9.273055184166878462e-05
9.301847603637725115e-05
9.331137698609381914e-05
9.360940020997077227e-05
9.391214553033933043e-05
9.421980939805507660e-05
9.453199891140684485e-05
9.484912152402102947e-05
9.517075523035600781e-05
9.549719834467396140e-05
9.582797065377235413e-05
9.616318857297301292e-05
9.650288848206400871e-05
9.684683755040168762e-05
9.719480294734239578e-05
9.754735947353765368e-05
9.790362673811614513e-05
9.826409223023802042e-05
9.862851584330201149e-05
9.899657015921548009e-05
9.936844435287639499e-05
9.974400745704770088e-05
1.001231794361956418e-04
1.005057201837189496e-04
1.008918261504732072e-04
1.012810753309167922e-04
1.016733585856854916e-04
1.020688287098892033e-04
1.024672892526723444e-04
1.028683909680694342e-04
1.032724467222578824e-04
1.036790708894841373e-04
1.040881979861296713e-04
1.044997261487878859e-04
1.049134880304336548e-04
1.053292799042537808e-04
1.057473273249343038e-04
1.061670409399084747e-04
1.065885226125828922e-04
1.070115758921019733e-04
1.074362007784657180e-04
1.078623099601827562e-04
1.082894741557538509e-04
1.087175114662386477e-04
1.091468366212211549e-04
1.095765837817452848e-04
1.100069857784546912e-04
1.104379116441123188e-04
1.108692595153115690e-04
1.113006001105532050e-04
1.117319989134557545e-04
1.121633831644430757e-04
1.125941635109484196e-04
1.130245582317002118e-04
1.134543199441395700e-04
1.138832230935804546e-04
1.143112458521500230e-04
1.147380171460099518e-04
1.151636461145244539e-04
1.155875434051267803e-04
1.160099127446301281e-04
1.164304776466451585e-04
1.168490125564858317e-04
1.172653646790422499e-04
1.176793884951621294e-04
1.180909166578203440e-04
1.184995926450937986e-04
1.189054819406010211e-04
1.193082280224189162e-04
1.197078818222507834e-04
1.201040722662582994e-04
1.204966174555011094e-04
1.208855974255129695e-04
1.212705319630913436e-04
1.216512318933382630e-04
1.220277626998722553e-04
1.223997678607702255e-04
1.227671455126255751e-04
1.231296628247946501e-04
1.234873343491926789e-04
1.238397962879389524e-04
1.241869904333725572e-04
1.245286257471889257e-04
1.248650078196078539e-04
1.251951471203938127e-04
1.255194365512579679e-04
1.258374977624043822e-04
1.261493744095787406e-04
1.264549209736287594e-04
1.267537154490128160e-04
1.270459470106288791e-04
1.273310772376134992e-04
1.276094262721017003e-04
1.278803392779082060e-04
1.281441072933375835e-04
1.284002501051872969e-04
1.286491606151685119e-04
1.288900675717741251e-04
1.291231747018173337e-04
1.293484383495524526e-04
1.295656984439119697e-04
1.297746639465913177e-04
1.299754221690818667e-04
1.301675365539267659e-04
1.303513708990067244e-04
1.305264886468648911e-04
1.306931517319753766e-04
1.308507489738985896e-04
1.309996878262609243e-04
1.311395462835207582e-04
1.312704116571694613e-04
1.313923858106136322e-04
1.315049594268202782e-04
1.316084380960091949e-04
1.317027199547737837e-04
1.317875139648094773e-04
1.318629365414381027e-04
1.319292205153033137e-04
1.319857110502198339e-04
1.320329174632206559e-04
1.320706942351534963e-04
1.320987794315442443e-04
1.321174349868670106e-04
1.321263698628172278e-04
1.321288873441517353e-04
1.321388408541679382e-04
1.321583840763196349e-04
1.321877352893352509e-04
1.322264433838427067e-04
1.322747411904856563e-04
1.323327887803316116e-04
1.324004260823130608e-04
1.324778422713279724e-04
1.325647899648174644e-04
1.326617784798145294e-04
1.327684440184384584e-04
1.328852376900613308e-04
1.330114901065826416e-04
1.331482926616445184e-04
1.332951360382139683e-04
1.334520784439519048e-04
1.336192508460953832e-04
1.337967405561357737e-04
1.339847949566319585e-04
1.341833558399230242e-04
1.343927142443135381e-04
1.346129429293796420e-04
1.348440564470365644e-04
1.350861275568604469e-04
1.353394764009863138e-04
1.356041611870750785e-04
1.358803856419399381e-04
1.361680624540895224e-04
1.364676718367263675e-04
1.367793011013418436e-04
1.371031394228339195e-04
1.374394050799310207e-04
1.377880689688026905e-04
1.381494657834991813e-04
1.385238138027489185e-04
1.389115059282630682e-04
1.393126294715330005e-04
1.397271844325587153e-04
1.401559275109320879e-04
1.405985822202637792e-04
1.410558179486542940e-04
1.415279111824929714e-04
1.420149783371016383e-04
1.425170339643955231e-04
1.430349220754578710e-04
1.435687881894409657e-04
1.441189378965646029e-04
1.446855603717267513e-04
1.452691940357908607e-04
1.458703627577051520e-04
1.464891101932153106e-04
1.471261784899979830e-04
1.477816695114597678e-04
1.484562089899554849e-04
1.491501898271963000e-04
1.498641213402152061e-04
1.505982800154015422e-04
1.513533497927710414e-04
1.521298981970176101e-04
1.529283617855980992e-04
1.537491916678845882e-04
1.545930281281471252e-04
1.554608752485364676e-04
1.563526893733069301e-04
1.572692708577960730e-04
1.582114346092566848e-04
1.591800246387720108e-04
1.601754629518836737e-04
1.611985062481835485e-04
1.622500421945005655e-04
1.633307256270200014e-04
1.644414587644860148e-04
1.655831292737275362e-04
1.667565666139125824e-04
1.679625129327178001e-04
1.692021760391071439e-04
1.704763417365029454e-04
1.717861596262082458e-04
1.731327502056956291e-04
1.745168701745569706e-04
1.759399019647389650e-04
1.774031261447817087e-04
1.789078378351405263e-04
1.804547064239159226e-04
1.820457255234941840e-04
1.836817391449585557e-04
1.853646099334582686e-04
1.870955602498725057e-04
1.888763072201982141e-04
1.907082041725516319e-04
1.925931428559124470e-04
1.945324765983968973e-04
1.965284463949501514e-04
1.985827548196539283e-04
2.006971917580813169e-04
2.028737799264490604e-04
2.051150222541764379e-04
2.074229414574801922e-04
2.097994583891704679e-04
2.122470759786665440e-04
2.147682971553876996e-04
2.173656976083293557e-04
2.200421004090458155e-04
2.228000812465324998e-04
2.256425650557503104e-04
2.285729278810322285e-04
2.315932069905102253e-04
2.347082336200401187e-04
2.379202633164823055e-04
2.412330359220504761e-04
2.446509315632283688e-04
2.481773553881794214e-04
2.518157707527279854e-04
2.555713872425258160e-04
2.594482502900063992e-04
2.634507254697382450e-04
2.675838186405599117e-04
2.718522446230053902e-04
2.762616786640137434e-04
2.808172721415758133e-04
2.855247585102915764e-04
2.903905406128615141e-04
2.954197989311069250e-04
3.006200713571161032e-04
3.059976443182677031e-04
3.115598810836672783e-04
3.173141740262508392e-04
3.232684684917330742e-04
3.294305060990154743e-04
