6.457053590565919876e-03
6.358775310218334198e-03
6.259793881326913834e-03
6.159872282296419144e-03
6.058771163225173950e-03
5.956210661679506302e-03
5.851927679032087326e-03
5.745643749833106995e-03
5.637052934616804123e-03
5.525870248675346375e-03
5.411779507994651794e-03
5.294481758028268814e-03
5.173691082745790482e-03
5.049113649874925613e-03
4.920499864965677261e-03
4.787620157003402710e-03
4.650291986763477325e-03
4.508392885327339172e-03
4.361874889582395554e-03
4.210770595818758011e-03
4.055219702422618866e-03
3.895488567650318146e-03
3.731971839442849159e-03
3.565196180716156960e-03
3.395861713215708733e-03
3.224819432944059372e-03
3.053070046007633209e-03
2.881779568269848824e-03
2.712265122681856155e-03
2.545950002968311310e-03
2.384351799264550209e-03
2.229026053100824356e-03
2.081486629322171211e-03
1.943112933076918125e-03
1.815059804357588291e-03
1.698179868981242180e-03
1.592944259755313396e-03
1.499433536082506180e-03
1.417345949448645115e-03
1.346035976894199848e-03
1.284574158489704132e-03
1.231758273206651211e-03
1.186118926852941513e-03
1.145820599049329758e-03
1.108513213694095612e-03
1.071151578798890114e-03
1.029948238283395767e-03
9.809157345443964005e-04
9.215402533300220966e-04
8.534887456335127354e-04
7.840975304134190083e-04
7.236931123770773411e-04
6.800858536735177040e-04
6.555919535458087921e-04
6.483620963990688324e-04
6.550763500854372978e-04
6.726210121996700764e-04
6.985255749896168709e-04
7.307717460207641125e-04
7.673933287151157856e-04
8.060525287874042988e-04
8.436292991973459721e-04
8.758210460655391216e-04
8.968012989498674870e-04
8.991953800432384014e-04
8.749598055146634579e-04
8.180661825463175774e-04
7.290178909897804260e-04
6.183826480992138386e-04
5.043554119765758514e-04
4.039264458697289228e-04
3.254761686548590660e-04
2.687563828658312559e-04
2.292973804287612438e-04
2.021248219534754753e-04
1.832812704378738999e-04
1.700068823993206024e-04
1.604763237992301583e-04
1.534988696221262217e-04
1.482929365010932088e-04
1.443373184883967042e-04
1.412775163771584630e-04
1.388671371387317777e-04
1.369317178614437580e-04
1.353454135823994875e-04
1.340155868092551827e-04
1.328736834693700075e-04
1.318674621870741248e-04
1.309581130044534802e-04
1.301151787629351020e-04
1.293162640649825335e-04
1.285438193008303642e-04
1.277845294680446386e-04
1.270287320949137211e-04
1.262700825463980436e-04
1.255031675100326538e-04
1.247258915100246668e-04
1.239367848029360175e-04
1.231356436619535089e-04
1.223235740326344967e-04
1.215020238305442035e-04
1.206736924359574914e-04
1.198411700897850096e-04
1.190073598991148174e-04
1.181759580504149199e-04
1.173499258584342897e-04
1.165326611953787506e-04
1.157277292804792523e-04
1.149380768765695393e-04
1.141666944022290409e-04
1.134168996941298246e-04
1.126906136050820351e-04
1.119905718951486051e-04
1.113188409362919629e-04
1.106775380321778357e-04
1.100681474781595170e-04
1.094921899493783712e-04
1.089509241865016520e-04
1.084454052033834159e-04
1.079765352187678218e-04
1.075452528311870992e-04
1.071518781827762723e-04
1.067968842107802629e-04
1.064810348907485604e-04
1.062044975697062910e-04
1.059672795236110687e-04
1.057696208590641618e-04
1.056118999258615077e-04
1.054940221365541220e-04
1.054161039064638317e-04
1.053780069923959672e-04
1.053679516189731658e-04
1.053259693435393274e-04
1.052439329214394093e-04
1.051219733199104667e-04
1.049595084623433650e-04
1.047573241521604359e-04
1.045149765559472144e-04
1.042320145643316209e-04
1.039090930134989321e-04
1.035460882121697068e-04
1.031427309499122202e-04
1.026994214043952525e-04
1.022163851303048432e-04
1.016941096168011427e-04
1.011328349704854190e-04
1.005334270303137600e-04
9.989678801503032446e-05
9.922376921167597175e-05
9.851600043475627899e-05
9.777468221727758646e-05
9.700193913886323571e-05
9.620006312616169453e-05
9.537115693092346191e-05
9.451829828321933746e-05
9.364466677652671933e-05
9.275397314922884107e-05
9.184995724353939295e-05
9.093697008211165667e-05
9.001957369036972523e-05
8.910292672226205468e-05
8.819200593279674649e-05
8.729264663998037577e-05
8.641043677926063538e-05
8.555126987630501390e-05
8.472179615637287498e-05
8.392814197577536106e-05
8.317689207615330815e-05
8.247466757893562317e-05
8.182844612747430801e-05
8.124514715746045113e-05
8.073217759374529123e-05
8.029676973819732666e-05
7.994646148290485144e-05
7.968942372826859355e-05
7.953394379001110792e-05
7.948890561237931252e-05
7.956322224345058203e-05
7.976674532983452082e-05
8.010931196622550488e-05
8.060133404796943069e-05
8.125312888296321034e-05
8.207484643207862973e-05
8.307598182000219822e-05
8.426480053458362818e-05
8.564799645682796836e-05
8.722932398086413741e-05
8.900951797841116786e-05
9.098502050619572401e-05
9.314815542893484235e-05
9.548636444378644228e-05
9.798226528801023960e-05
1.006151287583634257e-04
1.033599328366108239e-04
1.061912407749332488e-04
1.090823279810138047e-04
1.120074521168135107e-04
1.149441159213893116e-04
1.178719830932095647e-04
1.207754394272342324e-04
1.236433308804407716e-04
1.264683087356388569e-04
1.292468514293432236e-04
1.319795555900782347e-04
1.346692879451438785e-04
1.373218983644619584e-04
1.399451866745948792e-04
1.425478985765948892e-04
1.451402931706979871e-04
1.477337646065279841e-04
1.503395760664716363e-04
1.529700821265578270e-04
1.556373899802565575e-04
1.583546545589342713e-04
1.611344341654330492e-04
1.639895635889843106e-04
1.669331686571240425e-04
1.699780405033379793e-04
1.731355587253347039e-04
1.764184999046847224e-04
1.798375742509961128e-04
1.834026043070480227e-04
1.871219574240967631e-04
1.910021237563341856e-04
1.950469450093805790e-04
1.992577890632674098e-04
2.036319056060165167e-04
2.081623679259791970e-04
2.128380147041752934e-04
2.176415291614830494e-04
2.225504140369594097e-04
2.275366132380440831e-04
2.325652894796803594e-04
2.375965414103120565e-04
2.425855054752901196e-04
2.474833454471081495e-04
2.522382128518074751e-04
2.567970368545502424e-04
2.611069066915661097e-04
2.651177928782999516e-04
2.687827800400555134e-04
2.720607153605669737e-04
2.749166451394557953e-04
2.773238520603626966e-04
2.792641753330826759e-04
2.807262353599071503e-04
2.817091590259224176e-04
2.822172536980360746e-04
2.822637907229363918e-04
2.818679495248943567e-04
2.810537989716976881e-04
2.798481436911970377e-04
2.782836963888257742e-04
2.763934026006609201e-04
2.742122160270810127e-04
2.717755269259214401e-04
2.691197150852531195e-04
2.662797924131155014e-04
2.632897812873125076e-04
2.601822197902947664e-04
2.569890348240733147e-04
