6.619959603995084763e-03
6.541815120726823807e-03
6.460884585976600647e-03
6.376926787197589874e-03
6.289693992584943771e-03
6.198886316269636154e-03
6.104229949414730072e-03
6.005425937473773956e-03
5.902120377868413925e-03
5.794005468487739563e-03
5.680733360350131989e-03
5.561980418860912323e-03
5.437405314296483994e-03
5.306707695126533508e-03
5.169616546481847763e-03
5.025923717767000198e-03
4.875503480434417725e-03
4.718315321952104568e-03
4.554475191980600357e-03
4.384249448776245117e-03
4.208110272884368896e-03
4.026738461107015610e-03
3.841067431494593620e-03
3.652255982160568237e-03
3.461699001491069794e-03
3.270984161645174026e-03
3.081835340708494186e-03
2.896025776863098145e-03
2.715310780331492424e-03
2.541314112022519112e-03
2.375442767515778542e-03
2.218829235062003136e-03
2.072267932817339897e-03
1.936225569806993008e-03
1.810845104046165943e-03
1.695981482043862343e-03
1.591264619491994381e-03
1.496160984970629215e-03
1.410014112479984760e-03
1.332117244601249695e-03
1.261739758774638176e-03
1.198162673972547054e-03
1.140696578659117222e-03
1.088686753064393997e-03
1.041531329974532127e-03
9.986622026190161705e-04
9.595558512955904007e-04
9.237212943844497204e-04
8.906954899430274963e-04
8.600344299338757992e-04
8.313087746500968933e-04
8.040958782657980919e-04
7.779762963764369488e-04
7.525302353315055370e-04
7.273381925188004971e-04
7.019871263764798641e-04
6.760805263184010983e-04
6.492587272077798843e-04
6.212252192199230194e-04
5.917853559367358685e-04
5.608844803646206856e-04
5.286395899020135403e-04
4.953628522343933582e-04
4.615501966327428818e-04
4.278426640667021275e-04
3.949546080548316240e-04
3.635848697740584612e-04
3.343305434100329876e-04
3.076245484407991171e-04
2.837080392055213451e-04
2.626361674629151821e-04
2.443126868456602097e-04
2.285358932567760348e-04
2.150402142433449626e-04
2.035371726378798485e-04
1.937407942023128271e-04
1.853833382483571768e-04
1.782274630386382341e-04
1.720669679343700409e-04
1.667270116740837693e-04
1.620609400561079383e-04
1.579491508891806006e-04
1.542925892863422632e-04
1.510109723312780261e-04
1.480403298046439886e-04
1.453277945984154940e-04
1.428314426448196173e-04
1.405179064022377133e-04
1.383602502755820751e-04
1.363367045996710658e-04
1.344302727375179529e-04
1.326272467849776149e-04
1.309162762481719255e-04
1.292888773605227470e-04
1.277381088584661484e-04
1.262581790797412395e-04
1.248443004442378879e-04
1.234928640769794583e-04
1.222008140757679939e-04
1.209656256833113730e-04
1.197848396259360015e-04
1.186568842967972159e-04
1.175801080535165966e-04
1.165528883575461805e-04
1.155742138507775962e-04
1.146423237514682114e-04
1.137565704993903637e-04
1.129155425587669015e-04
1.121184614021331072e-04
1.113640828407369554e-04
1.106515774154104292e-04
1.099799264920875430e-04
1.093483078875578940e-04
1.087556811398826540e-04
1.082012313418090343e-04
1.076843036571517587e-04
1.072038940037600696e-04
1.067592165782116354e-04
1.063495219568721950e-04
1.059743590303696692e-04
1.056329492712393403e-04
1.053248633979819715e-04
1.050490318448282778e-04
1.048054837156087160e-04
1.045935350703075528e-04
1.044129676301963627e-04
1.042629373841919005e-04
1.041438881657086313e-04
1.040550487232394516e-04
1.039964190567843616e-04
1.039678681991063058e-04
1.039601265802048147e-04
1.039288108586333692e-04
1.038672926370054483e-04
1.037761103361845016e-04
1.036550456774421036e-04
1.035049135680310428e-04
1.033252483466640115e-04
1.031170686474069953e-04
1.028807528200559318e-04
1.026163954520598054e-04
1.023249205900356174e-04
1.020068448269739747e-04
1.016627938952296972e-04
1.012935172184370458e-04
1.009000989142805338e-04
1.004832010949030519e-04
1.000439733616076410e-04
9.958339069271460176e-05
9.910272638080641627e-05
9.860331192612648010e-05
9.808612230699509382e-05
9.755303472047671676e-05
9.700546070234850049e-05
9.644476085668429732e-05
9.587267413735389709e-05
9.529116505291312933e-05
9.470216173212975264e-05
9.410765778739005327e-05
9.350956679554656148e-05
9.291013702750205994e-05
9.231155854649841785e-05
9.171622514259070158e-05
9.112663974519819021e-05
9.054524707607924938e-05
8.997476834338158369e-05
8.941743726609274745e-05
8.887643343769013882e-05
8.835438347887247801e-05
8.785424142843112350e-05
8.737884490983560681e-05
8.693137351656332612e-05
8.651466487208381295e-05
8.613197132945060730e-05
8.578637789469212294e-05
8.548129699192941189e-05
8.521979179931804538e-05
8.500560215907171369e-05
8.484160935040563345e-05
8.473156776744872332e-05
8.467915176879614592e-05
8.468795567750930786e-05
8.476163930026814342e-05
8.490385516779497266e-05
8.511875785188749433e-05
8.541025454178452492e-05
8.578220877097919583e-05
8.623905159765854478e-05
8.678510494064539671e-05
8.742485078983008862e-05
8.816248737275600433e-05
8.900306420400738716e-05
8.995092503027990460e-05
9.101130854105576873e-05
9.218884952133521438e-05
9.348879393655806780e-05
9.491616219747811556e-05
9.647629485698416829e-05
9.817389945965260267e-05
1.000145930447615683e-04
1.020033378154039383e-04
1.041451832861639559e-04
1.064453026629053056e-04
1.089080251404084265e-04
1.115381528506986797e-04
1.143395929830148816e-04
1.173162454506382346e-04
1.204715663334354758e-04
1.238085096701979637e-04
1.273288944503292441e-04
1.310344232479110360e-04
1.349257217952981591e-04
1.390020042890682817e-04
1.432621938874945045e-04
1.477034820709377527e-04
1.523220707895234227e-04
1.571126340422779322e-04
1.620683615328744054e-04
1.671800710028037429e-04
1.724383328109979630e-04
1.778309233486652374e-04
1.833431451814249158e-04
1.889598934212699533e-04
1.946627307916060090e-04
2.004319394472986460e-04
2.062459971057251096e-04
2.120801800629124045e-04
2.179089497076347470e-04
2.237053849967196584e-04
2.294404112035408616e-04
2.350831200601533055e-04
2.406024868832901120e-04
2.459663082845509052e-04
2.511410566512495279e-04
2.560933353379368782e-04
2.607909555081278086e-04
2.652009716257452965e-04
2.692916896194219589e-04
2.730317646637558937e-04
2.763936645351350307e-04
2.793501771520823240e-04
2.818765351548790932e-04
2.839523949660360813e-04
2.855576749425381422e-04
2.866791037376970053e-04
2.873043122235685587e-04
2.874270721804350615e-04
2.870431344490498304e-04
2.861548273358494043e-04
2.847670693881809711e-04
2.828904544003307819e-04
2.805403200909495354e-04
2.777345071081072092e-04
2.744965313468128443e-04
2.708546235226094723e-04
2.668399247340857983e-04
2.624862245284020901e-04
2.578310959506779909e-04
2.529149060137569904e-04
2.477782254572957754e-04
2.424634440103545785e-04
