6.550345104187726974e-03
6.478950381278991699e-03
6.404009182006120682e-03
6.324958987534046173e-03
6.241144146770238876e-03
6.151863839477300644e-03
6.056350655853748322e-03
5.953780375421047211e-03
5.843308288604021072e-03
5.724069662392139435e-03
5.595263559371232986e-03
5.456186830997467041e-03
5.306388251483440399e-03
5.145749077200889587e-03
4.974690265953540802e-03
4.794364329427480698e-03
4.606883972883224487e-03
4.415436182171106339e-03
4.224310163408517838e-03
4.038616549223661423e-03
3.863728605210781097e-03
3.704536007717251778e-03
3.564696758985519409e-03
3.446138463914394379e-03
3.348879283294081688e-03
3.270865883678197861e-03
3.207092871889472008e-03
3.146586474031209946e-03
3.064788877964019775e-03
2.911181421950459480e-03
2.614719793200492859e-03
2.175459871068596840e-03
1.770494505763053894e-03
1.559927128255367279e-03
1.511386712081730366e-03
1.537286792881786823e-03
1.581679447554051876e-03
1.612243591807782650e-03
1.601976808160543442e-03
1.526732463389635086e-03
1.386624993756413460e-03
1.223477884195744991e-03
1.087902463041245937e-03
9.983206400647759438e-04
9.464365430176258087e-04
9.181712521240115166e-04
9.027941268868744373e-04
8.936239755712449551e-04
8.866872522048652172e-04
8.794867899268865585e-04
8.701924234628677368e-04
8.571333601139485836e-04
8.384794346056878567e-04
8.121205610223114491e-04
7.759209838695824146e-04
7.287209155037999153e-04
6.722624530084431171e-04
6.129654939286410809e-04
5.606239428743720055e-04
5.231305840425193310e-04
5.026744329370558262e-04
4.997038631699979305e-04
5.308714462444186211e-04
6.958177546039223671e-04
1.248003100045025349e-03
1.762740314006805420e-03
1.517187803983688354e-03
9.091642568819224834e-04
4.650042974390089512e-04
2.757572219707071781e-04
2.062890707748010755e-04
1.785027852747589350e-04
1.660060079302638769e-04
1.598355593159794807e-04
1.565624697832390666e-04
1.547280990052968264e-04
1.536579075036570430e-04
1.530174922663718462e-04
1.526319101685658097e-04
1.524041581433266401e-04
1.522796665085479617e-04
1.522265229141339660e-04
1.522261009085923433e-04
1.522673264844343066e-04
1.523448881926015019e-04
1.524566177977249026e-04
1.526023552287369967e-04
1.527821732452139258e-04
1.529964793007820845e-04
1.532432361273095012e-04
1.535171468276530504e-04
1.538046344649046659e-04
1.540797093184664845e-04
1.542971585877239704e-04
1.543844264233484864e-04
1.542314130347222090e-04
1.536838390165939927e-04
1.525434490758925676e-04
1.505823456682264805e-04
1.475835306337103248e-04
1.434048754163086414e-04
1.380501635139808059e-04
1.317186688538640738e-04
1.247903710464015603e-04
1.177423473563976586e-04
1.110341036110185087e-04
1.050092687364667654e-04
9.985896758735179901e-05
9.563397907186299562e-05
9.228744602296501398e-05
8.971842908067628741e-05
8.780592179391533136e-05
8.643022010801360011e-05
8.548301411792635918e-05
8.487155719194561243e-05
8.451950270682573318e-05
8.436361531494185328e-05
8.435396011918783188e-05
8.445030107395723462e-05
8.462031109957024455e-05
8.483797137159854174e-05
8.508305472787469625e-05
8.533884829375892878e-05
8.559256093576550484e-05
8.583301678299903870e-05
8.605241600889712572e-05
8.624374459031969309e-05
8.640195301268249750e-05
8.652331598568707705e-05
8.660495950607582927e-05
8.664519555168226361e-05
8.665585482958704233e-05
8.670064562465995550e-05
8.678916492499411106e-05
8.692291885381564498e-05
8.710455585969612002e-05
8.733727008802816272e-05
8.762457582633942366e-05
8.797110785963013768e-05
8.838091889629140496e-05
8.885881106834858656e-05
8.940933184931054711e-05
9.003691229736432433e-05
9.074560512090101838e-05
9.153937571682035923e-05
9.242138912668451667e-05
9.339398820884525776e-05
9.445892646908760071e-05
9.561656770529225469e-05
9.686568228062242270e-05
9.820311242947354913e-05
9.962271724361926317e-05
1.011143176583573222e-04
1.026622121571563184e-04
1.042429503286257386e-04
1.058222842402756214e-04
1.073508974513970315e-04
1.087590862880460918e-04
1.099502478609792888e-04
1.107925345422700047e-04
1.111119418055750430e-04
1.106886193156242371e-04
1.092686725314706564e-04
1.066055992851033807e-04
1.025446108542382717e-04
9.715495252748951316e-05
9.084466000786051154e-05
8.433907350990921259e-05
7.845711661502718925e-05
7.380231545539572835e-05
7.059892959659919143e-05
6.875205872347578406e-05
6.801413837820291519e-05
6.812137144152075052e-05
6.885828042868524790e-05
7.006546366028487682e-05
7.162684050854295492e-05
7.344895129790529609e-05
7.544925028923898935e-05
7.754779653623700142e-05
7.966715929796919227e-05
8.173548121703788638e-05
8.369022543774917722e-05
8.548129699192941189e-05
8.707424422027543187e-05
8.844956028042361140e-05
8.960248669609427452e-05
9.053980465978384018e-05
9.127909288508817554e-05
9.184567170450463891e-05
9.227213013218715787e-05
9.259826038032770157e-05
9.287355351261794567e-05
9.316174691775813699e-05
9.354890062240883708e-05
9.415872773388400674e-05
9.517573198536410928e-05
9.688259160611778498e-05
9.971727558877319098e-05
1.043445881805382669e-04
1.116966450354084373e-04
1.228041510330513120e-04
1.380449102725833654e-04
1.557029900141060352e-04
1.712327357381582260e-04
1.792800903785973787e-04
1.771162933437153697e-04
1.661499700276181102e-04
1.507901033619418740e-04
1.357917790301144123e-04
1.240520650753751397e-04
1.163814231404103339e-04
1.125261260312981904e-04
1.120857705245725811e-04
1.149128729593940079e-04
1.211435082950629294e-04
1.309828367084264755e-04
1.442828361177816987e-04
1.601039984961971641e-04
1.767006469890475273e-04
1.921386428875848651e-04
2.050626208074390888e-04
2.149918436771258712e-04
2.221156464656814933e-04
2.269381802761927247e-04
2.300189080415293574e-04
2.318404294783249497e-04
2.327775873709470034e-04
2.331027208128944039e-04
2.330045244889333844e-04
2.326131798326969147e-04
2.320191124454140663e-04
2.312845026608556509e-04
2.304583904333412647e-04
2.295833110110834241e-04
2.287061215611174703e-04
2.278896135976538062e-04
2.272346027893945575e-04
2.269178366987034678e-04
2.272679557790979743e-04
2.289076946908608079e-04
2.330123097635805607e-04
2.416932402411475778e-04
2.582520246505737305e-04
2.858840452972799540e-04
3.213262534700334072e-04
3.446545160841196775e-04
3.301621472928673029e-04
2.933966170530766249e-04
2.678541350178420544e-04
2.557844272814691067e-04
2.505015872884541750e-04
2.482854761183261871e-04
2.475872170180082321e-04
2.477845991961658001e-04
2.486316079739481211e-04
2.500429691281169653e-04
2.520038397051393986e-04
2.545308088883757591e-04
2.576578408479690552e-04
2.614257682580500841e-04
