2.799763111397624016e-03
2.934131305664777756e-03
3.107102587819099426e-03
3.322713542729616165e-03
3.582046600058674812e-03
3.880838165059685707e-03
4.207534715533256531e-03
4.543333314359188080e-03
4.865015856921672821e-03
5.149651318788528442e-03
5.378942470997571945e-03
5.541275721043348312e-03
5.631626583635807037e-03
5.650242324918508530e-03
5.601347424089908600e-03
5.492147058248519897e-03
5.332010332494974136e-03
5.131688434630632401e-03
4.902432207018136978e-03
4.655006341636180878e-03
4.398895427584648132e-03
4.141731653362512589e-03
3.889101324602961540e-03
3.644635900855064392e-03
3.410357050597667694e-03
3.187164198607206345e-03
2.975373528897762299e-03
2.775228815153241158e-03
2.587314462289214134e-03
2.412684727460145950e-03
2.252652077004313469e-03
2.108255866914987564e-03
1.979646272957324982e-03
1.865737489424645901e-03
1.764386543072760105e-03
1.672959653660655022e-03
1.588982180692255497e-03
1.510600442998111248e-03
1.436682301573455334e-03
1.366689684800803661e-03
1.300448202528059483e-03
1.237972755916416645e-03
1.179345417767763138e-03
1.124667935073375702e-03
1.074040192179381847e-03
1.027533318847417831e-03
9.851711802184581757e-04
9.469074429944157600e-04
9.126189397647976875e-04
8.820985676720738411e-04
8.550630300305783749e-04
8.311724523082375526e-04
8.100430131889879704e-04
7.912702276371419430e-04
7.744391914457082748e-04
7.591386674903333187e-04
7.449654513038694859e-04
7.315295515581965446e-04
7.184520945884287357e-04
7.053655572235584259e-04
6.919096922501921654e-04
6.777342641726136208e-04
6.624943925999104977e-04
6.458575953729450703e-04
6.275121122598648071e-04
6.071837851777672768e-04
5.846649874001741409e-04
5.598467541858553886e-04
5.327594699338078499e-04
5.036172806285321712e-04
4.728357307612895966e-04
4.410302499309182167e-04
4.089586436748504639e-04
3.774297365453094244e-04
3.471863747108727694e-04
3.188006230629980564e-04
2.926052547991275787e-04
2.686800144147127867e-04
2.468816819600760937e-04
2.269003161927685142e-04
2.083506115013733506e-04
1.908845006255432963e-04
1.743231259752064943e-04
1.587568258401006460e-04
1.445243688067421317e-04
1.320480223512277007e-04
1.216184100485406816e-04
1.132772595155984163e-04
1.068458805093541741e-04
1.020302806864492595e-04
9.852032235357910395e-05
9.604744263924658298e-05
9.440614667255431414e-05
9.345518628833815455e-05
9.311173926107585430e-05
9.334705828223377466e-05
9.418091940460726619e-05
9.567941015120595694e-05
9.794844663701951504e-05
1.011150889098644257e-04
1.052918305504135787e-04
1.105148039641790092e-04
1.166743240901269019e-04
1.234715455211699009e-04
1.304498582612723112e-04
1.371078396914526820e-04
1.430358825018629432e-04
1.480015198467299342e-04
1.519466459285467863e-04
1.549194275867193937e-04
1.569928426761180162e-04
1.581916731083765626e-04
1.584351703058928251e-04
1.575009810039773583e-04
1.550131128169596195e-04
1.504898973507806659e-04
1.434792939107865095e-04
1.337526045972481370e-04
1.214478179463185370e-04
1.071259102900512516e-04
9.189376578433439136e-05
7.748739881208166480e-05
6.568569369846954942e-05
5.731337660108692944e-05
5.206445348449051380e-05
4.911756695946678519e-05
4.766750498674809933e-05
4.710186112788505852e-05
4.699507917393930256e-05
4.706463732873089612e-05
4.713758244179189205e-05
4.716118564829230309e-05
4.727826308226212859e-05
4.759324656333774328e-05
4.826866643270477653e-05
4.953786992700770497e-05
5.170267468201927841e-05
5.513268479262478650e-05
6.024822869221679866e-05
6.743515405105426908e-05
7.684199226787313819e-05
8.810350118437781930e-05
1.002429780783131719e-04
1.119853404816240072e-04
1.222719001816585660e-04
1.305306068388745189e-04
1.365977368550375104e-04
1.405180373694747686e-04
1.424082292942330241e-04
1.424118963768705726e-04
1.406991650583222508e-04
1.374750572722405195e-04
1.329865044681355357e-04
1.275162503588944674e-04
1.213758077938109636e-04
1.148885567090474069e-04
1.083715978893451393e-04
1.021172065520659089e-04
9.637680341256782413e-05
9.135380969382822514e-05
8.720502955839037895e-05
8.404162508668377995e-05
8.192408859031274915e-05
8.084041473921388388e-05
8.067038288572803140e-05
8.116220851661637425e-05
8.195581176551058888e-05
8.267498924396932125e-05
8.303993672598153353e-05
8.293303108075633645e-05
8.238419104600325227e-05
8.150999201461672783e-05
8.045182039495557547e-05
7.933768210932612419e-05
7.826791261322796345e-05
7.731519872322678566e-05
7.653024658793583512e-05
7.594783528475090861e-05
7.559285586467012763e-05
7.548552093794569373e-05
7.564297266071662307e-05
7.608142914250493050e-05
7.681774877710267901e-05
7.786724745528772473e-05
7.924285455374047160e-05
8.095211524050682783e-05
8.299379260279238224e-05
8.535382221452891827e-05
8.800366776995360851e-05
9.089785453397780657e-05
9.397789108334109187e-05
9.717552893562242389e-05
1.004212172119878232e-04
1.036515895975753665e-04
1.068149140337482095e-04
1.098759385058656335e-04
1.128167277784086764e-04
1.156352809630334377e-04
1.183422937174327672e-04
1.209581241710111499e-04
1.235088857356458902e-04
1.260233693756163120e-04
1.285314356209710240e-04
1.310599182033911347e-04
1.336353307124227285e-04
1.362796465400606394e-04
1.390118268318474293e-04
1.418472966179251671e-04
1.447970571462064981e-04
1.478697668062523007e-04
1.510692964075133204e-04
1.543979742564260960e-04
1.578537048771977425e-04
1.614326320122927427e-04
1.651279453653842211e-04
1.689305354375392199e-04
1.728296047076582909e-04
1.768115616869181395e-04
1.808622764656320214e-04
1.849661202868446708e-04
1.891060819616541266e-04
1.932656741701066494e-04
1.974284532479941845e-04
2.015786158153787255e-04
2.057010133285075426e-04
2.097824617521837354e-04
2.138106647180393338e-04
2.177754067815840244e-04
2.216666907770559192e-04
2.254758728668093681e-04
2.291959681315347552e-04
2.328201953787356615e-04
2.363416861044242978e-04
2.397547505097463727e-04
2.430534223094582558e-04
2.462316770106554031e-04
2.492843486834317446e-04
2.522069262340664864e-04
2.549952478148043156e-04
2.576463157311081886e-04
2.601579180918633938e-04
2.625292690936475992e-04
2.647613873705267906e-04
2.668549132067710161e-04
2.688142703846096992e-04
2.706427185330539942e-04
2.723467187024652958e-04
2.739307819865643978e-04
2.754025335889309645e-04
2.767681144177913666e-04
2.780354698188602924e-04
2.792106533888727427e-04
2.803015522658824921e-04
2.813151513691991568e-04
2.822565147653222084e-04
2.831327437888830900e-04
2.839496883098036051e-04
2.847122377716004848e-04
2.854245831258594990e-04
2.860926033463329077e-04
2.867192961275577545e-04
