3.406316041946411133e-02
3.400038927793502808e-02
3.393316268920898438e-02
3.386092558503150940e-02
3.378305211663246155e-02
3.369881585240364075e-02
3.360735252499580383e-02
3.350768983364105225e-02
3.339863568544387817e-02
3.327884152531623840e-02
3.314666822552680969e-02
3.300019353628158569e-02
3.283712267875671387e-02
3.265464678406715393e-02
3.244943916797637939e-02
3.221747651696205139e-02
3.195388615131378174e-02
3.165274485945701599e-02
3.130705654621124268e-02
3.090834617614746094e-02
3.044673427939414978e-02
2.991085872054100037e-02
2.928796783089637756e-02
2.856466732919216156e-02
2.772788144648075104e-02
2.676679193973541260e-02
2.567538432776927948e-02
2.445574104785919189e-02
2.312144450843334198e-02
2.169940248131752014e-02
2.022978663444519043e-02
1.876226067543029785e-02
1.734912581741809845e-02
1.603741385042667389e-02
1.486209221184253693e-02
1.384257618337869644e-02
1.298316940665245056e-02
1.227622944861650467e-02
1.170668937265872955e-02
1.125630456954240799e-02
1.090666372328996658e-02
1.064108964055776596e-02
1.044517941772937775e-02
1.030685566365718842e-02
1.021584123373031616e-02
1.016317959874868393e-02
1.014073938131332397e-02
1.014085020869970322e-02
1.015614531934261322e-02
1.017953548580408096e-02
1.020429469645023346e-02
1.022422406822443008e-02
1.023375336080789566e-02
1.022804714739322662e-02
1.020300481468439102e-02
1.015526335686445236e-02
1.008220296353101730e-02
9.981892071664333344e-03
9.853233583271503448e-03
9.696074761450290680e-03
9.511468932032585144e-03
9.301854297518730164e-03
9.071246720850467682e-03
8.825100958347320557e-03
8.569990284740924835e-03
8.313061669468879700e-03
8.061205968260765076e-03
7.820478640496730804e-03
7.595511153340339661e-03
7.389308419078588486e-03
7.203313056379556656e-03
7.037626113742589951e-03
6.891350727528333664e-03
6.762934383004903793e-03
6.650455761700868607e-03
6.551841273903846741e-03
6.465045735239982605e-03
6.388081703335046768e-03
6.319102365523576736e-03
6.256390362977981567e-03
6.198354531079530716e-03
6.143478676676750183e-03
6.090304348617792130e-03
6.037369836121797562e-03
5.983199458569288254e-03
5.926213227212429047e-03
5.864760372787714005e-03
5.797096528112888336e-03
5.721446126699447632e-03
5.636117421090602875e-03
5.539817735552787781e-03
5.432052072137594223e-03
5.313721951097249985e-03
5.187810398638248444e-03
5.059993360191583633e-03
4.938913509249687195e-03
4.836113192141056061e-03
4.765782039612531662e-03
4.744911566376686096e-03
4.794120322912931442e-03
4.937458317726850510e-03
5.196322221308946609e-03
5.574195180088281631e-03
6.044748704880475998e-03
6.569235585629940033e-03
7.133255247026681900e-03
7.758321240544319153e-03
8.478045463562011719e-03
9.303246624767780304e-03
1.019849814474582672e-02
1.108632981777191162e-02
1.187950652092695236e-02
1.251479610800743103e-02
1.296339184045791626e-02
1.321913301944732666e-02
1.328140962868928909e-02
1.314495317637920380e-02
1.280269958078861237e-02
1.226104982197284698e-02
1.155398786067962646e-02
1.073761377483606339e-02
9.869361296296119690e-03
8.985866792500019073e-03
8.073202334344387054e-03
7.065835408866405487e-03
5.979956127703189850e-03
4.971240181475877762e-03
3.978168126195669174e-03
3.091926686465740204e-03
2.678666263818740845e-03
2.556432504206895828e-03
2.531767357140779495e-03
2.459546318277716637e-03
2.433542395010590553e-03
2.638487610965967178e-03
3.441806416958570480e-03
4.881524480879306793e-03
5.971150007098913193e-03
6.797808688133955002e-03
7.666284684091806412e-03
8.510924875736236572e-03
9.235369041562080383e-03
9.816711768507957458e-03
1.025664899498224258e-02
1.054921001195907593e-02
1.068336050957441330e-02
1.065149623900651932e-02
1.045149099081754684e-02
1.008675806224346161e-02
9.573585353791713715e-03
8.955755271017551422e-03
8.308868855237960815e-03
7.713170256465673447e-03
7.210433017462491989e-03
6.791993509978055954e-03
6.431014742702245712e-03
6.122435908764600754e-03
5.883703473955392838e-03
5.724441725760698318e-03
5.634760018438100815e-03
5.596451926976442337e-03
5.593257956206798553e-03
5.613756831735372543e-03
5.650566425174474716e-03
5.699010100215673447e-03
5.756067112088203430e-03
5.819711368530988693e-03
5.888514220714569092e-03
5.961427465081214905e-03
6.037695799022912979e-03
6.116696633398532867e-03
6.198002025485038757e-03
6.281240843236446381e-03
6.366169545799493790e-03
6.452561356127262115e-03
6.540290545672178268e-03
6.629276555031538010e-03
6.719538476318120956e-03
6.811142899096012115e-03
6.904263515025377274e-03
6.999184377491474152e-03
7.096260320395231247e-03
7.195977959781885147e-03
7.298875600099563599e-03
7.405600044876337051e-03
7.516889367252588272e-03
7.633557543158531189e-03
7.756493985652923584e-03
7.886674255132675171e-03
8.025170303881168365e-03
8.173127658665180206e-03
8.331778459250926971e-03
8.502454496920108795e-03
8.686581626534461975e-03
8.885680697858333588e-03
9.101321920752525330e-03
9.335176087915897369e-03
9.588979184627532959e-03
9.864452295005321503e-03
1.016331464052200317e-02
1.048725470900535583e-02
1.083781570196151733e-02
1.121643371880054474e-02
1.162425242364406586e-02
1.206223666667938232e-02
1.253099925816059113e-02
1.303094252943992615e-02
1.356212422251701355e-02
1.412441208958625793e-02
1.471739448606967926e-02
1.534045021981000900e-02
1.599246449768543243e-02
1.667181774973869324e-02
1.737590134143829346e-02
1.810086145997047424e-02
1.884107850492000580e-02
1.958898641169071198e-02
2.033504098653793335e-02
2.106795459985733032e-02
2.177541702985763550e-02
2.244497090578079224e-02
2.306506410241127014e-02
2.362599223852157593e-02
2.412045933306217194e-02
2.454386092722415924e-02
2.489398792386054993e-02
2.517038211226463318e-02
2.537354640662670135e-02
2.550397813320159912e-02
2.556126378476619720e-02
2.554341219365596771e-02
2.544655837118625641e-02
2.526502683758735657e-02
2.499251626431941986e-02
2.462383732199668884e-02
2.415754273533821106e-02
2.359843812882900238e-02
2.295911125838756561e-02
2.225852012634277344e-02
2.151881717145442963e-02
2.076085098087787628e-02
2.000093646347522736e-02
1.925022341310977936e-02
1.851587183773517609e-02
1.780342310667037964e-02
1.711846143007278442e-02
1.646731048822402954e-02
1.585669070482254028e-02
1.529282797127962112e-02
1.478053908795118332e-02
1.432261709123849869e-02
1.391965430229902267e-02
1.357030402868986130e-02
1.327172014862298965e-02
1.302015874534845352e-02
1.281153131276369095e-02
1.264193654060363770e-02
1.250793226063251495e-02
1.240698248147964478e-02
1.233749464154243469e-02
1.229903753846883774e-02
