1.602393537759780884e-01
1.525388658046722412e-01
1.432643085718154907e-01
1.314919292926788330e-01
1.171737313270568848e-01
1.026247590780258179e-01
9.114230424165725708e-02
8.318326622247695923e-02
7.586573809385299683e-02
6.536781042814254761e-02
5.274819955229759216e-02
4.468003660440444946e-02
4.187937825918197632e-02
4.144084453582763672e-02
4.166994243860244751e-02
4.152809083461761475e-02
3.918157517910003662e-02
3.274599835276603699e-02
2.620885707437992096e-02
2.314427681267261505e-02
2.220551669597625732e-02
2.211586572229862213e-02
2.232604473829269409e-02
2.262807637453079224e-02
2.294694818556308746e-02
2.325559034943580627e-02
2.354296110570430756e-02
2.380027249455451965e-02
2.400915883481502533e-02
2.410857565701007843e-02
2.385666035115718842e-02
2.235373668372631073e-02
1.815896295011043549e-02
1.384316012263298035e-02
1.219658553600311279e-02
1.179295405745506287e-02
1.167689729481935501e-02
1.157598849385976791e-02
1.139336451888084412e-02
1.107208151370286942e-02
1.061269827187061310e-02
1.015217136591672897e-02
9.947382844984531403e-03
1.019715517759323120e-02
1.092693954706192017e-02
1.197390910238027573e-02
1.300615258514881134e-02
1.365461945533752441e-02
1.364964898675680161e-02
1.285457145422697067e-02
1.135744061321020126e-02
9.635103866457939148e-03
8.263551630079746246e-03
7.402685005217790604e-03
6.909345742315053940e-03
6.625866983085870743e-03
6.455080583691596985e-03
6.343786139041185379e-03
6.262147333472967148e-03
6.191719323396682739e-03
6.119534838944673538e-03
6.035123951733112335e-03
5.929351784288883209e-03
5.794291384518146515e-03
5.624064244329929352e-03
5.416329018771648407e-03
5.173831246793270111e-03
4.905198700726032257e-03
4.624112043529748917e-03
4.346851725131273270e-03
4.089026711881160736e-03
3.863027552142739296e-03
3.677004482597112656e-03
3.535348456352949142e-03
3.440001280978322029e-03
3.391779726371169090e-03
3.391228616237640381e-03
3.438661107793450356e-03
3.533309791237115860e-03
3.671688959002494812e-03
3.845938481390476227e-03
4.043443128466606140e-03
4.248761106282472610e-03
4.447304643690586090e-03
4.628659226000308990e-03
4.787777084857225418e-03
4.924241919070482254e-03
5.040777381509542465e-03
5.142069421708583832e-03
5.234291311353445053e-03
5.325173959136009216e-03
5.424470640718936920e-03
5.544382613152265549e-03
5.699407774955034256e-03
5.904571618884801865e-03
6.171114742755889893e-03
6.499255076050758362e-03
6.871697027236223221e-03
7.254386786371469498e-03
7.607885636389255524e-03
7.902692072093486786e-03
8.127380162477493286e-03
8.286075666546821594e-03
8.391091600060462952e-03
8.456479758024215698e-03
8.494603447616100311e-03
8.515186607837677002e-03
8.525515906512737274e-03
8.531107567250728607e-03
8.536372333765029907e-03
8.545206859707832336e-03
8.561284281313419342e-03
8.587880060076713562e-03
8.626335300505161285e-03
8.671500720083713531e-03
8.701765909790992737e-03
8.665972389280796051e-03
8.491057902574539185e-03
8.156333118677139282e-03
7.784336339682340622e-03
7.560213562101125717e-03
7.553089875727891922e-03
7.692759856581687927e-03
7.856543175876140594e-03
7.945086807012557983e-03
7.922766730189323425e-03
7.816110737621784210e-03
7.677956018596887589e-03
7.552350871264934540e-03
7.462995126843452454e-03
7.418520748615264893e-03
7.406652439385652542e-03
7.357222959399223328e-03
7.261547259986400604e-03
7.125816773623228073e-03
6.967753637582063675e-03
6.818495225161314011e-03
6.714075803756713867e-03
6.679556332528591156e-03
6.718198768794536591e-03
6.813501473516225815e-03
6.939078215509653091e-03
7.067565340548753738e-03
7.174945436418056488e-03
7.241585291922092438e-03
7.252735551446676254e-03
7.200486492365598679e-03
7.087080739438533783e-03
6.927338428795337677e-03
6.746794562786817551e-03
6.574652623385190964e-03
6.434818264096975327e-03
6.340570747852325439e-03
6.294457707554101944e-03
6.291818805038928986e-03
6.324499845504760742e-03
6.383501458913087845e-03
6.460159551352262497e-03
6.546338088810443878e-03
6.634132936596870422e-03
6.715309340506792068e-03
6.780818570405244827e-03
6.820562295615673065e-03
6.823793053627014160e-03
6.780839990824460983e-03
6.686517037451267242e-03
6.544697098433971405e-03
6.371758878231048584e-03
6.195045076310634613e-03
6.045100744813680649e-03
5.945632699877023697e-03
5.907365586608648300e-03
5.928480066359043121e-03
5.998731590807437897e-03
6.103998515754938126e-03
6.229543592780828476e-03
6.361987907439470291e-03
6.490655709058046341e-03
6.608258001506328583e-03
6.711045745760202408e-03
6.798472255468368530e-03
6.872393656522035599e-03
6.936302874237298965e-03
6.994635332375764847e-03
7.052209693938493729e-03
7.114025298506021500e-03
7.185094989836215973e-03
7.270376197993755341e-03
7.374851033091545105e-03
7.503376808017492294e-03
7.660598494112491608e-03
7.850751280784606934e-03
8.077190257608890533e-03
8.341993205249309540e-03
8.645371533930301666e-03
8.985250256955623627e-03
9.357061237096786499e-03
9.753869846463203430e-03
1.016694121062755585e-02
1.058653462678194046e-02
1.100274734199047089e-02
1.140636857599020004e-02
1.178939267992973328e-02
1.214535720646381378e-02
1.246979553252458572e-02
1.276136189699172974e-02
1.302409451454877853e-02
1.327334344387054443e-02
1.354730594903230667e-02
1.392514072358608246e-02
1.453187782317399979e-02
1.546898484230041504e-02
1.665829680860042572e-02
1.782880537211894989e-02
1.875817961990833282e-02
1.940931193530559540e-02
1.984848454594612122e-02
2.015209011733531952e-02
2.037622779607772827e-02
2.055875957012176514e-02
2.072998508810997009e-02
2.093211002647876740e-02
2.127762138843536377e-02
2.217753231525421143e-02
2.490772493183612823e-02
2.905325219035148621e-02
2.941963076591491699e-02
2.755293250083923340e-02
2.576748281717300415e-02
2.467099204659461975e-02
2.428327128291130066e-02
2.454023808240890503e-02
2.531296573579311371e-02
2.606495656073093414e-02
2.559069916605949402e-02
2.325914427638053894e-02
2.052163518965244293e-02
1.863008551299571991e-02
1.761191152036190033e-02
1.724334247410297394e-02
1.756039820611476898e-02
1.874360628426074982e-02
1.998460292816162109e-02
2.013004384934902191e-02
1.947852037847042084e-02
1.860962808132171631e-02
1.777942478656768799e-02
1.705231703817844391e-02
1.641069725155830383e-02
1.580595411360263824e-02
1.518425066024065018e-02
1.450105756521224976e-02
1.373209245502948761e-02
1.288225408643484116e-02
1.198793482035398483e-02
1.110689900815486908e-02
1.029854174703359604e-02
9.605450555682182312e-03
9.046488441526889801e-03
8.620657026767730713e-03
8.315294981002807617e-03
