1.522390693426132202e-01
1.485613733530044556e-01
1.418217718601226807e-01
1.299459487199783325e-01
1.132897287607192993e-01
9.760794788599014282e-02
8.734785765409469604e-02
8.040780574083328247e-02
7.283017784357070923e-02
6.194604188203811646e-02
4.984708875417709351e-02
4.324240982532501221e-02
4.136465117335319519e-02
4.114789515733718872e-02
4.137473925948143005e-02
4.134735465049743652e-02
3.862604871392250061e-02
2.991315908730030060e-02
2.464505843818187714e-02
2.392853982746601105e-02
2.424562536180019379e-02
2.476277202367782593e-02
2.535332553088665009e-02
2.599689364433288574e-02
2.663538604974746704e-02
2.690137550234794617e-02
2.535285241901874542e-02
2.146283909678459167e-02
2.014059387147426605e-02
2.154877781867980957e-02
2.362485229969024658e-02
2.443872392177581787e-02
2.048404887318611145e-02
1.487438380718231201e-02
1.217826176434755325e-02
1.077832654118537903e-02
1.005894225090742111e-02
9.763888083398342133e-03
9.753723628818988800e-03
9.979692287743091583e-03
1.044010464102029800e-02
1.111234724521636963e-02
1.186282653361558914e-02
1.245230343192815781e-02
1.271959301084280014e-02
1.269045285880565643e-02
1.246807537972927094e-02
1.211752649396657944e-02
1.164514943957328796e-02
1.102210301905870438e-02
1.022296957671642303e-02
9.279079735279083252e-03
8.315310813486576080e-03
7.502410095185041428e-03
6.946554873138666153e-03
6.644300185143947601e-03
6.530201062560081482e-03
6.533177103847265244e-03
6.598546169698238373e-03
6.685307249426841736e-03
6.750668399035930634e-03
6.713879294693470001e-03
6.361300591379404068e-03
5.355335306376218796e-03
4.361351020634174347e-03
4.237168468534946442e-03
5.267570540308952332e-02
2.944607846438884735e-02
7.902935147285461426e-03
5.734184291213750839e-03
4.175864625722169876e-03
3.257548902183771133e-03
2.875930629670619965e-03
2.758553484454751015e-03
2.762035699561238289e-03
2.835255349054932594e-03
2.960872836410999298e-03
3.128049662336707115e-03
3.323653480038046837e-03
3.532549599185585976e-03
3.740063402801752090e-03
3.933415282517671585e-03
4.103953950107097626e-03
4.251830745488405228e-03
4.387782886624336243e-03
4.524978809058666229e-03
4.667506087571382523e-03
4.809309728443622589e-03
4.942748695611953735e-03
5.065198522061109543e-03
5.179529078304767609e-03
5.291900597512722015e-03
5.409818608313798904e-03
5.541178397834300995e-03
5.693892482668161392e-03
5.875442642718553543e-03
6.091906689107418060e-03
6.346164271235466003e-03
6.635512690991163254e-03
6.949344184249639511e-03
7.268624845892190933e-03
7.568704895675182343e-03
7.825494743883609772e-03
8.022293448448181152e-03
8.154579438269138336e-03
8.230681531131267548e-03
8.269290439784526825e-03
8.295037783682346344e-03
8.333000354468822479e-03
8.402438834309577942e-03
8.510474115610122681e-03
8.646928705275058746e-03
8.783612400293350220e-03
8.880630135536193848e-03
8.897858671844005585e-03
8.803375065326690674e-03
8.575121872127056122e-03
8.206972852349281311e-03
7.729494012892246246e-03
7.228184025734663010e-03
6.826693192124366760e-03
6.649948656558990479e-03
6.833734456449747086e-03
7.593670859932899475e-03
9.024000726640224457e-03
1.054298598319292068e-02
1.175193116068840027e-02
1.075488422065973282e-02
6.083113141357898712e-03
5.245327018201351166e-03
5.354352295398712158e-03
5.411528050899505615e-03
5.730436649173498154e-03
6.573569029569625854e-03
7.963543757796287537e-03
9.232432581484317780e-03
9.383624419569969177e-03
8.419114165008068085e-03
7.258749566972255707e-03
6.634450517594814301e-03
6.529788952320814133e-03
6.684094201773405075e-03
6.907791364938020706e-03
7.101069670170545578e-03
7.225139066576957703e-03
7.274851202964782715e-03
7.257667835801839828e-03
7.183146197348833084e-03
7.061551325023174286e-03
6.906218361109495163e-03
6.734991446137428284e-03
6.568205542862415314e-03
6.424683611840009689e-03
6.318249739706516266e-03
6.256446242332458496e-03
6.241099908947944641e-03
6.269522476941347122e-03
6.335624959319829941e-03
6.430697627365589142e-03
6.544027477502822876e-03
6.663765292614698410e-03
6.777842063456773758e-03
6.874788552522659302e-03
6.943903397768735886e-03
6.974256597459316254e-03
6.952530704438686371e-03
6.861912552267313004e-03
6.688613910228013992e-03
6.443869788199663162e-03
6.183133926242589951e-03
5.980508867651224136e-03
5.878555122762918472e-03
5.875768605619668961e-03
5.947307683527469635e-03
6.064568180590867996e-03
6.203908007591962814e-03
6.348503753542900085e-03
6.487648468464612961e-03
6.615233607590198517e-03
6.728334352374076843e-03
6.826101336628198624e-03
6.908926647156476974e-03
6.977840326726436615e-03
7.034260779619216919e-03
7.079833187162876129e-03
7.116599008440971375e-03
7.147578988224267960e-03
7.178231142461299896e-03
7.219569291919469833e-03
7.293823175132274628e-03
7.439518813043832779e-03
7.701442111283540726e-03
8.088365197181701660e-03
8.538717404007911682e-03
8.967239409685134888e-03
9.333814494311809540e-03
9.646421298384666443e-03
9.931499138474464417e-03
1.021764893084764481e-02
1.053503341972827911e-02
1.091689988970756531e-02
1.138476375490427017e-02
1.191217079758644104e-02
1.241619419306516647e-02
1.281756255775690079e-02
1.309283729642629623e-02
1.325973588973283768e-02
1.334864087402820587e-02
1.342400908470153809e-02
1.372042205184698105e-02
1.463646627962589264e-02
1.595877110958099365e-02
1.708618924021720886e-02
1.791589334607124329e-02
1.857184432446956635e-02
1.914320513606071472e-02
1.966261677443981171e-02
2.012917771935462952e-02
2.052523940801620483e-02
2.082536369562149048e-02
2.100344561040401459e-02
2.105769515037536621e-02
2.114020101726055145e-02
2.206241525709629059e-02
2.566601894795894623e-02
2.982873283326625824e-02
2.970220521092414856e-02
2.762966975569725037e-02
2.583644352853298187e-02
2.475469000637531281e-02
2.447251416742801666e-02
2.503986470401287079e-02
2.582544647157192230e-02
2.592142857611179352e-02
2.500694617629051208e-02
2.325857430696487427e-02
2.149382419884204865e-02
2.006744593381881714e-02
1.872790418565273285e-02
1.746381819248199463e-02
1.691581681370735168e-02
1.760282367467880249e-02
1.874015480279922485e-02
1.949823275208473206e-02
1.978032290935516357e-02
1.964669488370418549e-02
1.910428889095783234e-02
1.817278936505317688e-02
1.699616573750972748e-02
1.584181562066078186e-02
1.492175552994012833e-02
1.425375323742628098e-02
1.371221058070659637e-02
1.314149703830480576e-02
1.243843790143728256e-02
1.159959752112627029e-02
1.071113999933004379e-02
9.881474077701568604e-03
9.180239401757717133e-03
8.626429364085197449e-03
8.207514882087707520e-03
