1.692425459623336792e-01
1.516734063625335693e-01
1.360227912664413452e-01
1.221283823251724243e-01
1.098236367106437683e-01
9.894558042287826538e-02
8.933902531862258911e-02
8.085881918668746948e-02
7.337228208780288696e-02
6.675954163074493408e-02
6.091336160898208618e-02
5.573830008506774902e-02
5.115071311593055725e-02
4.707693308591842651e-02
4.345260933041572571e-02
4.022174701094627380e-02
3.733555600047111511e-02
3.475170210003852844e-02
3.243339061737060547e-02
3.034868650138378143e-02
2.846981585025787354e-02
2.677265554666519165e-02
2.523623593151569366e-02
2.384232915937900543e-02
2.257488295435905457e-02
2.142008207738399506e-02
2.036568522453308105e-02
1.940106041729450226e-02
1.851681247353553772e-02
1.770472526550292969e-02
1.695750653743743896e-02
1.626877486705780029e-02
1.563286595046520233e-02
1.504474133253097534e-02
1.449992693960666656e-02
1.399449165910482407e-02
1.352488063275814056e-02
1.308793295174837112e-02
1.268083229660987854e-02
1.230104733258485794e-02
1.194629818201065063e-02
1.161453779786825180e-02
1.130395382642745972e-02
1.101284939795732498e-02
1.073974091559648514e-02
1.048326771706342697e-02
1.024219021201133728e-02
1.001538150012493134e-02
9.801825508475303650e-03
9.600606746971607208e-03
9.410860016942024231e-03
9.231821633875370026e-03
9.062780998647212982e-03
8.903078734874725342e-03
8.752125315368175507e-03
8.609375916421413422e-03
8.474314585328102112e-03
8.346494287252426147e-03
8.225459605455398560e-03
8.110840804874897003e-03
8.002260699868202209e-03
7.899372838437557220e-03
7.801872212439775467e-03
7.709463592618703842e-03
7.621881552040576935e-03
7.538859732449054718e-03
7.460162509232759476e-03
7.385584525763988495e-03
7.314907852560281754e-03
7.247947622090578079e-03
7.184519898146390915e-03
7.124453783035278320e-03
7.067596074193716049e-03
7.013787981122732162e-03
6.962901446968317032e-03
6.914788391441106796e-03
6.869331467896699905e-03
6.826417986303567886e-03
6.785922683775424957e-03
6.747749634087085724e-03
6.711786612868309021e-03
6.677936296910047531e-03
6.646122783422470093e-03
6.616238504648208618e-03
6.588208023458719254e-03
6.561952177435159683e-03
6.537384819239377975e-03
6.514436565339565277e-03
6.493032909929752350e-03
6.473105866461992264e-03
6.454587914049625397e-03
6.437412928789854050e-03
6.421515718102455139e-03
6.406838074326515198e-03
6.393317133188247681e-03
6.380904000252485275e-03
6.369519513100385666e-03
6.359137129038572311e-03
6.349683273583650589e-03
6.341117434203624725e-03
6.333382800221443176e-03
6.326421163976192474e-03
6.320205051451921463e-03
6.314672995358705521e-03
6.309779826551675797e-03
6.305481772869825363e-03
6.301730405539274216e-03
6.298494525253772736e-03
6.295721977949142456e-03
6.293378304690122604e-03
6.291422527283430099e-03
6.289818789809942245e-03
6.288534495979547501e-03
6.287530064582824707e-03
6.286770571023225784e-03
6.286228541284799576e-03
6.285870913416147232e-03
6.285668350756168365e-03
6.285597104579210281e-03
6.285629700869321823e-03
6.285743322223424911e-03
6.285927724093198776e-03
6.286138668656349182e-03
6.286377552896738052e-03
6.286615505814552307e-03
6.286851596087217331e-03
6.287068594247102737e-03
6.287252996116876602e-03
6.287395954132080078e-03
6.287491414695978165e-03
6.287539843469858170e-03
6.287551019340753555e-03
6.287607830017805099e-03
6.287718191742897034e-03
6.287881638854742050e-03
6.288116797804832458e-03
6.288420874625444412e-03
6.288814358413219452e-03
6.289303302764892578e-03
6.289904937148094177e-03
6.290632765740156174e-03
6.291509140282869339e-03
6.292548961937427521e-03
6.293792743235826492e-03
6.295260041952133179e-03
6.296966690570116043e-03
6.298962980508804321e-03
6.301281973719596863e-03
6.303946487605571747e-03
6.307012401521205902e-03
6.310512311756610870e-03
6.314492784440517426e-03
6.319019012153148651e-03
6.324125919491052628e-03
6.329878699034452438e-03
6.336344871670007706e-03
6.343581713736057281e-03
6.351662799715995789e-03
6.360661238431930542e-03
6.370666436851024628e-03
6.381747312843799591e-03
6.394013762474060059e-03
6.407551467418670654e-03
6.422474049031734467e-03
6.438893266022205353e-03
6.456930655986070633e-03
6.476707290858030319e-03
6.498374976217746735e-03
6.522076204419136047e-03
6.547977682203054428e-03
6.576243788003921509e-03
6.607069168239831924e-03
6.640650331974029541e-03
6.677212659269571304e-03
6.716983392834663391e-03
6.760212592780590057e-03
6.807189434766769409e-03
6.858195643872022629e-03
6.913560908287763596e-03
6.973628420382738113e-03
7.038775831460952759e-03
7.109418511390686035e-03
7.185996510088443756e-03
7.268996443599462509e-03
7.358932867646217346e-03
7.456383202224969864e-03
7.561967242509126663e-03
7.676328066736459732e-03
7.800218649208545685e-03
7.934409193694591522e-03
8.079743012785911560e-03
8.237134665250778198e-03
8.407577872276306152e-03
8.592104539275169373e-03
8.791849017143249512e-03
9.008015505969524384e-03
9.241867810487747192e-03
9.494740515947341919e-03
9.768011048436164856e-03
1.006312761455774307e-02
1.038155611604452133e-02
1.072476059198379517e-02
1.109419949352741241e-02
1.149125397205352783e-02
1.191718317568302155e-02
1.237311679869890213e-02
1.285990886390209198e-02
1.337815169245004654e-02
1.392798125743865967e-02
1.450906135141849518e-02
1.512045692652463913e-02
1.576049625873565674e-02
1.642673835158348083e-02
1.711579039692878723e-02
1.782331988215446472e-02
1.854396052658557892e-02
1.927134022116661072e-02
1.999804377555847168e-02
2.071576751768589020e-02
2.141549624502658844e-02
2.208758704364299774e-02
2.272212877869606018e-02
2.330914512276649475e-02
2.383898757398128510e-02
2.430266514420509338e-02
2.469206787645816803e-02
2.500040829181671143e-02
2.522236481308937073e-02
2.535429596900939941e-02
2.539443224668502808e-02
2.534275129437446594e-02
2.520113624632358551e-02
2.497304417192935944e-02
2.466353029012680054e-02
2.427884936332702637e-02
2.382634207606315613e-02
2.331402152776718140e-02
2.275037579238414764e-02
2.214405871927738190e-02
2.150370553135871887e-02
2.083764038980007172e-02
2.015373110771179199e-02
1.945932209491729736e-02
1.876103132963180542e-02
1.806472428143024445e-02
1.737555861473083496e-02
1.669790595769882202e-02
1.603537611663341522e-02
1.539097446948289871e-02
1.476695574820041656e-02
1.416506711393594742e-02
1.358651462942361832e-02
1.303208991885185242e-02
1.250215061008930206e-02
1.199678797274827957e-02
1.151579432189464569e-02
1.105876080691814423e-02
1.062508206814527512e-02
1.021407172083854675e-02
9.824899956583976746e-03
9.456689469516277313e-03
