1.454121321439743042e-01
1.369688212871551514e-01
1.282522380352020264e-01
1.191276237368583679e-01
1.094816923141479492e-01
9.927522391080856323e-02
8.862566202878952026e-02
7.788649201393127441e-02
6.764288991689682007e-02
5.854507908225059509e-02
5.104327201843261719e-02
4.523080587387084961e-02
4.090185090899467468e-02
3.772065043449401855e-02
3.535925224423408508e-02
3.355749323964118958e-02
3.212922438979148865e-02
3.094761818647384644e-02
2.992750518023967743e-02
2.901114709675312042e-02
2.815806306898593903e-02
2.733843959867954254e-02
2.652877382934093475e-02
2.570912986993789673e-02
2.486172504723072052e-02
2.397072315216064453e-02
2.302289940416812897e-02
2.200992964208126068e-02
2.093169465661048889e-02
1.979990489780902863e-02
1.864021457731723785e-02
1.749042980372905731e-02
1.639364100992679596e-02
1.538847386837005615e-02
1.450049318373203278e-02
1.373900473117828369e-02
1.309907902032136917e-02
1.256684772670269012e-02
1.212465763092041016e-02
1.175493281334638596e-02
1.144206710159778595e-02
1.117327809333801270e-02
1.093841623514890671e-02
1.072963327169418335e-02
1.054081134498119354e-02
1.036698278039693832e-02
1.020381879061460495e-02
1.004695519804954529e-02
9.891192428767681122e-03
9.729197248816490173e-03
9.549449197947978973e-03
9.332897141575813293e-03
9.048407897353172302e-03
8.650730364024639130e-03
8.095713332295417786e-03
7.400278467684984207e-03
6.721327546983957291e-03
6.297730840742588043e-03
6.281077396124601364e-03
6.779485847800970078e-03
8.065023459494113922e-03
1.044767908751964569e-02
1.332793757319450378e-02
1.539280172437429428e-02
1.624300703406333923e-02
1.615676097571849823e-02
1.542439963668584824e-02
1.421538181602954865e-02
1.262051519006490707e-02
1.064467895776033401e-02
8.148949593305587769e-03
5.709032993763685226e-03
4.393646027892827988e-03
3.788409521803259850e-03
3.464067121967673302e-03
3.288276726379990578e-03
3.217914141714572906e-03
3.235071431845426559e-03
3.330269129946827888e-03
3.494414035230875015e-03
3.713118843734264374e-03
3.964109346270561218e-03
4.220007918775081635e-03
4.455476533621549606e-03
4.654054064303636551e-03
4.810613114386796951e-03
4.929342772811651230e-03
5.019652191549539566e-03
5.092625506222248077e-03
5.158800631761550903e-03
5.227150395512580872e-03
5.304946098476648331e-03
5.397891160100698471e-03
5.510387476533651352e-03
5.645773373544216156e-03
5.806497298181056976e-03
5.994158796966075897e-03
6.209537386894226074e-03
6.452487781643867493e-03
6.721807643771171570e-03
7.015053648501634598e-03
7.328218314796686172e-03
7.655352354049682617e-03
7.987911812961101532e-03
8.313852362334728241e-03
8.616737090051174164e-03
8.874890394508838654e-03
9.061830118298530579e-03
9.149227291345596313e-03
9.113933891057968140e-03
8.948990143835544586e-03
8.675050921738147736e-03
8.343772031366825104e-03
8.024577982723712921e-03
7.778897881507873535e-03
7.640778087079524994e-03
7.615406066179275513e-03
7.687236648052930832e-03
7.827075198292732239e-03
7.997768931090831757e-03
8.161816745996475220e-03
8.290269412100315094e-03
8.368787355720996857e-03
8.397764526307582855e-03
8.387616835534572601e-03
8.352701552212238312e-03
8.306704461574554443e-03
8.260359987616539001e-03
8.220956660807132721e-03
8.192991837859153748e-03
8.178861811757087708e-03
8.175056427717208862e-03
8.159026503562927246e-03
8.126784116029739380e-03
8.076968602836132050e-03
8.008353412151336670e-03
7.920892909169197083e-03
7.816532626748085022e-03
7.699686102569103241e-03
7.576799951493740082e-03
7.455257698893547058e-03
7.341700606048107147e-03
7.240910083055496216e-03
7.155263796448707581e-03
7.085031364113092422e-03
7.028961088508367538e-03
6.985000800341367722e-03
6.950765848159790039e-03
6.923864595592021942e-03
6.902056746184825897e-03
6.883327849209308624e-03
6.865910254418849945e-03
6.848255172371864319e-03
6.829053163528442383e-03
6.807189434766769409e-03
6.781749427318572998e-03
6.752021145075559616e-03
6.717587821185588837e-03
6.678297184407711029e-03
6.634415592998266220e-03
6.586666218936443329e-03
6.536319386214017868e-03
6.485248915851116180e-03
6.435860879719257355e-03
6.390918511897325516e-03
6.353237200528383255e-03
6.325327791273593903e-03
6.308984477072954178e-03
6.305007264018058777e-03
6.313086953014135361e-03
6.331990472972393036e-03
6.359809078276157379e-03
6.394446827471256256e-03
6.433971226215362549e-03
6.476884707808494568e-03
6.522292271256446838e-03
6.569840013980865479e-03
6.619646679610013962e-03
6.672192364931106567e-03
6.728196516633033752e-03
6.788536440581083298e-03
6.854211911559104919e-03
6.926321424543857574e-03
7.006010971963405609e-03
7.094506639987230301e-03
7.193116936832666397e-03
7.303192280232906342e-03
7.426175754517316818e-03
7.563520688563585281e-03
7.716692984104156494e-03
7.887121289968490601e-03
8.076150901615619659e-03
8.284919895231723785e-03
8.514394052326679230e-03
8.765264414250850677e-03
9.038006886839866638e-03
9.332879446446895599e-03
9.650017134845256805e-03
9.989543817937374115e-03
1.035163272172212601e-02
1.073652505874633789e-02
1.114438660442829132e-02
1.157512608915567398e-02
1.202814653515815735e-02
1.250200904905796051e-02
1.299441792070865631e-02
1.350222527980804443e-02
1.402173656970262527e-02
1.454911008477210999e-02
1.508108992129564285e-02
1.561543345451354980e-02
1.615147292613983154e-02
1.669037714600563049e-02
1.723528094589710236e-02
1.779114454984664917e-02
1.836433820426464081e-02
1.896205171942710876e-02
1.959132216870784760e-02
2.025827765464782715e-02
2.096756361424922943e-02
2.172196097671985626e-02
2.252184227108955383e-02
2.336272411048412323e-02
2.423083037137985229e-02
2.509713731706142426e-02
2.591228857636451721e-02
2.660707756876945496e-02
2.710147202014923096e-02
2.732227370142936707e-02
2.722235769033432007e-02
2.679272927343845367e-02
2.606355398893356323e-02
2.509922720491886139e-02
2.399371750652790070e-02
2.286348678171634674e-02
2.182648889720439911e-02
2.096746303141117096e-02
2.031341753900051117e-02
1.984049379825592041e-02
1.950094103813171387e-02
1.924641989171504974e-02
1.903777383267879486e-02
1.884542964398860931e-02
1.864626072347164154e-02
1.842056214809417725e-02
1.814977079629898071e-02
1.781585067510604858e-02
1.740172877907752991e-02
1.689358055591583252e-02
1.628406718373298645e-02
1.557590998709201813e-02
1.478426810353994370e-02
1.393577642738819122e-02
1.306410692632198334e-02
1.220333203673362732e-02
1.138169970363378525e-02
1.061813719570636749e-02
9.922097437083721161e-03
9.295493364334106445e-03
8.735481649637222290e-03
8.236826397478580475e-03
