7.863822975195944309e-04
9.212141740135848522e-04
1.080927206203341484e-03
1.253814902156591415e-03
1.427427865564823151e-03
1.593196764588356018e-03
1.747508649714291096e-03
1.890305895358324051e-03
2.023172564804553986e-03
2.148048486560583115e-03
2.266620285809040070e-03
2.380134770646691322e-03
2.489464590325951576e-03
2.595205558463931084e-03
2.697782125324010849e-03
2.797542372718453407e-03
2.894781762734055519e-03
2.989794127643108368e-03
3.082843497395515442e-03
3.174179000779986382e-03
3.264012979343533516e-03
3.352514933794736862e-03
3.439827822148799896e-03
3.526065964251756668e-03
3.611399792134761810e-03
3.696138737723231316e-03
3.780932631343603134e-03
3.867108840495347977e-03
3.956923726946115494e-03
4.053079057484865189e-03
4.155458416789770126e-03
4.254885949194431305e-03
4.335213452577590942e-03
4.391767550259828568e-03
4.436030518263578415e-03
4.479188006371259689e-03
4.525172058492898941e-03
4.574100952595472336e-03
4.625292494893074036e-03
4.678266588598489761e-03
4.732769448310136795e-03
4.788674414157867432e-03
4.845879040658473969e-03
4.904214292764663696e-03
4.963408224284648895e-03
5.023094825446605682e-03
5.082787480205297470e-03
5.141927860677242279e-03
5.199944600462913513e-03
5.256285425275564194e-03
5.310464184731245041e-03
5.362111143767833710e-03
5.410991143435239792e-03
5.456971004605293274e-03
5.500051192939281464e-03
5.540303885936737061e-03
5.577853880822658539e-03
5.612832494080066681e-03
5.645363125950098038e-03
5.675502587109804153e-03
5.703326780349016190e-03
5.729222670197486877e-03
5.755027290433645248e-03
5.787852685898542404e-03
5.850750952959060669e-03
5.996281746774911880e-03
6.240316201001405716e-03
6.427791900932788849e-03
6.492759101092815399e-03
6.510278210043907166e-03
6.521510425955057144e-03
6.536229513585567474e-03
6.555100902915000916e-03
6.576973479241132736e-03
6.600703112781047821e-03
6.625521928071975708e-03
6.650979164987802505e-03
6.676848512142896652e-03
6.703012157231569290e-03
6.729475688189268112e-03
6.756253074854612350e-03
6.783416960388422012e-03
6.811053026467561722e-03
6.839254405349493027e-03
6.868134252727031708e-03
6.897802464663982391e-03
6.928391288965940475e-03
6.960051134228706360e-03
6.992912851274013519e-03
7.027131039649248123e-03
7.062856107950210571e-03
7.100259419530630112e-03
7.139492314308881760e-03
7.180728949606418610e-03
7.224109955132007599e-03
7.269767113029956818e-03
7.317847572267055511e-03
7.368427235633134842e-03
7.421582937240600586e-03
7.477349601686000824e-03
7.535703480243682861e-03
7.596574723720550537e-03
7.659844588488340378e-03
7.725337520241737366e-03
7.792803924530744553e-03
7.861953228712081909e-03
7.932438515126705170e-03
8.003880269825458527e-03
8.075845427811145782e-03
8.147909305989742279e-03
8.219615556299686432e-03
8.290539495646953583e-03
8.360272273421287537e-03
8.428473025560379028e-03
8.494952693581581116e-03
8.559710346162319183e-03
8.623122237622737885e-03
8.686142042279243469e-03
8.750474080443382263e-03
8.818645961582660675e-03
8.893763646483421326e-03
8.978649973869323730e-03
9.074505418539047241e-03
9.179587475955486298e-03
9.288868866860866547e-03
9.395230561494827271e-03
9.491472505033016205e-03
9.572067297995090485e-03
9.633661247789859772e-03
9.674720466136932373e-03
9.694751352071762085e-03
9.700076654553413391e-03
9.722212329506874084e-03
9.765289723873138428e-03
9.828658774495124817e-03
9.910506196320056915e-03
1.000720541924238205e-02
1.011299714446067810e-02
1.022076513618230820e-02
1.032380573451519012e-02
1.041769888252019882e-02
1.050124783068895340e-02
1.057590637356042862e-02
1.064452342689037323e-02
1.071002893149852753e-02
1.077479962259531021e-02
1.084041781723499298e-02
1.090777944773435593e-02
1.097725238651037216e-02
1.104890834540128708e-02
1.112265884876251221e-02
1.119827199727296829e-02
1.127550657838582993e-02
1.135407295078039169e-02
1.143371034413576126e-02
1.151417661458253860e-02
1.159520260989665985e-02
1.167658902704715729e-02
1.175814028829336166e-02
1.183969527482986450e-02
1.192113757133483887e-02
1.200236193835735321e-02
1.208329759538173676e-02
1.216394081711769104e-02
1.224426832050085068e-02
1.232431177049875259e-02
1.240413729101419449e-02
1.248381286859512329e-02
1.256344653666019440e-02
1.264312770217657089e-02
1.272300258278846741e-02
1.280321180820465088e-02
1.288389042019844055e-02
1.296519860625267029e-02
1.304728910326957703e-02
1.313033327460289001e-02
1.321447547525167465e-02
1.329989265650510788e-02
1.338672544807195663e-02
1.347516383975744247e-02
1.356534659862518311e-02
1.365745160728693008e-02
1.375163067132234573e-02
1.384804956614971161e-02
1.394690107554197311e-02
1.404834911227226257e-02
1.415261439979076385e-02
1.425985898822546005e-02
1.437034271657466888e-02
1.448428910225629807e-02
1.460196170955896378e-02
1.472365204244852066e-02
1.484967116266489029e-02
1.498036552220582962e-02
1.511610485613346100e-02
1.525732316076755524e-02
1.540446281433105469e-02
1.555797643959522247e-02
1.571841351687908173e-02
1.588631793856620789e-02
1.606225036084651947e-02
1.624685712158679962e-02
1.644075848162174225e-02
1.664457097649574280e-02
1.685899123549461365e-02
1.708464510738849640e-02
1.732222549617290497e-02
1.757237128913402557e-02
1.783574558794498444e-02
1.811299286782741547e-02
1.840482652187347412e-02
1.871193200349807739e-02
1.903508976101875305e-02
1.937518268823623657e-02
1.973319984972476959e-02
2.011033892631530762e-02
2.050797082483768463e-02
2.092767879366874695e-02
2.137131616473197937e-02
2.184094674885272980e-02
2.233877778053283691e-02
2.286705374717712402e-02
2.342788502573966980e-02
2.402289398014545441e-02
2.465296350419521332e-02
2.531779371201992035e-02
2.601543627679347992e-02
2.674208767712116241e-02
2.749204263091087341e-02
2.825778909027576447e-02
2.903087623417377472e-02
2.980265393853187561e-02
3.056544251739978790e-02
3.131350874900817871e-02
3.204378113150596619e-02
3.275601938366889954e-02
3.345267102122306824e-02
3.413826599717140198e-02
3.481867164373397827e-02
3.550004214048385620e-02
3.618792071938514709e-02
3.688635304570198059e-02
3.759730607271194458e-02
3.832019865512847900e-02
3.905191272497177124e-02
3.978721052408218384e-02
4.051936790347099304e-02
4.124115779995918274e-02
4.194569587707519531e-02
4.262723028659820557e-02
4.328166693449020386e-02
4.390664771199226379e-02
4.450159147381782532e-02
4.506734386086463928e-02
4.560587555170059204e-02
4.611981287598609924e-02
4.661207273602485657e-02
4.708567261695861816e-02
4.754326492547988892e-02
4.798721894621849060e-02
4.841938987374305725e-02
