7.763122557662427425e-04
9.314061026088893414e-04
1.104248338378965855e-03
1.280011842027306557e-03
1.437445171177387238e-03
1.587336184456944466e-03
1.746517606079578400e-03
1.905075507238507271e-03
2.047255868092179298e-03
2.169322222471237183e-03
2.277150750160217285e-03
2.379502169787883759e-03
2.484054304659366608e-03
2.595268655568361282e-03
2.712466288357973099e-03
2.829086268320679665e-03
2.935483353212475777e-03
3.024861216545104980e-03
3.097434295341372490e-03
3.160475753247737885e-03
3.226999659091234207e-03
3.313738852739334106e-03
3.432111348956823349e-03
3.565446706488728523e-03
3.674701089039444923e-03
3.748421557247638702e-03
3.803896019235253334e-03
3.864268073812127113e-03
3.949557896703481674e-03
4.063957370817661285e-03
4.182845819741487503e-03
4.276912659406661987e-03
4.342508036643266678e-03
4.392163362354040146e-03
4.437968600541353226e-03
4.486748483031988144e-03
4.540327936410903931e-03
4.596790764480829239e-03
4.652685020118951797e-03
4.705495666712522507e-03
4.754965193569660187e-03
4.802773240953683853e-03
4.851455800235271454e-03
4.903427325189113617e-03
4.960350226610898972e-03
5.022712983191013336e-03
5.089534446597099304e-03
5.158394575119018555e-03
5.225913133472204208e-03
5.288663320243358612e-03
5.344168748706579208e-03
5.391459446400403976e-03
5.431034602224826813e-03
5.464545916765928268e-03
5.494423676282167435e-03
5.523693282157182693e-03
5.555720534175634384e-03
5.593348294496536255e-03
5.637175403535366058e-03
5.683987867087125778e-03
5.727924872189760208e-03
5.764417815953493118e-03
5.792483687400817871e-03
5.813722033053636551e-03
5.830447655171155930e-03
5.867813248187303543e-03
6.395398173481225967e-03
6.468081381171941757e-03
6.487916223704814911e-03
6.507308222353458405e-03
6.526808254420757294e-03
6.546610035002231598e-03
6.566836964339017868e-03
6.587609183043241501e-03
6.608990486711263657e-03
6.631066557019948959e-03
6.653905846178531647e-03
6.677566561847925186e-03
6.702103652060031891e-03
6.727566011250019073e-03
6.753991823643445969e-03
6.781425327062606812e-03
6.809885147958993912e-03
6.839400157332420349e-03
6.869991775602102280e-03
6.901690270751714706e-03
6.934512872248888016e-03
6.968502420932054520e-03
7.003702223300933838e-03
7.040162570774555206e-03
7.077949121594429016e-03
7.117158733308315277e-03
7.157873362302780151e-03
7.200196385383605957e-03
7.244256325066089630e-03
7.290174253284931183e-03
7.338094525039196014e-03
7.388161495327949524e-03
7.440516259521245956e-03
7.495305500924587250e-03
7.552639581263065338e-03
7.612624205648899078e-03
7.675260305404663086e-03
7.740495726466178894e-03
7.808100897818803787e-03
7.877724245190620422e-03
7.948831655085086823e-03
8.020749315619468689e-03
8.092758245766162872e-03
8.164183236658573151e-03
8.234559558331966400e-03
8.303781971335411072e-03
8.372159674763679504e-03
8.440441451966762543e-03
8.509645238518714905e-03
8.580835536122322083e-03
8.654783479869365692e-03
8.731666952371597290e-03
8.810909464955329895e-03
8.891087025403976440e-03
8.970155380666255951e-03
9.045882150530815125e-03
9.116820059716701508e-03
9.184181690216064453e-03
9.253957308828830719e-03
9.336768649518489838e-03
9.439959190785884857e-03
9.554976597428321838e-03
9.659207426011562347e-03
9.733437560498714447e-03
9.770086966454982758e-03
9.779811836779117584e-03
9.819961152970790863e-03
9.895461611449718475e-03
9.995425119996070862e-03
1.009853463619947433e-02
1.018414925783872604e-02
1.024734508246183395e-02
1.029720995575189590e-02
1.034510880708694458e-02
1.039834413677453995e-02
1.045984309166669846e-02
1.052969694137573242e-02
1.060654129832983017e-02
1.068836171180009842e-02
1.077305153012275696e-02
1.085865590721368790e-02
1.094352547079324722e-02
1.102642808109521866e-02
1.110657397657632828e-02
1.118367724120616913e-02
1.125784963369369507e-02
1.132958475500345230e-02
1.139966119080781937e-02
1.146902889013290405e-02
1.153873372822999954e-02
1.160978712141513824e-02
1.168309431523084641e-02
1.175931002944707870e-02
1.183878723531961441e-02
1.192144677042961121e-02
1.200679037719964981e-02
1.209389511495828629e-02
1.218152604997158051e-02
1.226834580302238464e-02
1.235309988260269165e-02
1.243488211184740067e-02
1.251325849443674088e-02
1.258837990462779999e-02
1.266094949096441269e-02
1.273207366466522217e-02
1.280315872281789780e-02
1.287567522376775742e-02
1.295095682144165039e-02
1.303004007786512375e-02
1.311350613832473755e-02
1.320145465433597565e-02
1.329344417899847031e-02
1.338869147002696991e-02
1.348612923175096512e-02
1.358471810817718506e-02
1.368359383195638657e-02
1.378224045038223267e-02
1.388056855648756027e-02
1.397894509136676788e-02
1.407816074788570404e-02
1.417924277484416962e-02
1.428341027349233627e-02
1.439174730330705643e-02
1.450501009821891785e-02
1.462347246706485748e-02
1.474687922745943069e-02
1.487460825592279434e-02
1.500604860484600067e-02
1.514112018048763275e-02
1.528063882142305374e-02
1.542639825493097305e-02
1.558097824454307556e-02
1.574692130088806152e-02
1.592576503753662109e-02
1.611696928739547729e-02
1.631764881312847137e-02
1.652327924966812134e-02
1.672958210110664368e-02
1.693447865545749664e-02
1.713944599032402039e-02
1.734980940818786621e-02
1.757407560944557190e-02
1.782229356467723846e-02
1.810311526060104370e-02
1.841952465474605560e-02
1.876410841941833496e-02
1.911898888647556305e-02
1.946534216403961182e-02
1.979965157806873322e-02
2.014121040701866150e-02
2.052028663456439972e-02
2.095542661845684052e-02
2.143967151641845703e-02
2.194722183048725128e-02
2.245292440056800842e-02
2.294923737645149231e-02
2.345357090234756470e-02
2.400672994554042816e-02
2.465794980525970459e-02
2.542251721024513245e-02
2.623544260859489441e-02
2.699414826929569244e-02
2.766861021518707275e-02
2.831317670643329620e-02
2.899970859289169312e-02
2.976991236209869385e-02
3.061581216752529144e-02
3.148341178894042969e-02
3.230275586247444153e-02
3.302610293030738831e-02
3.364868462085723877e-02
3.420935571193695068e-02
3.478302806615829468e-02
3.545570746064186096e-02
3.624852374196052551e-02
3.705971688032150269e-02
3.778647631406784058e-02
3.844735398888587952e-02
3.911921009421348572e-02
3.985331580042839050e-02
4.064792767167091370e-02
4.145033657550811768e-02
4.218382015824317932e-02
4.279939457774162292e-02
4.332362115383148193e-02
4.386367276310920715e-02
4.452014714479446411e-02
4.522975534200668335e-02
4.582722485065460205e-02
4.627754539251327515e-02
4.666413739323616028e-02
4.707135632634162903e-02
4.754127562046051025e-02
4.807680845260620117e-02
4.865678772330284119e-02
