1.220442354679107666e-03
1.272354857064783573e-03
1.336212502792477608e-03
1.413049874827265739e-03
1.502972329035401344e-03
1.604880671948194504e-03
1.716477447189390659e-03
1.834683236666023731e-03
1.956248655915260315e-03
2.078354125842452049e-03
2.198955742642283440e-03
2.316823927685618401e-03
2.431421773508191109e-03
2.542669419199228287e-03
2.650780370458960533e-03
2.756092231720685959e-03
2.858975902199745178e-03
2.959782257676124573e-03
3.058796748518943787e-03
3.156225895509123802e-03
3.252182388678193092e-03
3.346687182784080505e-03
3.439682302996516228e-03
3.531025722622871399e-03
3.620541421696543694e-03
3.708010539412498474e-03
3.793219104409217834e-03
3.875976428389549255e-03
3.956123255193233490e-03
4.033556208014488220e-03
4.108227789402008057e-03
4.180157557129859924e-03
4.249420482665300369e-03
4.316148813813924789e-03
4.380497615784406662e-03
4.442673176527023315e-03
4.502885974943637848e-03
4.561367444694042206e-03
4.618338774889707565e-03
4.674030002206563950e-03
4.728661384433507919e-03
4.782425239682197571e-03
4.835514351725578308e-03
4.888095892965793610e-03
4.940326325595378876e-03
4.992340691387653351e-03
5.044255871325731277e-03
5.096173845231533051e-03
5.148175638169050217e-03
5.200341809540987015e-03
5.252718459814786911e-03
5.305351223796606064e-03
5.358275026082992554e-03
5.411488935351371765e-03
5.465019959956407547e-03
5.518841557204723358e-03
5.572944413870573044e-03
5.627292208373546600e-03
5.681843496859073639e-03
5.736544728279113770e-03
5.791321862488985062e-03
5.846110172569751740e-03
5.900811403989791870e-03
5.955330096185207367e-03
6.009542848914861679e-03
6.063335109502077103e-03
6.116589065641164780e-03
6.169138476252555847e-03
6.220865063369274139e-03
6.271596532315015793e-03
6.321199238300323486e-03
6.369515787810087204e-03
6.416403688490390778e-03
6.461741868406534195e-03
6.505416240543127060e-03
6.547339260578155518e-03
6.587452720850706100e-03
6.625735666602849960e-03
6.662203464657068253e-03
6.696925498545169830e-03
6.730013992637395859e-03
6.761630997061729431e-03
6.792013067752122879e-03
6.821427494287490845e-03
6.850181147456169128e-03
6.878641434013843536e-03
6.907183676958084106e-03
6.936217192560434341e-03
6.966143380850553513e-03
6.997368298470973969e-03
7.030269131064414978e-03
7.065196521580219269e-03
7.102444767951965332e-03
7.142261601984500885e-03
7.184829562902450562e-03
7.230247836560010910e-03
7.278540637344121933e-03
7.329654879868030548e-03
7.383445277810096741e-03
7.439667358994483948e-03
7.498019840568304062e-03
7.558092474937438965e-03
7.619457785040140152e-03
7.681608200073242188e-03
7.744066882878541946e-03
7.806380279362201691e-03
7.868211716413497925e-03
7.929358631372451782e-03
7.989853620529174805e-03
8.049995638430118561e-03
8.110380731523036957e-03
8.171886205673217773e-03
8.235650137066841125e-03
8.302940987050533295e-03
8.375030942261219025e-03
8.452946320176124573e-03
8.537353016436100006e-03
8.628260344266891479e-03
8.724963292479515076e-03
8.826013654470443726e-03
8.929295465350151062e-03
9.032273665070533752e-03
9.132188744843006134e-03
9.226389229297637939e-03
9.312568232417106628e-03
9.388793259859085083e-03
9.453684091567993164e-03
9.506237693130970001e-03
9.545851498842239380e-03
9.572188369929790497e-03
9.585045278072357178e-03
9.588472545146942139e-03
9.602711535990238190e-03
9.630572982132434845e-03
9.672130458056926727e-03
9.727386757731437683e-03
9.796158410608768463e-03
9.877924807369709015e-03
9.971668012440204620e-03
1.007565576583147049e-02
1.018739957362413406e-02
1.030371896922588348e-02
1.042090542614459991e-02
1.053525321185588837e-02
1.064358465373516083e-02
1.074365340173244476e-02
1.083447318524122238e-02
1.091626100242137909e-02
1.099020801484584808e-02
1.105814427137374878e-02
1.112219691276550293e-02
1.118444744497537613e-02
1.124680414795875549e-02
1.131077855825424194e-02
1.137742958962917328e-02
1.144737005233764648e-02
1.152080576866865158e-02
1.159758586436510086e-02
1.167730893939733505e-02
1.175940874963998795e-02
1.184327248483896255e-02
1.192827709019184113e-02
1.201384607702493668e-02
1.209950819611549377e-02
1.218491140753030777e-02
1.226978376507759094e-02
1.235400140285491943e-02
1.243749447166919708e-02
1.252029463648796082e-02
1.260248292237520218e-02
1.268419343978166580e-02
1.276559103280305862e-02
1.284687127918004990e-02
1.292822323739528656e-02
1.300986949354410172e-02
1.309201028198003769e-02
1.317487005144357681e-02
1.325865089893341064e-02
1.334358565509319305e-02
1.342987827956676483e-02
1.351773180067539215e-02
1.360740140080451965e-02
1.369905564934015274e-02
1.379295065999031067e-02
1.388930995017290115e-02
1.398835889995098114e-02
1.409034989774227142e-02
1.419553440064191818e-02
1.430417783558368683e-02
1.441655121743679047e-02
1.453295722603797913e-02
1.465371623635292053e-02
1.477911509573459625e-02
1.490954309701919556e-02
1.504531968384981155e-02
1.518685277551412582e-02
1.533454563468694687e-02
1.548880897462368011e-02
1.565007679164409637e-02
1.581880636513233185e-02
1.599546521902084351e-02
1.618050225079059601e-02
1.637441664934158325e-02
1.657769270241260529e-02
1.679080352187156677e-02
1.701424270868301392e-02
1.724856346845626831e-02
1.749430596828460693e-02
1.775212399661540985e-02
1.802276074886322021e-02
1.830715499818325043e-02
1.860639639198780060e-02
1.892183348536491394e-02
1.925507560372352600e-02
1.960797421634197235e-02
1.998258382081985474e-02
2.038111165165901184e-02
2.080572210252285004e-02
2.125845104455947876e-02
2.174101397395133972e-02
2.225462719798088074e-02
2.279985882341861725e-02
2.337647974491119385e-02
2.398342266678810120e-02
2.461882494390010834e-02
2.528001926839351654e-02
2.596371248364448547e-02
2.666614763438701630e-02
2.738339081406593323e-02
2.811146900057792664e-02
2.884666435420513153e-02
2.958578243851661682e-02
3.032618761062622070e-02
3.106594271957874298e-02
3.180387988686561584e-02
3.253947198390960693e-02
3.327271342277526855e-02
3.400397300720214844e-02
3.473378717899322510e-02
3.546257689595222473e-02
3.619049862027168274e-02
3.691728785634040833e-02
3.764203563332557678e-02
3.836336359381675720e-02
3.907930105924606323e-02
3.978752717375755310e-02
4.048546776175498962e-02
4.117053374648094177e-02
4.184037446975708008e-02
4.249294474720954895e-02
4.312668740749359131e-02
4.374060779809951782e-02
4.433431476354598999e-02
4.490796476602554321e-02
4.546217992901802063e-02
4.599810764193534851e-02
4.651715606451034546e-02
4.702105745673179626e-02
4.751164093613624573e-02
4.799095541238784790e-02
4.846102744340896606e-02
