7.831484545022249222e-04
9.341748664155602455e-04
1.105637173168361187e-03
1.278517534956336021e-03
1.435530022718012333e-03
1.588714425452053547e-03
1.748413080349564552e-03
1.903633470647037029e-03
2.043188782408833504e-03
2.165023237466812134e-03
2.273480175063014030e-03
2.376084914430975914e-03
2.480099210515618324e-03
2.589722629636526108e-03
2.704458544030785561e-03
2.818842418491840363e-03
2.924518659710884094e-03
3.014490706846117973e-03
3.087219782173633575e-03
3.148425137624144554e-03
3.211600240319967270e-03
3.296635579317808151e-03
3.416195744648575783e-03
3.549546469002962112e-03
3.655170556157827377e-03
3.725092159584164619e-03
3.781507257372140884e-03
3.846203442662954330e-03
3.931614570319652557e-03
4.036867525428533554e-03
4.146681167185306549e-03
4.243066068738698959e-03
4.318973515182733536e-03
4.377973731607198715e-03
4.426848143339157104e-03
4.471210762858390808e-03
4.514706321060657501e-03
4.559475928544998169e-03
4.606691654771566391e-03
4.656935576349496841e-03
4.710386507213115692e-03
4.766903817653656006e-03
4.826094955205917358e-03
4.887337330728769302e-03
4.949817433953285217e-03
5.012597423046827316e-03
5.074716173112392426e-03
5.135260988026857376e-03
5.193443968892097473e-03
5.248688627034425735e-03
5.300660151988267899e-03
5.349242594093084335e-03
5.394546780735254288e-03
5.436860956251621246e-03
5.476624704897403717e-03
5.514358170330524445e-03
5.550664849579334259e-03
5.586170125752687454e-03
5.621499847620725632e-03
5.657166708260774612e-03
5.693422164767980576e-03
5.729855969548225403e-03
5.764825269579887390e-03
5.794859491288661957e-03
5.812212359160184860e-03
5.836996715515851974e-03
6.372824776917695999e-03
6.414096802473068237e-03
6.455319002270698547e-03
6.490621715784072876e-03
6.517162546515464783e-03
6.538539659231901169e-03
6.557560991495847702e-03
6.575876381248235703e-03
6.594383623450994492e-03
6.613609846681356430e-03
6.633853074163198471e-03
6.655302364379167557e-03
6.678072735667228699e-03
6.702256854623556137e-03
6.727884989231824875e-03
6.754963658750057220e-03
6.783455144613981247e-03
6.813308224081993103e-03
6.844422314316034317e-03
6.876697298139333725e-03
6.910013500601053238e-03
6.944272201508283615e-03
6.979413330554962158e-03
7.015428505837917328e-03
7.052389439195394516e-03
7.090457715094089508e-03
7.129869423806667328e-03
7.170928642153739929e-03
7.213984150439500809e-03
7.259361445903778076e-03
7.307345978915691376e-03
7.358117494732141495e-03
7.411736994981765747e-03
7.468118797987699509e-03
7.527056150138378143e-03
7.588264532387256622e-03
7.651379331946372986e-03
7.716072723269462585e-03
7.782023400068283081e-03
7.848987355828285217e-03
7.916809991002082825e-03
7.985411211848258972e-03
8.054772391915321350e-03
8.124923333525657654e-03
8.195914328098297119e-03
8.267753757536411285e-03
8.340438827872276306e-03
8.413860574364662170e-03
8.487863466143608093e-03
8.562151342630386353e-03
8.636352606117725372e-03
8.709947578608989716e-03
8.782363496720790863e-03
8.852939121425151825e-03
8.921083062887191772e-03
8.986554108560085297e-03
9.050114080309867859e-03
9.114649146795272827e-03
9.186100214719772339e-03
9.271617047488689423e-03
9.372819215059280396e-03
9.479313157498836517e-03
9.573061950504779816e-03
9.639636613428592682e-03
9.672760963439941406e-03
9.681588970124721527e-03
9.718301706016063690e-03
9.788856841623783112e-03
9.886920452117919922e-03
9.996874257922172546e-03
1.009880099445581436e-02
1.018188055604696274e-02
1.024932321161031723e-02
1.031015440821647644e-02
1.037139073014259338e-02
1.043638680130243301e-02
1.050600130110979080e-02
1.057987939566373825e-02
1.065715122967958450e-02
1.073665544390678406e-02
1.081714686006307602e-02
1.089742314070463181e-02
1.097650639712810516e-02
1.105376053601503372e-02
1.112898066639900208e-02
1.120236981660127640e-02
1.127448957413434982e-02
1.134609058499336243e-02
1.141796261072158813e-02
1.149083115160465240e-02
1.156525034457445145e-02
1.164152845740318298e-02
1.171974278986454010e-02
1.179974712431430817e-02
1.188120711594820023e-02
1.196365151554346085e-02
1.204658672213554382e-02
1.212949119508266449e-02
1.221191603690385818e-02
1.229355204850435257e-02
1.237418968230485916e-02
1.245377492159605026e-02
1.253241021186113358e-02
1.261029951274394989e-02
1.268776506185531616e-02
1.276521943509578705e-02
1.284309849143028259e-02
1.292188465595245361e-02
1.300205755978822708e-02
1.308404095470905304e-02
1.316818222403526306e-02
1.325474679470062256e-02
1.334382314234972000e-02
1.343535725027322769e-02
1.352913863956928253e-02
1.362478919327259064e-02
1.372188702225685120e-02
1.382000558078289032e-02
1.391886174678802490e-02
1.401841547340154648e-02
1.411894243210554123e-02
1.422106940299272537e-02
1.432566717267036438e-02
1.443371642380952835e-02
1.454615686088800430e-02
1.466375775635242462e-02
1.478704065084457397e-02
1.491632964462041855e-02
1.505174580961465836e-02
1.519344374537467957e-02
1.534166745841503143e-02
1.549690309911966324e-02
1.565984077751636505e-02
1.583142578601837158e-02
1.601269282400608063e-02
1.620442233979701996e-02
1.640673354268074036e-02
1.661857776343822479e-02
1.683729514479637146e-02
1.705896854400634766e-02
1.727980002760887146e-02
1.749954372644424438e-02
1.772607490420341492e-02
1.797838881611824036e-02
1.828082464635372162e-02
1.864103972911834717e-02
1.902827434241771698e-02
1.939401775598526001e-02
1.972123980522155762e-02
2.003628946840763092e-02
2.038245834410190582e-02
2.079223841428756714e-02
2.127025648951530457e-02
2.178956568241119385e-02
2.230832725763320923e-02
2.280299179255962372e-02
2.329363487660884857e-02
2.383641526103019714e-02
2.448189258575439453e-02
2.522725984454154968e-02
2.601434104144573212e-02
2.678111754357814789e-02
2.750308811664581299e-02
2.819059230387210846e-02
2.886917442083358765e-02
2.956838719546794891e-02
3.031986765563488007e-02
3.114619106054306030e-02
3.202210739254951477e-02
3.284851834177970886e-02
3.353394195437431335e-02
3.409757465124130249e-02
3.463967144489288330e-02
3.527387976646423340e-02
3.605289012193679810e-02
3.689124807715415955e-02
3.765027970075607300e-02
3.830005973577499390e-02
3.891354426741600037e-02
3.957954421639442444e-02
4.034474492073059082e-02
4.117949306964874268e-02
4.198117181658744812e-02
4.265167936682701111e-02
4.319163784384727478e-02
4.370151087641716003e-02
4.428877308964729309e-02
4.495621472597122192e-02
4.559434950351715088e-02
4.611487314105033875e-02
4.653691500425338745e-02
4.693730920553207397e-02
4.737710207700729370e-02
4.787155240774154663e-02
4.839823767542839050e-02
