8.126036264002323151e-04
9.601786150597035885e-04
1.131356926634907722e-03
1.304873847402632236e-03
1.469694776460528374e-03
1.625817501917481422e-03
1.775271492078900337e-03
1.918225549161434174e-03
2.054005628451704979e-03
2.182340482249855995e-03
2.303558634594082832e-03
2.418301068246364594e-03
2.527280012145638466e-03
2.631189767271280289e-03
2.730697859078645706e-03
2.826448297128081322e-03
2.919109538197517395e-03
3.009370528161525726e-03
3.097963286563754082e-03
3.185621229931712151e-03
3.273052396252751350e-03
3.360899165272712708e-03
3.449660725891590118e-03
3.539619501680135727e-03
3.630804596468806267e-03
3.722916357219219208e-03
3.815332660451531410e-03
3.907136619091033936e-03
3.997212741523981094e-03
4.084383137524127960e-03
4.167540464550256729e-03
4.245800431817770004e-03
4.318573977798223495e-03
4.385639913380146027e-03
4.447140265256166458e-03
4.503539297729730606e-03
4.555627238005399704e-03
4.604401066899299622e-03
4.651095252484083176e-03
4.697081167250871658e-03
4.743801895529031754e-03
4.792698659002780914e-03
4.844991024583578110e-03
4.901480395346879959e-03
4.962287843227386475e-03
5.026668310165405273e-03
5.093041341751813889e-03
5.159234162420034409e-03
5.222944077104330063e-03
5.282251164317131042e-03
5.335962399840354919e-03
5.383770912885665894e-03
5.426130257546901703e-03
5.464081652462482452e-03
5.499021150171756744e-03
5.532519426196813583e-03
5.566165782511234283e-03
5.601427517831325531e-03
5.639411043375730515e-03
5.680518224835395813e-03
5.723949987441301346e-03
5.766998510807752609e-03
5.803772713989019394e-03
5.823657847940921783e-03
5.820431280881166458e-03
5.934125743806362152e-03
6.358097307384014130e-03
6.468308158218860626e-03
6.494675297290086746e-03
6.516184192150831223e-03
6.537663284689188004e-03
6.558803841471672058e-03
6.579543929547071457e-03
6.600087042897939682e-03
6.620706059038639069e-03
6.641647778451442719e-03
6.663115695118904114e-03
6.685278378427028656e-03
6.708277389407157898e-03
6.732223555445671082e-03
6.757219322025775909e-03
6.783352233469486237e-03
6.810691207647323608e-03
6.839315872639417648e-03
6.869273260235786438e-03
6.900637876242399216e-03
6.933448836207389832e-03
6.967756431549787521e-03
7.003592792898416519e-03
7.040998898446559906e-03
7.080004550516605377e-03
7.120630238205194473e-03
7.162903901189565659e-03
7.206836249679327011e-03
7.252457551658153534e-03
7.299798540771007538e-03
7.348876446485519409e-03
7.399735506623983383e-03
7.452432066202163696e-03
7.507006172090768814e-03
7.563527673482894897e-03
7.622050587087869644e-03
7.682632654905319214e-03
7.745315786451101303e-03
7.810107432305812836e-03
7.876953110098838806e-03
7.945782504975795746e-03
8.016417734324932098e-03
8.088612928986549377e-03
8.162033744156360626e-03
8.236276917159557343e-03
8.310864679515361786e-03
8.385288529098033905e-03
8.458995260298252106e-03
8.531482890248298645e-03
8.602304384112358093e-03
8.671246469020843506e-03
8.738425560295581818e-03
8.804552257061004639e-03
8.871207945048809052e-03
8.941008709371089935e-03
9.017488919198513031e-03
9.104258380830287933e-03
9.203402325510978699e-03
9.313294664025306702e-03
9.427704848349094391e-03
9.537176229059696198e-03
9.632287546992301941e-03
9.706381708383560181e-03
9.756105020642280579e-03
9.780388325452804565e-03
9.786842390894889832e-03
9.813629090785980225e-03
9.865522384643554688e-03
9.940758347511291504e-03
1.003465149551630020e-02
1.013833284378051758e-02
1.023997180163860321e-02
1.032936573028564453e-02
1.040317304432392120e-02
1.046542730182409286e-02
1.052303705364465714e-02
1.058145146816968918e-02
1.064328849315643311e-02
1.070913020521402359e-02
1.077860128134489059e-02
1.085106283426284790e-02
1.092586666345596313e-02
1.100247260183095932e-02
1.108040846884250641e-02
1.115931477397680283e-02
1.123885810375213623e-02
1.131879631429910660e-02
1.139888726174831390e-02
1.147899683564901352e-02
1.155899371951818466e-02
1.163879595696926117e-02
1.171835139393806458e-02
1.179765630513429642e-02
1.187669578939676285e-02
1.195553224533796310e-02
1.203417591750621796e-02
1.211268641054630280e-02
1.219114102423191071e-02
1.226960588246583939e-02
1.234813779592514038e-02
1.242683921009302139e-02
1.250577718019485474e-02
1.258501410484313965e-02
1.266465149819850922e-02
1.274477411061525345e-02
1.282543875277042389e-02
1.290676090866327286e-02
1.298879832029342651e-02
1.307167112827301025e-02
1.315549109131097794e-02
1.324033457785844803e-02
1.332633197307586670e-02
1.341361273080110550e-02
1.350230257958173752e-02
1.359256077557802200e-02
1.368454005569219589e-02
1.377841737121343613e-02
1.387436967343091965e-02
1.397261023521423340e-02
1.407336350530385971e-02
1.417684275656938553e-02
1.428331714123487473e-02
1.439305394887924194e-02
1.450633909553289413e-02
1.462348084896802902e-02
1.474480051547288895e-02
1.487065479159355164e-02
1.500140503048896790e-02
1.513741631060838699e-02
1.527911890298128128e-02
1.542692724615335464e-02
1.558130048215389252e-02
1.574268750846385956e-02
1.591158844530582428e-02
1.608850434422492981e-02
1.627398654818534851e-02
1.646856218576431274e-02
1.667284779250621796e-02
1.688741333782672882e-02
1.711291819810867310e-02
1.735003106296062469e-02
1.759944297373294830e-02
1.786189153790473938e-02
1.813818141818046570e-02
1.842917315661907196e-02
1.873571425676345825e-02
1.905883289873600006e-02
1.939957216382026672e-02
1.975912600755691528e-02
2.013874426484107971e-02
2.053982950747013092e-02
2.096387930214405060e-02
2.141244336962699890e-02
2.188716083765029907e-02
2.238963544368743896e-02
2.292141877114772797e-02
2.348394319415092468e-02
2.407841384410858154e-02
2.470582909882068634e-02
2.536647208034992218e-02
2.605977654457092285e-02
2.678359672427177429e-02
2.753386460244655609e-02
2.830435335636138916e-02
2.908694557845592499e-02
2.987244166433811188e-02
3.065166622400283813e-02
3.141668811440467834e-02
3.216183930635452271e-02
3.288439661264419556e-02
3.358487039804458618e-02
3.426693752408027649e-02
3.493695333600044250e-02
3.560338169336318970e-02
3.627565130591392517e-02
3.696258366107940674e-02
3.767047077417373657e-02
3.840120881795883179e-02
3.915098309516906738e-02
3.991059958934783936e-02
4.066760092973709106e-02
4.140923544764518738e-02
4.212512448430061340e-02
4.280874878168106079e-02
4.345747083425521851e-02
4.407167434692382812e-02
4.465388879179954529e-02
4.520779848098754883e-02
4.573762044310569763e-02
4.624773561954498291e-02
4.674237966537475586e-02
4.722563549876213074e-02
4.770129919052124023e-02
4.817298799753189087e-02
4.864409193396568298e-02
