7.640212701916323417e-04
9.364904183806561835e-04
1.082672820307013090e-03
1.271194943312932771e-03
1.427209792314638407e-03
1.577004113574796825e-03
1.727801745761011268e-03
1.903280826728203073e-03
2.041336410153506576e-03
2.157519815390789714e-03
2.263670111367512613e-03
2.393197551921340347e-03
2.471957459616735183e-03
2.571987558944516944e-03
2.709039831443764423e-03
2.815190127420487756e-03
2.935988762917627996e-03
3.005116885722885611e-03
3.081870171566168399e-03
3.152804254038326336e-03
3.210594963379151401e-03
3.307615129928765090e-03
3.407845891441757709e-03
3.540784589144175664e-03
3.674826928865255506e-03
3.730711347446573518e-03
3.790308016454299340e-03
3.833651048459917922e-03
3.939199357881006947e-03
4.053275810173572608e-03
4.151600280927059475e-03
4.249623758402728754e-03
4.335005518210093174e-03
4.389886625865356030e-03
4.409551520016053057e-03
4.454399518410755675e-03
4.520317046252633926e-03
4.579713053075147589e-03
4.647938196046954608e-03
4.691080565867361898e-03
4.729407043242700795e-03
4.770944115581418621e-03
4.817999398013444144e-03
4.855121902277516159e-03
4.974616233570783655e-03
5.024480786595766392e-03
5.067121500953145237e-03
5.131132738035517303e-03
5.208688672619645257e-03
5.252332697903080126e-03
5.318450887930169235e-03
5.368716765325574555e-03
5.409150195645630495e-03
5.454499849503360691e-03
5.486003812581519146e-03
5.506270693287849613e-03
5.528644526938897991e-03
5.579211397612120031e-03
5.619945821209992691e-03
5.680846794421590823e-03
5.707233871776863296e-03
5.758703722283535498e-03
5.772248419785291386e-03
5.792214307213805133e-03
5.822714959365907564e-03
5.843383164442660614e-03
6.374937293067121577e-03
6.419484298184007474e-03
6.462626668004414765e-03
6.491522022674826864e-03
6.521320357178689991e-03
6.539781278218120136e-03
6.566569679943814325e-03
6.588943513594862703e-03
6.605397812782180800e-03
6.627269990970201599e-03
6.630380254840975533e-03
6.648841175880405678e-03
6.671716664994481634e-03
6.701916323868767345e-03
6.731915320557840463e-03
6.776863650045148943e-03
6.793518611417678765e-03
6.818200060198655911e-03
6.842279522423999616e-03
6.878198053576803882e-03
6.921741747767632888e-03
6.955854319253536831e-03
6.990970201665495931e-03
7.017758603391190987e-03
7.045550316042942067e-03
7.096217517808769103e-03
7.132437042239390089e-03
7.191532055784087898e-03
7.191532055784087898e-03
7.282131032406943295e-03
7.318250225744958419e-03
7.351158824119594613e-03
7.414467743553727376e-03
7.479783284839972186e-03
7.531152804254038526e-03
7.593558743854720260e-03
7.662285542289555725e-03
7.703019965887428384e-03
7.745359686966991376e-03
7.812180194642319789e-03
7.917427510785592093e-03
8.010334102538376258e-03
8.085983746362997160e-03
8.160730410354168768e-03
8.213905889435135430e-03
8.266780375238286238e-03
8.333400220728403793e-03
8.400722383866760651e-03
8.471054479783284713e-03
8.535366710143472632e-03
8.590548811076553076e-03
8.694792816293770224e-03
8.746162335707836563e-03
8.824922243403230532e-03
8.926858633490518044e-03
9.007825825223237520e-03
9.087388381659476655e-03
9.163439349854519272e-03
9.206481388582321568e-03
9.267984348349554008e-03
9.348349553526638309e-03
9.420387278017456831e-03
9.496939901675528761e-03
9.578609411056485806e-03
9.650948128825123651e-03
9.704625263369117891e-03
9.762817297080365539e-03
9.853817598073643519e-03
9.901575198153907478e-03
1.001866158322464208e-02
1.010574897160630009e-02
1.021189926758302342e-02
1.025975719875589498e-02
1.030891943413263755e-02
1.037453596869669994e-02
1.044356376040935126e-02
1.049643824621250207e-02
1.049643824621250207e-02
1.063951038426808396e-02
1.071616333901876175e-02
1.080425403832647666e-02
1.089966890739440218e-02
1.098424801846092057e-02
1.107083375137955274e-02
1.115039630781579187e-02
1.123457409451188854e-02
1.128985652653757485e-02
1.133992174174776844e-02
1.141968496036921757e-02
1.148469950837764653e-02
1.156235577405437948e-02
1.166800441456807523e-02
1.175790107354269046e-02
1.175790107354269046e-02
1.187950235778067673e-02
1.192956757299087032e-02
1.202598575298484927e-02
1.212461121701615373e-02
1.226557640212701944e-02
1.234654359385973718e-02
1.234654359385973718e-02
1.246985050667201791e-02
1.253827631182903579e-02
1.261583224641316288e-02
1.271415671716664975e-02
1.279221430721380615e-02
1.285110865857329136e-02
1.285110865857329136e-02
1.300913012942710861e-02
1.307886023878800097e-02
1.316935888431824964e-02
1.327751580214708502e-02
1.338186013845690803e-02
1.348178990669208349e-02
1.348178990669208349e-02
1.361512992876492446e-02
1.372730009029798394e-02
1.384709541486906816e-02
1.394722584528945535e-02
1.404595164041336393e-02
1.417387378348550220e-02
1.417387378348550220e-02
1.431985552322664716e-02
1.443543694190829729e-02
1.455723888833149356e-02
1.469780274907193755e-02
1.483054078458914335e-02
1.499588642520317122e-02
1.499588642520317122e-02
1.518972609611718601e-02
1.533681147787699373e-02
1.549663890839771303e-02
1.574325273402227277e-02
1.596458312431022278e-02
1.596458312431022278e-02
1.596458312431022278e-02
1.646663991170863733e-02
1.665435938597371185e-02
1.684278117788702567e-02
1.706391090598976742e-02
1.726918832146082106e-02
1.761934383465435863e-02
1.761934383465435863e-02
1.802638707735527285e-02
1.829477275007524925e-02
1.865496137252934533e-02
1.906722183204575052e-02
1.940282933681147792e-02
1.980595966690077217e-02
1.980595966690077217e-02
2.050025082773151291e-02
2.084508879301695539e-02
2.128624460720377268e-02
2.189856526537574052e-02
2.232457108457911246e-02
2.297612119995986676e-02
2.297612119995986676e-02
2.390970201665496009e-02
2.460640112370823807e-02
2.527059295675729983e-02
2.600411357479683050e-02
2.692505267382361636e-02
2.767051269188321519e-02
2.767051269188321519e-02
2.899107053275810225e-02
2.978228152904585299e-02
3.040614026286746208e-02
3.120708337513795547e-02
3.222444065415872722e-02
3.301103642018661521e-02
3.301103642018661521e-02
3.420929065917528017e-02
3.488973612922644657e-02
3.535998796026888769e-02
3.535998796026888769e-02
3.710253837664292259e-02
3.794040333099227280e-02
3.794040333099227280e-02
3.902297582020668176e-02
3.967623156416173053e-02
4.042199257549914521e-02
4.122032707936189311e-02
4.216594762716965872e-02
4.279883615932577462e-02
4.279883615932577462e-02
4.378448881308317359e-02
4.445429918731814978e-02
4.499026788401725568e-02
4.562255442961773988e-02
4.618701715661683443e-02
4.666991070532758301e-02
4.666991070532758301e-02
4.743453396207484435e-02
4.797541888231162538e-02
4.844135647637203002e-02
