6.319520180113613605e-04
7.255952805280685425e-04
8.683127234689891338e-04
1.044062664732336998e-03
1.217485056258738041e-03
1.378190587274730206e-03
1.533858827315270901e-03
1.687401090748608112e-03
1.835886039771139622e-03
1.975875580683350563e-03
2.106063067913055420e-03
2.227192977443337440e-03
2.341041108593344688e-03
2.449490362778306007e-03
2.553986385464668274e-03
2.655389718711376190e-03
2.754020038992166519e-03
2.849904121831059456e-03
2.942958148196339607e-03
3.033241955563426018e-03
3.121106186881661415e-03
3.207266563549637794e-03
3.292743116617202759e-03
3.378784283995628357e-03
3.466586349532008171e-03
3.557030810043215752e-03
3.650319995358586311e-03
3.745753318071365356e-03
3.841691650450229645e-03
3.935880493372678757e-03
4.025946836918592453e-03
4.110011272132396698e-03
4.187078680843114853e-03
4.257086664438247681e-03
4.320737440139055252e-03
4.379194229841232300e-03
4.433830268681049347e-03
4.485980141907930374e-03
4.536863416433334351e-03
4.587474744766950607e-03
4.638595506548881531e-03
4.690770059823989868e-03
4.744305741041898727e-03
4.799303598701953888e-03
4.855674691498279572e-03
4.913160577416419983e-03
4.971358459442853928e-03
5.029783584177494049e-03
5.087883211672306061e-03
5.145092960447072983e-03
5.200881976634263992e-03
5.254779476672410965e-03
5.306400358676910400e-03
5.355446599423885345e-03
5.401722621172666550e-03
5.445138551294803619e-03
5.485691130161285400e-03
5.523452069610357285e-03
5.558571312576532364e-03
5.591284949332475662e-03
5.621952936053276062e-03
5.651257466524839401e-03
5.680590402334928513e-03
5.713202524930238724e-03
5.756825208663940430e-03
5.828632041811943054e-03
5.957758054137229919e-03
6.154526490718126297e-03
6.341839209198951721e-03
6.442331708967685699e-03
6.484213285148143768e-03
6.506944540888071060e-03
6.524999160319566727e-03
6.542174145579338074e-03
6.559524685144424438e-03
6.577431224286556244e-03
6.596114020794630051e-03
6.615743506699800491e-03
6.636430043727159500e-03
6.658290978521108627e-03
6.681426428258419037e-03
6.705914624035358429e-03
6.731809116899967194e-03
6.759158801287412643e-03
6.787993013858795166e-03
6.818311288952827454e-03
6.850107107311487198e-03
6.883346941322088242e-03
6.918007973581552505e-03
6.954054813832044601e-03
6.991429254412651062e-03
7.030098699033260345e-03
7.070052437484264374e-03
7.111256942152976990e-03
7.153743412345647812e-03
7.197534665465354919e-03
7.242693100124597549e-03
7.289294619113206863e-03
7.337448652833700180e-03
7.387284655123949051e-03
7.438937667757272720e-03
7.492543198168277740e-03
7.548245135694742203e-03
7.606161292642354965e-03
7.666385732591152191e-03
7.728971075266599655e-03
7.793899159878492355e-03
7.861067540943622589e-03
7.930311374366283417e-03
8.001339621841907501e-03
8.073771372437477112e-03
8.147134445607662201e-03
8.220862597227096558e-03
8.294339291751384735e-03
8.366911672055721283e-03
8.437908254563808441e-03
8.506729267537593842e-03
8.572864346206188202e-03
8.636008948087692261e-03
8.696206845343112946e-03
8.754090406000614166e-03
8.811155334115028381e-03
8.869891054928302765e-03
8.933347649872303009e-03
9.003833867609500885e-03
9.081020951271057129e-03
9.160758927464485168e-03
9.235883131623268127e-03
9.298685938119888306e-03
9.343112818896770477e-03
9.365516714751720428e-03
9.371548891067504883e-03
9.396943263709545135e-03
9.447845630347728729e-03
9.525805711746215820e-03
9.630432352423667908e-03
9.756164625287055969e-03
9.890450164675712585e-03
1.001752819865942001e-02
1.012652087956666946e-02
1.021616440266370773e-02
1.029211375862360001e-02
1.036132965236902237e-02
1.042893715202808380e-02
1.049770601093769073e-02
1.056876312941312790e-02
1.064231898635625839e-02
1.071811001747846603e-02
1.079573854804039001e-02
1.087473891675472260e-02
1.095466222614049911e-02
1.103509962558746338e-02
1.111572142690420151e-02
1.119627058506011963e-02
1.127655804157257080e-02
1.135644502937793732e-02
1.143589336425065994e-02
1.151490490883588791e-02
1.159350853413343430e-02
1.167178526520729065e-02
1.174981053918600082e-02
1.182770822197198868e-02
1.190555002540349960e-02
1.198346260935068130e-02
1.206152141094207764e-02
1.213981490582227707e-02
1.221839524805545807e-02
1.229735743254423141e-02
1.237674802541732788e-02
1.245664339512586594e-02
1.253707893192768097e-02
1.261811517179012299e-02
1.269983034580945969e-02
1.278226729482412338e-02
1.286549214273691177e-02
1.294958684593439102e-02
1.303461566567420959e-02
1.312064751982688904e-02
1.320778019726276398e-02
1.329608913511037827e-02
1.338568609207868576e-02
1.347666699439287186e-02
1.356915477663278580e-02
1.366328634321689606e-02
1.375922374427318573e-02
1.385711785405874252e-02
1.395714655518531799e-02
1.405954733490943909e-02
1.416456606239080429e-02
1.427243091166019440e-02
1.438346505165100098e-02
1.449799258261919022e-02
1.461634971201419830e-02
1.473892759531736374e-02
1.486616302281618118e-02
1.499846577644348145e-02
1.513635739684104919e-02
1.528030168265104294e-02
1.543086115270853043e-02
1.558856386691331863e-02
1.575399748980998993e-02
1.592771522700786591e-02
1.611034758388996124e-02
1.630248501896858215e-02
1.650473847985267639e-02
1.671772636473178864e-02
1.694204472005367279e-02
1.717831008136272430e-02
1.742714457213878632e-02
1.768918335437774658e-02
1.796506531536579132e-02
1.825550012290477753e-02
1.856119185686111450e-02
1.888300850987434387e-02
1.922184042632579803e-02
1.957880146801471710e-02
1.995511725544929504e-02
2.035224623978137970e-02
2.077190577983856201e-02
2.121607400476932526e-02
2.168696001172065735e-02
2.218700014054775238e-02
2.271870523691177368e-02
2.328441292047500610e-02
2.388601005077362061e-02
2.452445030212402344e-02
2.519931457936763763e-02
2.590816095471382141e-02
2.664635889232158661e-02
2.740696445107460022e-02
2.818120270967483521e-02
2.895944193005561829e-02
2.973243780434131622e-02
3.049265965819358826e-02
3.123544156551361084e-02
3.195922821760177612e-02
3.266559168696403503e-02
3.335851430892944336e-02
3.404334187507629395e-02
3.472569957375526428e-02
3.541063144803047180e-02
3.610187396407127380e-02
3.680139034986495972e-02
3.750941157341003418e-02
3.822444006800651550e-02
3.894350677728652954e-02
3.966255858540534973e-02
4.037700220942497253e-02
4.108176752924919128e-02
4.177206009626388550e-02
4.244331642985343933e-02
4.309169575572013855e-02
4.371393099427223206e-02
4.430755972862243652e-02
4.487092792987823486e-02
4.540304094552993774e-02
4.590355977416038513e-02
4.637270048260688782e-02
4.681114107370376587e-02
4.721986502408981323e-02
4.760017246007919312e-02
