6.662093801423907280e-04
7.812693947926163673e-04
9.397393441759049892e-04
1.115082879550755024e-03
1.281395787373185158e-03
1.439127838239073753e-03
1.595810404978692532e-03
1.751877134665846825e-03
1.903032884001731873e-03
2.045084489509463310e-03
2.176133682951331139e-03
2.296516206115484238e-03
2.407878404483199120e-03
2.512322505936026573e-03
2.611833624541759491e-03
2.708056010305881500e-03
2.802224596962332726e-03
2.895239740610122681e-03
2.987706800922751427e-03
3.080025082454085350e-03
3.172426484525203705e-03
3.264995058998465538e-03
3.357682609930634499e-03
3.450323361903429031e-03
3.542629769071936607e-03
3.634202759712934494e-03
3.724586218595504761e-03
3.813271177932620049e-03
3.899737494066357613e-03
3.983524162322282791e-03
4.064229317009449005e-03
4.141574259847402573e-03
4.215385764837265015e-03
4.285618662834167480e-03
4.352367483079433441e-03
4.415826406329870224e-03
4.476305097341537476e-03
4.534183535724878311e-03
4.589907824993133545e-03
4.643964115530252457e-03
4.696858581155538559e-03
4.749119747430086136e-03
4.801253322511911392e-03
4.853749647736549377e-03
4.907051566988229752e-03
4.961553029716014862e-03
5.017530173063278198e-03
5.075122695416212082e-03
5.134262144565582275e-03
5.194572266191244125e-03
5.255290307104587555e-03
5.315138492733240128e-03
5.372331477701663971e-03
5.424642935395240784e-03
5.469855386763811111e-03
5.506507586687803268e-03
5.534936673939228058e-03
5.558076314628124237e-03
5.581309553235769272e-03
5.611015483736991882e-03
5.652562715113162994e-03
5.708805285394191742e-03
5.779786035418510437e-03
5.863328929990530014e-03
5.955917295068502426e-03
6.053432356566190720e-03
6.151598412543535233e-03
6.246312521398067474e-03
6.333856843411922455e-03
6.411152426153421402e-03
6.476007867604494095e-03
6.527432706207036972e-03
6.565835326910018921e-03
6.593015510588884354e-03
6.611909251660108566e-03
6.625964306294918060e-03
6.638530641794204712e-03
6.652248091995716095e-03
6.668798625469207764e-03
6.688914727419614792e-03
6.712626200169324875e-03
6.739519536495208740e-03
6.769003812223672867e-03
6.800468545407056808e-03
6.833401042968034744e-03
6.867380347102880478e-03
6.902125664055347443e-03
6.937465164810419083e-03
6.973311770707368851e-03
7.009680848568677902e-03
7.046641316264867783e-03
7.084312848746776581e-03
7.122855167835950851e-03
7.162486668676137924e-03
7.203422021120786667e-03
7.245916873216629028e-03
7.290226407349109650e-03
7.336583919823169708e-03
7.385256700217723846e-03
7.436439394950866699e-03
7.490330841392278671e-03
7.547015789896249771e-03
7.606578525155782700e-03
7.668984122574329376e-03
7.734110578894615173e-03
7.801743224263191223e-03
7.871569134294986725e-03
7.943208329379558563e-03
8.016152307391166687e-03
8.089887909591197968e-03
8.163808844983577728e-03
8.237336762249469757e-03
8.309890516102313995e-03
8.380941115319728851e-03
8.450101129710674286e-03
8.517184294760227203e-03
8.582413196563720703e-03
8.646638132631778717e-03
8.711668662726879120e-03
8.780483156442642212e-03
8.857023902237415314e-03
8.945209905505180359e-03
9.046932682394981384e-03
9.160148911178112030e-03
9.278325363993644714e-03
9.392524138092994690e-03
9.494381956756114960e-03
9.578207507729530334e-03
9.641239419579505920e-03
9.682704694569110870e-03
9.702784940600395203e-03
9.708104655146598816e-03
9.730125777423381805e-03
9.772610850632190704e-03
9.834183380007743835e-03
9.912107139825820923e-03
1.000188756734132767e-02
1.009753905236721039e-02
1.019280124455690384e-02
1.028273347765207291e-02
1.036499720066785812e-02
1.043987832963466644e-02
1.050936151295900345e-02
1.057593617588281631e-02
1.064177695661783218e-02
1.070842705667018890e-02
1.077674608677625656e-02
1.084712240844964981e-02
1.091955602169036865e-02
1.099387742578983307e-02
1.106981653720140457e-02
1.114703062921762466e-02
1.122518442571163177e-02
1.130397152155637741e-02
1.138310600072145462e-02
1.146234478801488876e-02
1.154149137437343597e-02
1.162043493241071701e-02
1.169904973357915878e-02
1.177733764052391052e-02
1.185526512563228607e-02
1.193289272487163544e-02
1.201027538627386093e-02
1.208750437945127487e-02
1.216469705104827881e-02
1.224195584654808044e-02
1.231937948614358902e-02
1.239711791276931763e-02
1.247527450323104858e-02
1.255394890904426575e-02
1.263326779007911682e-02
1.271328423172235489e-02
1.279413886368274689e-02
1.287587545812129974e-02
1.295859739184379578e-02
1.304235961288213730e-02
1.312724966555833817e-02
1.321331877261400223e-02
1.330066379159688950e-02
1.338934525847434998e-02
1.347944978624582291e-02
1.357107702642679214e-02
1.366430707275867462e-02
1.375929545611143112e-02
1.385613996535539627e-02
1.395500823855400085e-02
1.405607163906097412e-02
1.415951363742351532e-02
1.426558382809162140e-02
1.437450386583805084e-02
1.448657736182212830e-02
1.460210047662258148e-02
1.472143270075321198e-02
1.484496332705020905e-02
1.497311331331729889e-02
1.510633993893861771e-02
1.524513494223356247e-02
1.539004221558570862e-02
1.554160565137863159e-02
1.570044457912445068e-02
1.586714759469032288e-02
1.604238338768482208e-02
1.622677966952323914e-02
1.642099767923355103e-02
1.662568002939224243e-02
1.684144698083400726e-02
1.706893369555473328e-02
1.730869896709918976e-02
1.756127923727035522e-02
1.782721839845180511e-02
1.810701191425323486e-02
1.840109564363956451e-02
1.871001720428466797e-02
1.903432793915271759e-02
1.937466114759445190e-02
1.973186992108821869e-02
2.010698616504669189e-02
2.050135843455791473e-02
2.091670408844947815e-02
2.135514095425605774e-02
2.181914076209068298e-02
2.231157757341861725e-02
2.283543720841407776e-02
2.339358255267143250e-02
2.398834563791751862e-02
2.462099865078926086e-02
2.529113739728927612e-02
2.599615976214408875e-02
2.673112601041793823e-02
2.748876623809337616e-02
2.826024964451789856e-02
2.903627976775169373e-02
2.980826050043106079e-02
3.056957386434078217e-02
3.131619840860366821e-02
3.204694017767906189e-02
3.276309743523597717e-02
3.346771001815795898e-02
3.416502103209495544e-02
3.485935181379318237e-02
3.555473685264587402e-02
3.625435382127761841e-02
3.696012869477272034e-02
3.767271712422370911e-02
3.839141502976417542e-02
3.911418095231056213e-02
3.983790799975395203e-02
4.055863991379737854e-02
4.127193987369537354e-02
4.197312518954277039e-02
4.265765845775604248e-02
4.332128539681434631e-02
4.396044835448265076e-02
4.457212612032890320e-02
4.515415430068969727e-02
4.570502787828445435e-02
4.622400179505348206e-02
4.671096429228782654e-02
4.716634750366210938e-02
4.759095981717109680e-02
4.798602312803268433e-02
