1.638514571823179722e-03
1.680750399827957153e-03
1.725582522340118885e-03
1.773122232407331467e-03
1.823472208343446255e-03
1.876724883913993835e-03
1.932966290041804314e-03
1.992271747440099716e-03
2.054699696600437164e-03
2.120292047038674355e-03
2.189067890867590904e-03
2.261030254885554314e-03
2.336148172616958618e-03
2.414359711110591888e-03
2.495580818504095078e-03
2.579684369266033173e-03
2.666502958163619041e-03
2.755836816504597664e-03
2.847441704943776131e-03
2.941029146313667297e-03
3.036274341866374016e-03
3.132807090878486633e-03
3.230223665013909340e-03
3.328085411339998245e-03
3.425930859521031380e-03
3.523266175761818886e-03
3.619593568146228790e-03
3.714424092322587967e-03
3.807262051850557327e-03
3.897637594491243362e-03
3.985136281698942184e-03
4.069368354976177216e-03
4.150037188082933426e-03
4.226904362440109253e-03
4.299831110984086990e-03
4.368771798908710480e-03
4.433792550116777420e-03
4.495062865316867828e-03
4.552843049168586731e-03
4.607493989169597626e-03
4.659453406929969788e-03
4.709223750978708267e-03
4.757337272167205811e-03
4.804341588169336319e-03
4.850785713642835617e-03
4.897163715213537216e-03
4.943940322846174240e-03
4.991485271602869034e-03
5.040107760578393936e-03
5.090002436190843582e-03
5.141286179423332214e-03
5.193985998630523682e-03
5.248046480119228363e-03
5.303340964019298553e-03
5.359700415283441544e-03
5.416897125542163849e-03
5.474695470184087753e-03
5.532837472856044769e-03
5.591067951172590256e-03
5.649146623909473419e-03
5.706838332116603851e-03
5.763950292021036148e-03
5.820309743285179138e-03
5.875768605619668961e-03
5.930211860686540604e-03
5.983559414744377136e-03
6.035761907696723938e-03
6.086783949285745621e-03
6.136628799140453339e-03
6.185305770486593246e-03
6.232845131307840347e-03
6.279297638684511185e-03
6.324731279164552689e-03
6.369199138134717941e-03
6.412789691239595413e-03
6.455581635236740112e-03
6.497632712125778198e-03
6.539053749293088913e-03
6.579909007996320724e-03
6.620261352509260178e-03
6.660190410912036896e-03
6.699755787849426270e-03
6.739005446434020996e-03
6.777992937713861465e-03
6.816751789301633835e-03
6.855315528810024261e-03
6.893704179674386978e-03
6.931938230991363525e-03
6.970024202018976212e-03
7.007974665611982346e-03
7.045784499496221542e-03
7.083481177687644958e-03
7.121081929653882980e-03
7.158621679991483688e-03
7.196127902716398239e-03
7.233709096908569336e-03
7.271453272551298141e-03
7.309535518288612366e-03
7.348135579377412796e-03
7.387529592961072922e-03
7.428059354424476624e-03
7.470119278877973557e-03
7.514193654060363770e-03
7.560846861451864243e-03
7.610687054693698883e-03
7.664369419217109680e-03
7.722584530711174011e-03
7.785993628203868866e-03
7.855134084820747375e-03
7.930450141429901123e-03
8.012149482965469360e-03
8.100197650492191315e-03
8.194228634238243103e-03
8.293543010950088501e-03
8.397132158279418945e-03
8.503677323460578918e-03
8.611667901277542114e-03
8.719438686966896057e-03
8.825333788990974426e-03
8.927726186811923981e-03
9.025132283568382263e-03
9.116303175687789917e-03
9.200176224112510681e-03
9.275916032493114471e-03
9.342910721898078918e-03
9.400730952620506287e-03
9.449086152017116547e-03
9.487784467637538910e-03
9.516735561192035675e-03
9.535888209939002991e-03
9.545224718749523163e-03
9.547699242830276489e-03
9.558022022247314453e-03
9.578172117471694946e-03
9.608150459825992584e-03
9.647943079471588135e-03
9.697461500763893127e-03
9.756588377058506012e-03
9.825072251260280609e-03
9.902508929371833801e-03
9.988331235945224762e-03
1.008176431059837341e-02
1.018177065998315811e-02
1.028708741068840027e-02
1.039630267769098282e-02
1.050778105854988098e-02
1.061989087611436844e-02
1.073104608803987503e-02
1.083977892994880676e-02
1.094493828713893890e-02
1.104565802961587906e-02
1.114144455641508102e-02
1.123215630650520325e-02
1.131796278059482574e-02
1.139926910400390625e-02
1.147664338350296021e-02
1.155074778944253922e-02
1.162226404994726181e-02
1.169184688478708267e-02
1.176011189818382263e-02
1.182759646326303482e-02
1.189476717263460159e-02
1.196199469268321991e-02
1.202961895614862442e-02
1.209786627441644669e-02
1.216697692871093750e-02
1.223710738122463226e-02
1.230837218463420868e-02
1.238089241087436676e-02
1.245476026087999344e-02
1.253002695739269257e-02
1.260675583034753799e-02
1.268500648438930511e-02
1.276481710374355316e-02
1.284623052924871445e-02
1.292927470058202744e-02
1.301401946693658829e-02
1.310047321021556854e-02
1.318872068077325821e-02
1.327879074960947037e-02
1.337075792253017426e-02
1.346468366682529449e-02
1.356064528226852417e-02
1.365873683243989944e-02
1.375903747975826263e-02
1.386169344186782837e-02
1.396677736192941666e-02
1.407450065016746521e-02
1.418494246900081635e-02
1.429834309965372086e-02
1.441485807299613953e-02
1.453471183776855469e-02
1.465815119445323944e-02
1.478542201220989227e-02
1.491684932261705399e-02
1.505271345376968384e-02
1.519339438527822495e-02
1.533929817378520966e-02
1.549080759286880493e-02
1.564842276275157928e-02
1.581265404820442200e-02
1.598405465483665466e-02
1.616323553025722504e-02
1.635087653994560242e-02
1.654766872525215149e-02
1.675442606210708618e-02
1.697196438908576965e-02
1.720119640231132507e-02
1.744309067726135254e-02
1.769869029521942139e-02
1.796907931566238403e-02
1.825537532567977905e-02
1.855880767107009888e-02
1.888057403266429901e-02
1.922193542122840881e-02
1.958413049578666687e-02
1.996838673949241638e-02
2.037589251995086670e-02
2.080770023167133331e-02
2.126482687890529633e-02
2.174803987145423889e-02
2.225796505808830261e-02
2.279494330286979675e-02
2.335902489721775055e-02
2.394993416965007782e-02
2.456701919436454773e-02
2.520929463207721710e-02
2.587531879544258118e-02
2.656333334743976593e-02
2.727114036679267883e-02
2.799631468951702118e-02
2.873606421053409576e-02
2.948750741779804230e-02
3.024755045771598816e-02
3.101314418017864227e-02
3.178125619888305664e-02
3.254890069365501404e-02
3.331340849399566650e-02
3.407227993011474609e-02
3.482337668538093567e-02
3.556488454341888428e-02
3.629529103636741638e-02
3.701347485184669495e-02
3.771867603063583374e-02
3.841043636202812195e-02
3.908865153789520264e-02
3.975343704223632812e-02
4.040522500872612000e-02
4.104457050561904907e-02
4.167234152555465698e-02
4.228945821523666382e-02
4.289703816175460815e-02
4.349627718329429626e-02
4.408854246139526367e-02
4.467517510056495667e-02
4.525761678814888000e-02
4.583740234375000000e-02
4.641609638929367065e-02
4.699540138244628906e-02
4.757691547274589539e-02
4.816242679953575134e-02
