6.572401034645736217e-04
7.691672071814537048e-04
9.216210455633699894e-04
1.092206686735153198e-03
1.257958007045090199e-03
1.415880746208131313e-03
1.571014872752130032e-03
1.727873226627707481e-03
1.883848337456583977e-03
2.029202878475189209e-03
2.156707691028714180e-03
2.266616793349385262e-03
2.365377731621265411e-03
2.463856711983680725e-03
2.573165344074368477e-03
2.694147406145930290e-03
2.812755759805440903e-03
2.914933487772941589e-03
2.999158576130867004e-03
3.071759361773729324e-03
3.139415057376027107e-03
3.207727102562785149e-03
3.285948652774095535e-03
3.394111292436718941e-03
3.533321665599942207e-03
3.647438948974013329e-03
3.718946361914277077e-03
3.772410564124584198e-03
3.829990513622760773e-03
3.911262843757867813e-03
4.023769870400428772e-03
4.142699297517538071e-03
4.235276486724615097e-03
4.299537278711795807e-03
4.350146744400262833e-03
4.398195538669824600e-03
4.448466002941131592e-03
4.501581657677888870e-03
4.555942956358194351e-03
4.609303083270788193e-03
4.660121165215969086e-03
4.708330146968364716e-03
4.755335394293069839e-03
4.803491756319999695e-03
4.855414852499961853e-03
4.913039505481719971e-03
4.976760596036911011e-03
5.044933408498764038e-03
5.114146508276462555e-03
5.180422682315111160e-03
5.240690894424915314e-03
5.293597932904958725e-03
5.339473485946655273e-03
5.379766225814819336e-03
5.416424479335546494e-03
5.451425444334745407e-03
5.486440844833850861e-03
5.522616207599639893e-03
5.560406483709812164e-03
5.599496420472860336e-03
5.638902541249990463e-03
5.677229724824428558e-03
5.713075399398803711e-03
5.745327565819025040e-03
5.773350130766630173e-03
5.796980578452348709e-03
5.822744220495223999e-03
6.342108827084302902e-03
6.393428426235914230e-03
6.431871093809604645e-03
6.462892517447471619e-03
6.488743238151073456e-03
6.511203013360500336e-03
6.531620863825082779e-03
6.551003083586692810e-03
6.570122670382261276e-03
6.589530501514673233e-03
6.609648000448942184e-03
6.630790419876575470e-03
6.653174757957458496e-03
6.676943041384220123e-03
6.702190265059471130e-03
6.728917825967073441e-03
6.757117807865142822e-03
6.786698009818792343e-03
6.817572284489870071e-03
6.849604193121194839e-03
6.882672198116779327e-03
6.916682235896587372e-03
6.951555609703063965e-03
6.987266708165407181e-03
7.023860700428485870e-03
7.061428390443325043e-03
7.100138813257217407e-03
7.140233181416988373e-03
7.181976456195116043e-03
7.225666660815477371e-03
7.271632086485624313e-03
7.320126984268426895e-03
7.371385116130113602e-03
7.425504270941019058e-03
7.482461631298065186e-03
7.542096544057130814e-03
7.604110054671764374e-03
7.668094709515571594e-03
7.733572274446487427e-03
7.800078019499778748e-03
7.867199368774890900e-03
7.934653200209140778e-03
8.002305403351783752e-03
8.070175535976886749e-03
8.138411678373813629e-03
8.207255974411964417e-03
8.276923559606075287e-03
8.347564376890659332e-03
8.419121615588665009e-03
8.491342887282371521e-03
8.563673123717308044e-03
8.635340258479118347e-03
8.705420419573783875e-03
8.773023262619972229e-03
8.837546221911907196e-03
8.899166248738765717e-03
8.959441445767879486e-03
9.021848440170288086e-03
9.090800769627094269e-03
9.168357588350772858e-03
9.249965660274028778e-03
9.324620477855205536e-03
9.380357339978218079e-03
9.409153833985328674e-03
9.416961111128330231e-03
9.450094774365425110e-03
9.517057798802852631e-03
9.618532843887805939e-03
9.746145457029342651e-03
9.878083132207393646e-03
9.991236962378025055e-03
1.007954217493534088e-02
1.015217695385217667e-02
1.021986734122037888e-02
1.028851419687271118e-02
1.036007236689329147e-02
1.043461263179779053e-02
1.051152963191270828e-02
1.059013139456510544e-02
1.066963654011487961e-02
1.074928976595401764e-02
1.082840934395790100e-02
1.090641692280769348e-02
1.098296418786048889e-02
1.105795241892337799e-02
1.113156229257583618e-02
1.120421849191188812e-02
1.127647329121828079e-02
1.134896837174892426e-02
1.142229512333869934e-02
1.149693038314580917e-02
1.157321035861968994e-02
1.165128126740455627e-02
1.173109840601682663e-02
1.181240752339363098e-02
1.189486216753721237e-02
1.197797060012817383e-02
1.206121500581502914e-02
1.214410364627838135e-02
1.222621928900480270e-02
1.230724155902862549e-02
1.238705776631832123e-02
1.246567443013191223e-02
1.254329644143581390e-02
1.262025535106658936e-02
1.269703358411788940e-02
1.277416478842496872e-02
1.285223010927438736e-02
1.293182000517845154e-02
1.301346905529499054e-02
1.309756841510534286e-02
1.318441983312368393e-02
1.327406801283359528e-02
1.336640678346157074e-02
1.346109248697757721e-02
1.355764083564281464e-02
1.365547999739646912e-02
1.375408750027418137e-02
1.385312993079423904e-02
1.395257376134395599e-02
1.405273564159870148e-02
1.415435597300529480e-02
1.425844430923461914e-02
1.436614245176315308e-02
1.447851397097110748e-02
1.459637749940156937e-02
1.472022943198680878e-02
1.485018711537122726e-02
1.498616579920053482e-02
1.512804348021745682e-02
1.527587510645389557e-02
1.543000526726245880e-02
1.559122186154127121e-02
1.576057076454162598e-02
1.593932695686817169e-02
1.612858101725578308e-02
1.632868126034736633e-02
1.653882302343845367e-02
1.675664819777011871e-02
1.697844825685024261e-02
1.720038242638111115e-02
1.742128282785415649e-02
1.764700002968311310e-02
1.789503172039985657e-02
1.819294691085815430e-02
1.855586282908916473e-02
1.894985698163509369e-02
1.931321620941162109e-02
1.963284052908420563e-02
1.994953490793704987e-02
2.030967548489570618e-02
2.073663845658302307e-02
2.122238278388977051e-02
2.173368446528911591e-02
2.223580330610275269e-02
2.272058278322219849e-02
2.321453765034675598e-02
2.376185357570648193e-02
2.439634688198566437e-02
2.511991932988166809e-02
2.589985169470310211e-02
2.668575942516326904e-02
2.743486501276493073e-02
2.813168987631797791e-02
2.879731543362140656e-02
2.948703616857528687e-02
3.026305884122848511e-02
3.112872317433357239e-02
3.199300169944763184e-02
3.276027739048004150e-02
3.342349082231521606e-02
3.403497114777565002e-02
3.464638069272041321e-02
3.528707474470138550e-02
3.596629202365875244e-02
3.668018803000450134e-02
3.741822019219398499e-02
3.816759213805198669e-02
3.891638666391372681e-02
3.965520858764648438e-02
4.037805646657943726e-02
4.108188301324844360e-02
4.176596924662590027e-02
4.243061691522598267e-02
4.307610541582107544e-02
4.370143264532089233e-02
4.430344700813293457e-02
4.487683624029159546e-02
4.541495814919471741e-02
4.591175913810729980e-02
4.636560752987861633e-02
4.678548499941825867e-02
4.720371961593627930e-02
4.769856110215187073e-02
