6.825490272603929043e-04
8.084991713985800743e-04
9.698466747067868710e-04
1.141164451837539673e-03
1.306635444052517414e-03
1.466294284909963608e-03
1.623523305170238018e-03
1.780278631485998631e-03
1.932759187184274197e-03
2.073011593893170357e-03
2.196380402892827988e-03
2.304729539901018143e-03
2.404391998425126076e-03
2.503663068637251854e-03
2.610871335491538048e-03
2.729626605287194252e-03
2.850321354344487190e-03
2.953306306153535843e-03
3.030860796570777893e-03
3.094542538747191429e-03
3.161577275022864342e-03
3.244115971028804779e-03
3.344877390190958977e-03
3.456276375800371170e-03
3.565164050087332726e-03
3.661237657070159912e-03
3.742083907127380371e-03
3.812737064436078072e-03
3.883098484948277473e-03
3.964419942349195480e-03
4.061885178089141846e-03
4.166802391409873962e-03
4.262596368789672852e-03
4.339960403740406036e-03
4.400353413075208664e-03
4.449676722288131714e-03
4.493471235036849976e-03
4.535634070634841919e-03
4.578649532049894333e-03
4.624026361852884293e-03
4.672625567764043808e-03
4.724835976958274841e-03
4.780665971338748932e-03
4.839754197746515274e-03
4.901420325040817261e-03
4.964694380760192871e-03
5.028440151363611221e-03
5.091437138617038727e-03
5.152534693479537964e-03
5.210749804973602295e-03
5.265403073281049728e-03
5.316119641065597534e-03
5.362873431295156479e-03
5.405941046774387360e-03
5.445880349725484848e-03
5.483467131853103638e-03
5.519632250070571899e-03
5.555325187742710114e-03
5.591396242380142212e-03
5.628410261124372482e-03
5.666387733072042465e-03
5.704722367227077484e-03
5.742182489484548569e-03
5.777005106210708618e-03
5.805938504636287689e-03
5.817882250994443893e-03
5.850740242749452591e-03
6.371544674038887024e-03
6.421850528568029404e-03
6.464764010161161423e-03
6.497980561107397079e-03
6.522261071950197220e-03
6.542595569044351578e-03
6.561218295246362686e-03
6.579300854355096817e-03
6.597611121833324432e-03
6.616693455725908279e-03
6.636911071836948395e-03
6.658515427261590958e-03
6.681603379547595978e-03
6.706187035888433456e-03
6.732172332704067230e-03
6.759463343769311905e-03
6.787935271859169006e-03
6.817497778683900833e-03
6.848124787211418152e-03
6.879837252199649811e-03
6.912703160196542740e-03
6.946775130927562714e-03
6.982104387134313583e-03
7.018648553639650345e-03
7.056350819766521454e-03
7.095107808709144592e-03
7.134890183806419373e-03
7.175750564783811569e-03
7.217919453978538513e-03
7.261766586452722549e-03
7.307733409106731415e-03
7.356324233114719391e-03
7.407925091683864594e-03
7.462762296199798584e-03
7.520803250372409821e-03
7.581756915897130966e-03
7.645107340067625046e-03
7.710219360888004303e-03
7.776455488055944443e-03
7.843282073736190796e-03
7.910378277301788330e-03
7.977636530995368958e-03
8.045180700719356537e-03
8.113253861665725708e-03
8.182200603187084198e-03
8.252269588410854340e-03
8.323634974658489227e-03
8.396212011575698853e-03
8.469703607261180878e-03
8.543559350073337555e-03
8.617002516984939575e-03
8.689114823937416077e-03
8.759006857872009277e-03
8.825963363051414490e-03
8.889872580766677856e-03
8.951836265623569489e-03
9.015046991407871246e-03
9.084968827664852142e-03
9.167197160422801971e-03
9.261815808713436127e-03
9.359412826597690582e-03
9.445007890462875366e-03
9.506309404969215393e-03
9.537096135318279266e-03
9.545355103909969330e-03
9.579891338944435120e-03
9.647488594055175781e-03
9.744916111230850220e-03
9.860637597739696503e-03
9.975358843803405762e-03
1.007342524826526642e-02
1.015276182442903519e-02
1.022106409072875977e-02
1.028643269091844559e-02
1.035345438867807388e-02
1.042365841567516327e-02
1.049704197794198990e-02
1.057304721325635910e-02
1.065094303339719772e-02
1.073004491627216339e-02
1.080967579036951065e-02
1.088923960924148560e-02
1.096820179373025894e-02
1.104611717164516449e-02
1.112266443669795990e-02
1.119771227240562439e-02
1.127134356647729874e-02
1.134388148784637451e-02
1.141581963747739792e-02
1.148780435323715210e-02
1.156051456928253174e-02
1.163462176918983459e-02
1.171064563095569611e-02
1.178890373557806015e-02
1.186944544315338135e-02
1.195211336016654968e-02
1.203645020723342896e-02
1.212178450077772141e-02
1.220737397670745850e-02
1.229240652173757553e-02
1.237615849822759628e-02
1.245809253305196762e-02
1.253791153430938721e-02
1.261563785374164581e-02
1.269158814102411270e-02
1.276642177253961563e-02
1.284106727689504623e-02
1.291664876043796539e-02
1.299431454390287399e-02
1.307501737028360367e-02
1.315936725586652756e-02
1.324745640158653259e-02
1.333887781947851181e-02
1.343286596238613129e-02
1.352849509567022324e-02
1.362494193017482758e-02
1.372159644961357117e-02
1.381821930408477783e-02
1.391496229916810989e-02
1.401227992027997971e-02
1.411088649183511734e-02
1.421164721250534058e-02
1.431551109999418259e-02
1.442338246852159500e-02
1.453611161559820175e-02
1.465430110692977905e-02
1.477842777967453003e-02
1.490867510437965393e-02
1.504505891352891922e-02
1.518752332776784897e-02
1.533602923154830933e-02
1.549077872186899185e-02
1.565233804285526276e-02
1.582175493240356445e-02
1.600042171776294708e-02
1.618975773453712463e-02
1.639058813452720642e-02
1.660222932696342468e-02
1.682180725038051605e-02
1.704467833042144775e-02
1.726660691201686859e-02
1.748819276690483093e-02
1.771865412592887878e-02
1.797548495233058929e-02
1.827566698193550110e-02
1.862162351608276367e-02
1.899455115199089050e-02
1.936616189777851105e-02
1.971922069787979126e-02
2.005825936794281006e-02
2.040774933993816376e-02
2.080296911299228668e-02
2.126912400126457214e-02
2.178891934454441071e-02
2.230379544198513031e-02
2.278314344584941864e-02
2.326685935258865356e-02
2.382203936576843262e-02
2.448410727083683014e-02
2.523251995444297791e-02
2.600947953760623932e-02
2.676233835518360138e-02
2.747267857193946838e-02
2.815711684525012970e-02
2.885105460882186890e-02
2.958651818335056305e-02
3.037147037684917450e-02
3.118197619915008545e-02
3.197890520095825195e-02
3.273231908679008484e-02
3.343115374445915222e-02
3.408115357160568237e-02
3.470051661133766174e-02
3.531416878104209900e-02
3.594632446765899658e-02
3.661503642797470093e-02
3.732817992568016052e-02
3.808182477951049805e-02
3.886102512478828430e-02
3.964409604668617249e-02
4.040944203734397888e-02
4.114242270588874817e-02
4.183869063854217529e-02
4.250252246856689453e-02
4.314129799604415894e-02
4.376061260700225830e-02
4.436136782169342041e-02
4.494045302271842957e-02
4.549290612339973450e-02
4.601475596427917480e-02
4.650415107607841492e-02
4.696215316653251648e-02
4.739207401871681213e-02
4.779884591698646545e-02
