9.970008730888366699e-01
9.968866705894470215e-01
9.967646598815917969e-01
9.966347813606262207e-01
9.964966177940368652e-01
9.963499307632446289e-01
9.961948394775390625e-01
9.960308670997619629e-01
9.958584904670715332e-01
9.956775307655334473e-01
9.954883456230163574e-01
9.952913522720336914e-01
9.950870871543884277e-01
9.948760867118835449e-01
9.946593642234802246e-01
9.944378137588500977e-01
9.942124485969543457e-01
9.939845204353332520e-01
9.937553405761718750e-01
9.935263395309448242e-01
9.932987093925476074e-01
9.930738210678100586e-01
9.928531050682067871e-01
9.926376342773437500e-01
9.924284815788269043e-01
9.922266006469726562e-01
9.920325279235839844e-01
9.918467998504638672e-01
9.916696548461914062e-01
9.915010929107666016e-01
9.913410544395446777e-01
9.911890029907226562e-01
9.910444021224975586e-01
9.909065961837768555e-01
9.907748103141784668e-01
9.906483292579650879e-01
9.905260801315307617e-01
9.904074072837829590e-01
9.902915358543395996e-01
9.901775717735290527e-01
9.900650382041931152e-01
9.899532198905944824e-01
9.898417592048645020e-01
9.897304773330688477e-01
9.896188378334045410e-01
9.895069003105163574e-01
9.893943667411804199e-01
9.892814159393310547e-01
9.891679286956787109e-01
9.890542030334472656e-01
9.889400601387023926e-01
9.888259172439575195e-01
9.887117147445678711e-01
9.885976314544677734e-01
9.884840846061706543e-01
9.883708953857421875e-01
9.882583618164062500e-01
9.881466627120971680e-01
9.880358576774597168e-01
9.879261255264282227e-01
9.878174662590026855e-01
9.877099990844726562e-01
9.876037836074829102e-01
9.874990582466125488e-01
9.873955845832824707e-01
9.872936010360717773e-01
9.871929883956909180e-01
9.870938658714294434e-01
9.869961738586425781e-01
9.868999123573303223e-01
9.868052005767822266e-01
9.867117404937744141e-01
9.866197109222412109e-01
9.865291118621826172e-01
9.864397644996643066e-01
9.863517284393310547e-01
9.862648844718933105e-01
9.861793518066406250e-01
9.860947132110595703e-01
9.860112667083740234e-01
9.859287142753601074e-01
9.858472943305969238e-01
9.857665300369262695e-01
9.856866002082824707e-01
9.856073856353759766e-01
9.855287671089172363e-01
9.854506254196166992e-01
9.853729605674743652e-01
9.852955341339111328e-01
9.852183461189270020e-01
9.851411581039428711e-01
9.850639104843139648e-01
9.849862456321716309e-01
9.849083423614501953e-01
9.848297238349914551e-01
9.847501516342163086e-01
9.846694469451904297e-01
9.845871925354003906e-01
9.845031499862670898e-01
9.844167828559875488e-01
9.843276143074035645e-01
9.842350482940673828e-01
9.841385483741760254e-01
9.840370416641235352e-01
9.839299321174621582e-01
9.838162660598754883e-01
9.836949110031127930e-01
9.835647344589233398e-01
9.834249615669250488e-01
9.832744002342224121e-01
9.831126332283020020e-01
9.829388856887817383e-01
9.827536344528198242e-01
9.825571179389953613e-01
9.823509454727172852e-01
9.821366667747497559e-01
9.819172024726867676e-01
9.816955327987670898e-01
9.814749956130981445e-01
9.812594056129455566e-01
9.810520410537719727e-01
9.808562397956848145e-01
9.806746840476989746e-01
9.805098772048950195e-01
9.803634285926818848e-01
9.802365899085998535e-01
9.801304340362548828e-01
9.800452589988708496e-01
9.799816012382507324e-01
9.799393415451049805e-01
9.799188375473022461e-01
9.799133539199829102e-01
9.798905849456787109e-01
9.798462986946105957e-01
9.797802567481994629e-01
9.796926975250244141e-01
9.795837998390197754e-01
9.794539809226989746e-01
9.793040752410888672e-01
9.791354537010192871e-01
9.789500236511230469e-01
9.787502288818359375e-01
9.785395860671997070e-01
9.783217310905456543e-01
9.781012535095214844e-01
9.778824448585510254e-01
9.776694178581237793e-01
9.774653911590576172e-01
9.772729277610778809e-01
9.770928621292114258e-01
9.769248962402343750e-01
9.767679572105407715e-01
9.766197800636291504e-01
9.764782190322875977e-01
9.763409495353698730e-01
9.762055873870849609e-01
9.760706424713134766e-01
9.759346246719360352e-01
9.757968187332153320e-01
9.756565093994140625e-01
9.755136966705322266e-01
9.753680229187011719e-01
9.752198457717895508e-01
9.750691056251525879e-01
9.749158620834350586e-01
9.747604131698608398e-01
9.746029376983642578e-01
9.744433760643005371e-01
9.742820262908935547e-01
9.741188883781433105e-01
9.739538431167602539e-01
9.737871885299682617e-01
9.736188054084777832e-01
9.734486341476440430e-01
9.732767343521118164e-01
9.731029868125915527e-01
9.729273915290832520e-01
9.727496504783630371e-01
9.725697040557861328e-01
9.723872542381286621e-01
9.722022414207458496e-01
9.720143079757690430e-01
9.718230962753295898e-01
9.716282486915588379e-01
9.714295864105224609e-01
9.712265729904174805e-01
9.710186719894409180e-01
9.708055853843688965e-01
9.705868959426879883e-01
9.703619480133056641e-01
9.701300859451293945e-01
9.698908329010009766e-01
9.696435928344726562e-01
9.693877100944519043e-01
9.691222906112670898e-01
9.688466787338256836e-01
9.685600996017456055e-01
9.682614803314208984e-01
9.679499864578247070e-01
9.676246643066406250e-01
9.672840833663940430e-01
9.669274091720581055e-01
9.665532112121582031e-01
9.661598801612854004e-01
9.657462239265441895e-01
9.653105139732360840e-01
9.648509621620178223e-01
9.643657803535461426e-01
9.638529419898986816e-01
9.633103609085083008e-01
9.627360701560974121e-01
9.621273875236511230e-01
9.614824056625366211e-01
9.607984423637390137e-01
9.600731134414672852e-01
9.593040943145751953e-01
9.584892988204956055e-01
9.576262831687927246e-01
9.567134380340576172e-01
9.557492136955261230e-01
9.547324776649475098e-01
9.536626935005187988e-01
9.525398612022399902e-01
9.513646364212036133e-01
9.501384496688842773e-01
9.488633871078491211e-01
9.475423693656921387e-01
9.461789727210998535e-01
9.447771310806274414e-01
9.433414340019226074e-01
9.418770074844360352e-01
9.403886198997497559e-01
9.388816356658935547e-01
9.373612403869628906e-01
9.358322024345397949e-01
9.342991709709167480e-01
9.327667355537414551e-01
9.312388300895690918e-01
9.297193884849548340e-01
9.282115697860717773e-01
9.267186522483825684e-01
9.252431392669677734e-01
9.237876534461975098e-01
9.223539233207702637e-01
9.209438562393188477e-01
9.195587038993835449e-01
9.181993603706359863e-01
9.168664216995239258e-01
9.155601263046264648e-01
9.142804145812988281e-01
9.130269885063171387e-01
9.117988944053649902e-01
9.105952978134155273e-01
9.094148278236389160e-01
9.082561135292053223e-01
9.071171879768371582e-01
9.059962034225463867e-01
9.048908948898315430e-01
9.037989377975463867e-01
9.027177691459655762e-01
9.016445875167846680e-01
