9.985547661781311035e-01
9.983329176902770996e-01
9.980085492134094238e-01
9.976673126220703125e-01
9.973291158676147461e-01
9.969817996025085449e-01
9.966384172439575195e-01
9.963164329528808594e-01
9.960215687751770020e-01
9.957486987113952637e-01
9.954897761344909668e-01
9.952386617660522461e-01
9.949931502342224121e-01
9.947535991668701172e-01
9.945222139358520508e-01
9.943009614944458008e-01
9.940909743309020996e-01
9.938918352127075195e-01
9.937019348144531250e-01
9.935181736946105957e-01
9.933375120162963867e-01
9.931562542915344238e-01
9.929714798927307129e-01
9.927809834480285645e-01
9.925841093063354492e-01
9.923815131187438965e-01
9.921755194664001465e-01
9.919697642326354980e-01
9.917680025100708008e-01
9.915743470191955566e-01
9.913918972015380859e-01
9.912225008010864258e-01
9.910668730735778809e-01
9.909245371818542480e-01
9.907938838005065918e-01
9.906730055809020996e-01
9.905595183372497559e-01
9.904510378837585449e-01
9.903451800346374512e-01
9.902396202087402344e-01
9.901326894760131836e-01
9.900228381156921387e-01
9.899092912673950195e-01
9.897915124893188477e-01
9.896698594093322754e-01
9.895451664924621582e-01
9.894188642501831055e-01
9.892922639846801758e-01
9.891674518585205078e-01
9.890457391738891602e-01
9.889285564422607422e-01
9.888169765472412109e-01
9.887114763259887695e-01
9.886123538017272949e-01
9.885196089744567871e-01
9.884329438209533691e-01
9.883518815040588379e-01
9.882760643959045410e-01
9.882049560546875000e-01
9.881380200386047363e-01
9.880746006965637207e-01
9.880139827728271484e-01
9.879548549652099609e-01
9.878925085067749023e-01
9.878078103065490723e-01
9.876277446746826172e-01
9.871891140937805176e-01
9.867108464241027832e-01
9.865083694458007812e-01
9.864249229431152344e-01
9.863721728324890137e-01
9.863265752792358398e-01
9.862825274467468262e-01
9.862385988235473633e-01
9.861942529678344727e-01
9.861494302749633789e-01
9.861037135124206543e-01
9.860571622848510742e-01
9.860095977783203125e-01
9.859608411788940430e-01
9.859107732772827148e-01
9.858593344688415527e-01
9.858061671257019043e-01
9.857512116432189941e-01
9.856942296028137207e-01
9.856350421905517578e-01
9.855735898017883301e-01
9.855094552040100098e-01
9.854425191879272461e-01
9.853724837303161621e-01
9.852989912033081055e-01
9.852220416069030762e-01
9.851411581039428711e-01
9.850561618804931641e-01
9.849668145179748535e-01
9.848729372024536133e-01
9.847742915153503418e-01
9.846708774566650391e-01
9.845624566078186035e-01
9.844493269920349121e-01
9.843313097953796387e-01
9.842088818550109863e-01
9.840821027755737305e-01
9.839516282081604004e-01
9.838179349899291992e-01
9.836814403533935547e-01
9.835431575775146484e-01
9.834036231040954590e-01
9.832636713981628418e-01
9.831241369247436523e-01
9.829856753349304199e-01
9.828489422798156738e-01
9.827142357826232910e-01
9.825816154479980469e-01
9.824509024620056152e-01
9.823209047317504883e-01
9.821898937225341797e-01
9.820554852485656738e-01
9.819143414497375488e-01
9.817628860473632812e-01
9.815979003906250000e-01
9.814177155494689941e-01
9.812229871749877930e-01
9.810177087783813477e-01
9.808094501495361328e-01
9.806082248687744141e-01
9.804250597953796387e-01
9.802696108818054199e-01
9.801488518714904785e-01
9.800673127174377441e-01
9.800271391868591309e-01
9.800164103507995605e-01
9.799717068672180176e-01
9.798839092254638672e-01
9.797527790069580078e-01
9.795799255371093750e-01
9.793718457221984863e-01
9.791434407234191895e-01
9.789190292358398438e-01
9.787270426750183105e-01
9.785859584808349609e-01
9.784886837005615234e-01
9.784024953842163086e-01
9.782887697219848633e-01
9.781292676925659180e-01
9.779368042945861816e-01
9.777390360832214355e-01
9.775560498237609863e-01
9.773933291435241699e-01
9.772464036941528320e-01
9.771084785461425781e-01
9.769732356071472168e-01
9.768367409706115723e-01
9.766960740089416504e-01
9.765501618385314941e-01
9.763986468315124512e-01
9.762418270111083984e-01
9.760802984237670898e-01
9.759149551391601562e-01
9.757467508316040039e-01
9.755768775939941406e-01
9.754063487052917480e-01
9.752365350723266602e-01
9.750680327415466309e-01
9.749019145965576172e-01
9.747387766838073730e-01
9.745789170265197754e-01
9.744220972061157227e-01
9.742680788040161133e-01
9.741160273551940918e-01
9.739646911621093750e-01
9.738128781318664551e-01
9.736590385437011719e-01
9.735019803047180176e-01
9.733404517173767090e-01
9.731739759445190430e-01
9.730023145675659180e-01
9.728255867958068848e-01
9.726443290710449219e-01
9.724591970443725586e-01
9.722708463668823242e-01
9.720797538757324219e-01
9.718863964080810547e-01
9.716908335685729980e-01
9.714930057525634766e-01
9.712924361228942871e-01
9.710888266563415527e-01
9.708811044692993164e-01
9.706686735153198242e-01
9.704504013061523438e-01
9.702253341674804688e-01
9.699923396110534668e-01
9.697502255439758301e-01
9.694979190826416016e-01
9.692342281341552734e-01
9.689581394195556641e-01
9.686683416366577148e-01
9.683641195297241211e-01
9.680442810058593750e-01
9.677082300186157227e-01
9.673552513122558594e-01
9.669849276542663574e-01
9.665970802307128906e-01
9.661911725997924805e-01
9.657672643661499023e-01
9.653249382972717285e-01
9.648634791374206543e-01
9.643819332122802734e-01
9.638786315917968750e-01
9.633513092994689941e-01
9.627966284751892090e-01
9.622109532356262207e-01
9.615902900695800781e-01
9.609304070472717285e-01
9.602276086807250977e-01
9.594792127609252930e-01
9.586833715438842773e-01
9.578396081924438477e-01
9.569479823112487793e-01
9.560087919235229492e-01
9.550215005874633789e-01
9.539842009544372559e-01
9.528931379318237305e-01
9.517436027526855469e-01
9.505299925804138184e-01
9.492480158805847168e-01
9.478959441184997559e-01
9.464761614799499512e-01
9.449964761734008789e-01
9.434700012207031250e-01
9.419146180152893066e-01
9.403507709503173828e-01
9.387990832328796387e-01
9.372770190238952637e-01
9.357970952987670898e-01
9.343644380569458008e-01
9.329764842987060547e-01
9.316235780715942383e-01
9.302905201911926270e-01
9.289589524269104004e-01
9.276105165481567383e-01
9.262294173240661621e-01
9.248065948486328125e-01
9.233408570289611816e-01
9.218400716781616211e-01
9.203194975852966309e-01
9.187989830970764160e-01
9.172994494438171387e-01
9.158393740653991699e-01
9.144321084022521973e-01
9.130861163139343262e-01
9.118039011955261230e-01
9.105846285820007324e-01
9.094240069389343262e-01
9.083161950111389160e-01
9.072547554969787598e-01
9.062329530715942383e-01
9.052443504333496094e-01
9.042831659317016602e-01
9.033442139625549316e-01
9.024233222007751465e-01
