9.985577464103698730e-01
9.982897639274597168e-01
9.979614019393920898e-01
9.976142644882202148e-01
9.972792267799377441e-01
9.969617724418640137e-01
9.966425895690917969e-01
9.963166713714599609e-01
9.960003495216369629e-01
9.957135915756225586e-01
9.954620003700256348e-01
9.952362179756164551e-01
9.950189590454101562e-01
9.947947859764099121e-01
9.945553541183471680e-01
9.943078160285949707e-01
9.940724968910217285e-01
9.938686490058898926e-01
9.937005043029785156e-01
9.935560822486877441e-01
9.934129118919372559e-01
9.932436347007751465e-01
9.930290579795837402e-01
9.927772283554077148e-01
9.925286769866943359e-01
9.923235177993774414e-01
9.921670556068420410e-01
9.920337796211242676e-01
9.918851852416992188e-01
9.916881918907165527e-01
9.914434552192687988e-01
9.912040233612060547e-01
9.910215735435485840e-01
9.908961653709411621e-01
9.907982349395751953e-01
9.907013177871704102e-01
9.905914664268493652e-01
9.904702901840209961e-01
9.903501868247985840e-01
9.902400970458984375e-01
9.901395440101623535e-01
9.900422096252441406e-01
9.899404644966125488e-01
9.898292422294616699e-01
9.897068738937377930e-01
9.895755052566528320e-01
9.894397854804992676e-01
9.893029928207397461e-01
9.891676902770996094e-01
9.890363812446594238e-01
9.889133572578430176e-01
9.888027310371398926e-01
9.887068271636962891e-01
9.886244535446166992e-01
9.885522127151489258e-01
9.884849190711975098e-01
9.884166121482849121e-01
9.883419871330261230e-01
9.882578253746032715e-01
9.881656169891357422e-01
9.880725145339965820e-01
9.879872202873229980e-01
9.879162311553955078e-01
9.878631830215454102e-01
9.878299832344055176e-01
9.877660274505615234e-01
9.871895909309387207e-01
9.866459369659423828e-01
9.864884018898010254e-01
9.864203929901123047e-01
9.863727688789367676e-01
9.863309860229492188e-01
9.862911105155944824e-01
9.862515330314636230e-01
9.862116575241088867e-01
9.861708879470825195e-01
9.861286878585815430e-01
9.860846996307373047e-01
9.860385060310363770e-01
9.859899282455444336e-01
9.859389066696166992e-01
9.858852624893188477e-01
9.858291149139404297e-01
9.857703447341918945e-01
9.857094287872314453e-01
9.856460690498352051e-01
9.855806231498718262e-01
9.855130314826965332e-01
9.854432344436645508e-01
9.853711128234863281e-01
9.852963089942932129e-01
9.852188825607299805e-01
9.851383566856384277e-01
9.850546121597290039e-01
9.849672913551330566e-01
9.848760366439819336e-01
9.847807884216308594e-01
9.846812486648559570e-01
9.845774769783020020e-01
9.844692349433898926e-01
9.843568205833435059e-01
9.842400550842285156e-01
9.841193556785583496e-01
9.839948415756225586e-01
9.838665723800659180e-01
9.837350845336914062e-01
9.836003184318542480e-01
9.834626317024230957e-01
9.833221435546875000e-01
9.831789731979370117e-01
9.830333590507507324e-01
9.828857183456420898e-01
9.827361106872558594e-01
9.825853109359741211e-01
9.824339747428894043e-01
9.822831749916076660e-01
9.821339249610900879e-01
9.819875359535217285e-01
9.818454980850219727e-01
9.817090034484863281e-01
9.815790653228759766e-01
9.814555048942565918e-01
9.813349246978759766e-01
9.812094569206237793e-01
9.810640811920166016e-01
9.808834195137023926e-01
9.806672334671020508e-01
9.804429411888122559e-01
9.802496433258056641e-01
9.801148772239685059e-01
9.800484180450439453e-01
9.800308346748352051e-01
9.799578785896301270e-01
9.798189401626586914e-01
9.796280860900878906e-01
9.794152975082397461e-01
9.792168736457824707e-01
9.790514707565307617e-01
9.789131283760070801e-01
9.787856340408325195e-01
9.786564707756042480e-01
9.785196185111999512e-01
9.783740043640136719e-01
9.782205224037170410e-01
9.780610799789428711e-01
9.778979420661926270e-01
9.777332544326782227e-01
9.775691628456115723e-01
9.774075150489807129e-01
9.772496223449707031e-01
9.770959615707397461e-01
9.769468903541564941e-01
9.768014550209045410e-01
9.766589999198913574e-01
9.765179157257080078e-01
9.763763546943664551e-01
9.762328863143920898e-01
9.760855436325073242e-01
9.759328961372375488e-01
9.757741093635559082e-01
9.756088852882385254e-01
9.754379391670227051e-01
9.752629399299621582e-01
9.750862121582031250e-01
9.749104380607604980e-01
9.747376441955566406e-01
9.745696187019348145e-01
9.744069576263427734e-01
9.742489457130432129e-01
9.740949869155883789e-01
9.739432334899902344e-01
9.737918376922607422e-01
9.736392498016357422e-01
9.734838008880615234e-01
9.733241796493530273e-01
9.731591939926147461e-01
9.729884266853332520e-01
9.728115797042846680e-01
9.726290106773376465e-01
9.724412560462951660e-01
9.722490906715393066e-01
9.720537662506103516e-01
9.718559980392456055e-01
9.716569781303405762e-01
9.714571237564086914e-01
9.712563753128051758e-01
9.710544347763061523e-01
9.708501100540161133e-01
9.706421494483947754e-01
9.704284667968750000e-01
9.702070355415344238e-01
9.699757099151611328e-01
9.697326421737670898e-01
9.694761037826538086e-01
9.692049026489257812e-01
9.689180850982666016e-01
9.686157703399658203e-01
9.682980179786682129e-01
9.679655432701110840e-01
9.676195383071899414e-01
9.672605991363525391e-01
9.668894410133361816e-01
9.665057659149169922e-01
9.661085009574890137e-01
9.656954407691955566e-01
9.652631878852844238e-01
9.648083448410034180e-01
9.643272161483764648e-01
9.638167619705200195e-01
9.632754325866699219e-01
9.627023339271545410e-01
9.620979428291320801e-01
9.614622592926025391e-01
9.607948064804077148e-01
9.600929021835327148e-01
9.593514204025268555e-01
9.585630893707275391e-01
9.577207565307617188e-01
9.568213820457458496e-01
9.558722972869873047e-01
9.548933506011962891e-01
9.539088010787963867e-01
9.529209733009338379e-01
9.518725275993347168e-01
9.506409764289855957e-01
9.491559267044067383e-01
9.475607275962829590e-01
9.460770487785339355e-01
9.447407126426696777e-01
9.434329867362976074e-01
9.420283436775207520e-01
9.404698014259338379e-01
9.387882351875305176e-01
9.370833635330200195e-01
9.354656934738159180e-01
9.339926242828369141e-01
9.326465129852294922e-01
9.313601255416870117e-01
9.300612807273864746e-01
9.287061691284179688e-01
9.272909760475158691e-01
9.258438348770141602e-01
9.244019985198974609e-01
9.229844808578491211e-01
9.215715527534484863e-01
9.201061725616455078e-01
9.185420274734497070e-01
9.169292449951171875e-01
9.154180288314819336e-01
9.141055941581726074e-01
9.129328131675720215e-01
9.117673635482788086e-01
9.105225801467895508e-01
9.092021584510803223e-01
9.078872799873352051e-01
9.067059755325317383e-01
9.057890176773071289e-01
9.051187634468078613e-01
9.043425321578979492e-01
9.032346010208129883e-01
9.021140336990356445e-01
