9.985633492469787598e-01
9.983204007148742676e-01
9.980022311210632324e-01
9.976524710655212402e-01
9.973121881484985352e-01
9.969835877418518066e-01
9.966552257537841797e-01
9.963322281837463379e-01
9.960279464721679688e-01
9.957473874092102051e-01
9.954863190650939941e-01
9.952394962310791016e-01
9.950036406517028809e-01
9.947769641876220703e-01
9.945585131645202637e-01
9.943473935127258301e-01
9.941427111625671387e-01
9.939432740211486816e-01
9.937478303909301758e-01
9.935551285743713379e-01
9.933638572692871094e-01
9.931729435920715332e-01
9.929815530776977539e-01
9.927892088890075684e-01
9.925953745841979980e-01
9.924007654190063477e-01
9.922059178352355957e-01
9.920120835304260254e-01
9.918211698532104492e-01
9.916348457336425781e-01
9.914551973342895508e-01
9.912840127944946289e-01
9.911226034164428711e-01
9.909718036651611328e-01
9.908319115638732910e-01
9.907025098800659180e-01
9.905825853347778320e-01
9.904705286026000977e-01
9.903644919395446777e-01
9.902620911598205566e-01
9.901608228683471680e-01
9.900583624839782715e-01
9.899521470069885254e-01
9.898403286933898926e-01
9.897220730781555176e-01
9.895971417427062988e-01
9.894666075706481934e-01
9.893332123756408691e-01
9.892002344131469727e-01
9.890710115432739258e-01
9.889490604400634766e-01
9.888364076614379883e-01
9.887347817420959473e-01
9.886438846588134766e-01
9.885632991790771484e-01
9.884911775588989258e-01
9.884253740310668945e-01
9.883636236190795898e-01
9.883027672767639160e-01
9.882390499114990234e-01
9.881680607795715332e-01
9.880842566490173340e-01
9.879801869392395020e-01
9.878478050231933594e-01
9.876783490180969238e-01
9.874662756919860840e-01
9.872166514396667480e-01
9.869523048400878906e-01
9.867116212844848633e-01
9.865286350250244141e-01
9.864121675491333008e-01
9.863475561141967773e-01
9.863112568855285645e-01
9.862842559814453125e-01
9.862557053565979004e-01
9.862219691276550293e-01
9.861824512481689453e-01
9.861381649971008301e-01
9.860901832580566406e-01
9.860391616821289062e-01
9.859858751296997070e-01
9.859304428100585938e-01
9.858731031417846680e-01
9.858139157295227051e-01
9.857527613639831543e-01
9.856896400451660156e-01
9.856244325637817383e-01
9.855571389198303223e-01
9.854875802993774414e-01
9.854155182838439941e-01
9.853411316871643066e-01
9.852640628814697266e-01
9.851841926574707031e-01
9.851013422012329102e-01
9.850153923034667969e-01
9.849261045455932617e-01
9.848331809043884277e-01
9.847363829612731934e-01
9.846357107162475586e-01
9.845306873321533203e-01
9.844211339950561523e-01
9.843070507049560547e-01
9.841881990432739258e-01
9.840645194053649902e-01
9.839361906051635742e-01
9.838033914566040039e-01
9.836661815643310547e-01
9.835253953933715820e-01
9.833813905715942383e-01
9.832351207733154297e-01
9.830874800682067871e-01
9.829396009445190430e-01
9.827925562858581543e-01
9.826474785804748535e-01
9.825055599212646484e-01
9.823677539825439453e-01
9.822350144386291504e-01
9.821074604988098145e-01
9.819846749305725098e-01
9.818648099899291992e-01
9.817439317703247070e-01
9.816159009933471680e-01
9.814733862876892090e-01
9.813103675842285156e-01
9.811267256736755371e-01
9.809311032295227051e-01
9.807393550872802734e-01
9.805686473846435547e-01
9.804328680038452148e-01
9.803401827812194824e-01
9.802943468093872070e-01
9.802820682525634766e-01
9.802311062812805176e-01
9.801310300827026367e-01
9.799823760986328125e-01
9.797897338867187500e-01
9.795650243759155273e-01
9.793274998664855957e-01
9.790989160537719727e-01
9.788949489593505859e-01
9.787195324897766113e-01
9.785670042037963867e-01
9.784278869628906250e-01
9.782935380935668945e-01
9.781584739685058594e-01
9.780195951461791992e-01
9.778757095336914062e-01
9.777270555496215820e-01
9.775739312171936035e-01
9.774173498153686523e-01
9.772579073905944824e-01
9.770966172218322754e-01
9.769342541694641113e-01
9.767714738845825195e-01
9.766087532043457031e-01
9.764465093612670898e-01
9.762851595878601074e-01
9.761247038841247559e-01
9.759652614593505859e-01
9.758068919181823730e-01
9.756492376327514648e-01
9.754923582077026367e-01
9.753358364105224609e-01
9.751796126365661621e-01
9.750233888626098633e-01
9.748669266700744629e-01
9.747099280357360840e-01
9.745522737503051758e-01
9.743937253952026367e-01
9.742340445518493652e-01
9.740730524063110352e-01
9.739106297492980957e-01
9.737465977668762207e-01
9.735808372497558594e-01
9.734130501747131348e-01
9.732434153556823730e-01
9.730715751647949219e-01
9.728974699974060059e-01
9.727209210395812988e-01
9.725418090820312500e-01
9.723600149154663086e-01
9.721751809120178223e-01
9.719873070716857910e-01
9.717957377433776855e-01
9.716005921363830566e-01
9.714012145996093750e-01
9.711971879005432129e-01
9.709880948066711426e-01
9.707732796669006348e-01
9.705520868301391602e-01
9.703239798545837402e-01
9.700880050659179688e-01
9.698435068130493164e-01
9.695894718170166016e-01
9.693250656127929688e-01
9.690495133399963379e-01
9.687615633010864258e-01
9.684605598449707031e-01
9.681453704833984375e-01
9.678151011466979980e-01
9.674688577651977539e-01
9.671058058738708496e-01
9.667248725891113281e-01
9.663250446319580078e-01
9.659056067466735840e-01
9.654653668403625488e-01
9.650032520294189453e-01
9.645180106163024902e-01
9.640081524848937988e-01
9.634721279144287109e-01
9.629080891609191895e-01
9.623142480850219727e-01
9.616883993148803711e-01
9.610282778739929199e-01
9.603313803672790527e-01
9.595953822135925293e-01
9.588177204132080078e-01
9.579957127571105957e-01
9.571267366409301758e-01
9.562079906463623047e-01
9.552361965179443359e-01
9.542080163955688477e-01
9.531200528144836426e-01
9.519684314727783203e-01
9.507501125335693359e-01
9.494630694389343262e-01
9.481073021888732910e-01
9.466866254806518555e-01
9.452086091041564941e-01
9.436857700347900391e-01
9.421350955963134766e-01
9.405753612518310547e-01
9.390255212783813477e-01
9.375016093254089355e-01
9.360146522521972656e-01
9.345690608024597168e-01
9.331631660461425781e-01
9.317892789840698242e-01
9.304353594779968262e-01
9.290874600410461426e-01
9.277309179306030273e-01
9.263525605201721191e-01
9.249433279037475586e-01
9.234996438026428223e-01
9.220251441001892090e-01
9.205302596092224121e-01
9.190307259559631348e-01
9.175452589988708496e-01
9.160919189453125000e-01
9.146860837936401367e-01
9.133381247520446777e-01
9.120534658432006836e-01
9.108328819274902344e-01
9.096739292144775391e-01
9.085714817047119141e-01
9.075193405151367188e-01
9.065108895301818848e-01
9.055391550064086914e-01
9.045976400375366211e-01
9.036803245544433594e-01
9.027816057205200195e-01
