9.985424280166625977e-01
9.982717037200927734e-01
9.979224801063537598e-01
9.975855350494384766e-01
9.972580671310424805e-01
9.969279170036315918e-01
9.965967535972595215e-01
9.962674975395202637e-01
9.959526062011718750e-01
9.956698417663574219e-01
9.954231381416320801e-01
9.951986670494079590e-01
9.949771761894226074e-01
9.947458505630493164e-01
9.945019483566284180e-01
9.942544102668762207e-01
9.940205216407775879e-01
9.938171505928039551e-01
9.936503767967224121e-01
9.935099482536315918e-01
9.933696985244750977e-01
9.931966066360473633e-01
9.929692149162292480e-01
9.927046895027160645e-01
9.924570322036743164e-01
9.922669529914855957e-01
9.921304583549499512e-01
9.920116066932678223e-01
9.918645620346069336e-01
9.916561841964721680e-01
9.914063215255737305e-01
9.911826848983764648e-01
9.910187721252441406e-01
9.908966422080993652e-01
9.907906055450439453e-01
9.906858801841735840e-01
9.905778169631958008e-01
9.904666543006896973e-01
9.903546571731567383e-01
9.902439713478088379e-01
9.901354908943176270e-01
9.900285601615905762e-01
9.899213314056396484e-01
9.898111820220947266e-01
9.896950721740722656e-01
9.895713329315185547e-01
9.894397854804992676e-01
9.893031120300292969e-01
9.891658425331115723e-01
9.890331029891967773e-01
9.889091849327087402e-01
9.887976050376892090e-01
9.887005686759948730e-01
9.886182546615600586e-01
9.885489344596862793e-01
9.884876608848571777e-01
9.884266257286071777e-01
9.883558750152587891e-01
9.882668852806091309e-01
9.881625771522521973e-01
9.880599379539489746e-01
9.879772067070007324e-01
9.879200458526611328e-01
9.878820180892944336e-01
9.878430366516113281e-01
9.877218604087829590e-01
9.871720671653747559e-01
9.865851402282714844e-01
9.865055680274963379e-01
9.864485859870910645e-01
9.863799214363098145e-01
9.863184690475463867e-01
9.862716197967529297e-01
9.862348437309265137e-01
9.862021803855895996e-01
9.861693382263183594e-01
9.861339926719665527e-01
9.860948324203491211e-01
9.860509037971496582e-01
9.860023260116577148e-01
9.859493374824523926e-01
9.858923554420471191e-01
9.858319759368896484e-01
9.857690930366516113e-01
9.857041239738464355e-01
9.856378436088562012e-01
9.855705499649047852e-01
9.855026006698608398e-01
9.854336977005004883e-01
9.853636622428894043e-01
9.852922558784484863e-01
9.852187037467956543e-01
9.851424098014831543e-01
9.850627183914184570e-01
9.849788546562194824e-01
9.848902821540832520e-01
9.847964048385620117e-01
9.846965074539184570e-01
9.845907688140869141e-01
9.844787716865539551e-01
9.843610525131225586e-01
9.842379689216613770e-01
9.841103553771972656e-01
9.839792251586914062e-01
9.838457107543945312e-01
9.837108254432678223e-01
9.835756421089172363e-01
9.834406375885009766e-01
9.833058714866638184e-01
9.831709265708923340e-01
9.830352067947387695e-01
9.828975796699523926e-01
9.827568531036376953e-01
9.826123714447021484e-01
9.824636578559875488e-01
9.823112487792968750e-01
9.821562170982360840e-01
9.820004105567932129e-01
9.818462729454040527e-01
9.816961288452148438e-01
9.815524220466613770e-01
9.814164638519287109e-01
9.812877774238586426e-01
9.811597466468811035e-01
9.810165762901306152e-01
9.808362722396850586e-01
9.806114435195922852e-01
9.803721308708190918e-01
9.801666140556335449e-01
9.800258874893188477e-01
9.799578785896301270e-01
9.799398779869079590e-01
9.798664450645446777e-01
9.797296524047851562e-01
9.795494675636291504e-01
9.793584942817687988e-01
9.791859984397888184e-01
9.790398478507995605e-01
9.789096713066101074e-01
9.787825345993041992e-01
9.786503314971923828e-01
9.785103797912597656e-01
9.783629179000854492e-01
9.782096147537231445e-01
9.780523180961608887e-01
9.778931736946105957e-01
9.777339100837707520e-01
9.775760173797607422e-01
9.774203896522521973e-01
9.772676825523376465e-01
9.771178960800170898e-01
9.769708514213562012e-01
9.768255949020385742e-01
9.766814112663269043e-01
9.765372276306152344e-01
9.763919711112976074e-01
9.762445688247680664e-01
9.760944247245788574e-01
9.759406447410583496e-01
9.757829308509826660e-01
9.756214618682861328e-01
9.754564166069030762e-01
9.752885699272155762e-01
9.751188158988952637e-01
9.749485254287719727e-01
9.747788906097412109e-01
9.746114015579223633e-01
9.744467735290527344e-01
9.742859601974487305e-01
9.741289019584655762e-01
9.739752411842346191e-01
9.738238453865051270e-01
9.736734032630920410e-01
9.735219478607177734e-01
9.733674526214599609e-01
9.732079505920410156e-01
9.730418920516967773e-01
9.728681445121765137e-01
9.726865291595458984e-01
9.724978804588317871e-01
9.723035097122192383e-01
9.721056818962097168e-01
9.719066619873046875e-01
9.717079401016235352e-01
9.715105891227722168e-01
9.713142514228820801e-01
9.711177349090576172e-01
9.709185361862182617e-01
9.707140326499938965e-01
9.705016613006591797e-01
9.702789783477783203e-01
9.700446128845214844e-01
9.697974324226379395e-01
9.695376157760620117e-01
9.692651629447937012e-01
9.689804315567016602e-01
9.686836004257202148e-01
9.683743715286254883e-01
9.680522084236145020e-01
9.677159786224365234e-01
9.673646688461303711e-01
9.669970870018005371e-01
9.666120409965515137e-01
9.662085175514221191e-01
9.657858014106750488e-01
9.653433561325073242e-01
9.648804664611816406e-01
9.643963575363159180e-01
9.638898372650146484e-01
9.633591771125793457e-01
9.628019928932189941e-01
9.622150063514709473e-01
9.615944623947143555e-01
9.609356522560119629e-01
9.602339863777160645e-01
9.594851732254028320e-01
9.586858749389648438e-01
9.578360915184020996e-01
9.569396972656250000e-01
9.560062885284423828e-01
9.550498723983764648e-01
9.540826678276062012e-01
9.530984163284301758e-01
9.520448446273803711e-01
9.508097171783447266e-01
9.493064284324645996e-01
9.476764202117919922e-01
9.462034106254577637e-01
9.449265599250793457e-01
9.436588287353515625e-01
9.422398805618286133e-01
9.406394958496093750e-01
9.389372467994689941e-01
9.372500181198120117e-01
9.356635212898254395e-01
9.342048168182373047e-01
9.328541755676269531e-01
9.315682053565979004e-01
9.303007125854492188e-01
9.290122389793395996e-01
9.276763200759887695e-01
9.262799620628356934e-01
9.248234033584594727e-01
9.233174920082092285e-01
9.217810034751892090e-01
9.202360510826110840e-01
9.187049865722656250e-01
9.172068834304809570e-01
9.157559871673583984e-01
9.143611788749694824e-01
9.130265116691589355e-01
9.117528200149536133e-01
9.105380773544311523e-01
9.093792438507080078e-01
9.082719683647155762e-01
9.072113633155822754e-01
9.061922430992126465e-01
9.052080512046813965e-01
9.042514562606811523e-01
9.033140540122985840e-01
9.023860692977905273e-01
