1.490911748260259628e-02
1.509135216474533081e-02
1.527435425668954849e-02
1.545793190598487854e-02
1.564187742769718170e-02
1.582602225244045258e-02
1.601019874215126038e-02
1.619417034089565277e-02
1.637775823473930359e-02
1.656077615916728973e-02
1.674300804734230042e-02
1.692426390945911407e-02
1.710435003042221069e-02
1.728305779397487640e-02
1.746018975973129272e-02
1.763556525111198425e-02
1.780898123979568481e-02
1.798026822507381439e-02
1.814922317862510681e-02
1.831570453941822052e-02
1.847949996590614319e-02
1.864048838615417480e-02
1.879850216209888458e-02
1.895337924361228943e-02
1.910497434437274933e-02
1.925318874418735504e-02
1.939788274466991425e-02
1.953896693885326385e-02
1.967631466686725616e-02
1.980986073613166809e-02
1.993952691555023193e-02
2.006523683667182922e-02
2.018695697188377380e-02
2.030464820563793182e-02
2.041827328503131866e-02
2.052783221006393433e-02
2.063331753015518188e-02
2.073474414646625519e-02
2.083212509751319885e-02
2.092552185058593750e-02
2.101497724652290344e-02
2.110055088996887207e-02
2.118233032524585724e-02
2.126039005815982819e-02
2.133483253419399261e-02
2.140577323734760284e-02
2.147330902516841888e-02
2.153758704662322998e-02
2.159873954951763153e-02
2.165691927075386047e-02
2.171226777136325836e-02
2.176494523882865906e-02
2.181511558592319489e-02
2.186291292309761047e-02
2.190856449306011200e-02
2.195220068097114563e-02
2.199401147663593292e-02
2.203414216637611389e-02
2.207281067967414856e-02
2.211013063788414001e-02
2.214630879461765289e-02
2.218148857355117798e-02
2.221584506332874298e-02
2.224949933588504791e-02
2.228260599076747894e-02
2.231530472636222839e-02
2.234771102666854858e-02
2.237994596362113953e-02
2.241213247179985046e-02
2.244434878230094910e-02
2.247669361531734467e-02
2.250922098755836487e-02
2.254202030599117279e-02
2.257513999938964844e-02
2.260862104594707489e-02
2.264251187443733215e-02
2.267681621015071869e-02
2.271154336631298065e-02
2.274670824408531189e-02
2.278232201933860779e-02
2.281833998858928680e-02
2.285476401448249817e-02
2.289156429469585419e-02
2.292870171368122101e-02
2.296615019440650940e-02
2.300384268164634705e-02
2.304176054894924164e-02
2.307984419167041779e-02
2.311805076897144318e-02
2.315631322562694550e-02
2.319460734724998474e-02
2.323285676538944244e-02
2.327102795243263245e-02
2.330904826521873474e-02
2.334690280258655548e-02
2.338453009724617004e-02
2.342188917100429535e-02
2.345895394682884216e-02
2.349567413330078125e-02
2.353203110396862030e-02
2.356800250709056854e-02
2.360355854034423828e-02
2.363867498934268951e-02
2.367334812879562378e-02
2.370757050812244415e-02
2.374131791293621063e-02
2.377461828291416168e-02
2.380745857954025269e-02
2.383983694016933441e-02
2.387177199125289917e-02
2.390326745808124542e-02
2.393436618149280548e-02
2.396506071090698242e-02
2.399536967277526855e-02
2.402534522116184235e-02
2.405498921871185303e-02
2.408431842923164368e-02
2.411339059472084045e-02
2.414222992956638336e-02
2.417085319757461548e-02
2.419931255280971527e-02
2.422764338552951813e-02
2.425586618483066559e-02
2.428402192890644073e-02
2.431215532124042511e-02
2.434030175209045410e-02
2.436849661171436310e-02
2.439679577946662903e-02
2.442521229386329651e-02
2.445379085838794708e-02
2.448258362710475922e-02
2.451160922646522522e-02
2.454092912375926971e-02
2.457056008279323578e-02
2.460055425763130188e-02
2.463096007704734802e-02
2.466179803013801575e-02
2.469310350716114044e-02
2.472492866218090057e-02
2.475730516016483307e-02
2.479027025401592255e-02
2.482387050986289978e-02
2.485812827944755554e-02
2.489308640360832214e-02
2.492878772318363190e-02
2.496528066694736481e-02
2.500257827341556549e-02
2.504072897136211395e-02
2.507978491485118866e-02
2.511975727975368500e-02
