7.395864278078079224e-02
7.482001930475234985e-02
7.568878680467605591e-02
7.656409591436386108e-02
7.744494080543518066e-02
7.833038270473480225e-02
7.921938598155975342e-02
8.011092990636825562e-02
8.100391179323196411e-02
8.189723640680313110e-02
8.278980106115341187e-02
8.368045836687088013e-02
8.456805348396301270e-02
8.545142412185668945e-02
8.632945269346237183e-02
8.720092475414276123e-02
8.806472271680831909e-02
8.891967684030532837e-02
8.976463973522186279e-02
9.059862047433853149e-02
9.142044186592102051e-02
9.222911298274993896e-02
9.302362799644470215e-02
9.380301833152770996e-02
9.456638991832733154e-02
9.531296789646148682e-02
9.604188054800033569e-02
9.675249457359313965e-02
9.744405746459960938e-02
9.811610728502273560e-02
9.876809269189834595e-02
9.939963370561599731e-02
1.000103354454040527e-01
1.006000936031341553e-01
1.011686548590660095e-01
1.017160117626190186e-01
1.022421345114707947e-01
1.027471721172332764e-01
1.032313331961631775e-01
1.036949232220649719e-01
1.041382923722267151e-01
1.045619025826454163e-01
1.049662083387374878e-01
1.053519323468208313e-01
1.057196706533432007e-01
1.060701608657836914e-01
1.064041405916213989e-01
1.067225262522697449e-01
1.070261076092720032e-01
1.073157936334609985e-01
1.075925081968307495e-01
1.078571379184722900e-01
1.081106513738632202e-01
1.083540245890617371e-01
1.085881367325782776e-01
1.088139340281486511e-01
1.090323030948638916e-01
1.092440858483314514e-01
1.094501391053199768e-01
1.096512228250503540e-01
1.098480746150016785e-01
1.100414097309112549e-01
1.102318912744522095e-01
1.104201152920722961e-01
1.106065735220909119e-01
1.107917651534080505e-01
1.109761595726013184e-01
1.111600995063781738e-01
1.113439202308654785e-01
1.115279048681259155e-01
1.117122396826744080e-01
1.118971407413482666e-01
1.120827719569206238e-01
1.122692078351974487e-01
1.124564856290817261e-01
1.126447319984436035e-01
1.128338500857353210e-01
1.130238696932792664e-01
1.132148131728172302e-01
1.134065464138984680e-01
1.135990470647811890e-01
1.137922257184982300e-01
1.139859333634376526e-01
1.141801327466964722e-01
1.143747046589851379e-01
1.145695969462394714e-01
1.147646084427833557e-01
1.149597093462944031e-01
1.151547357439994812e-01
1.153495758771896362e-01
1.155441999435424805e-01
1.157384365797042847e-01
1.159322261810302734e-01
1.161254346370697021e-01
1.163179650902748108e-01
1.165098175406455994e-01
1.167007908225059509e-01
1.168909147381782532e-01
1.170800179243087769e-01
1.172681227326393127e-01
1.174551323056221008e-01
1.176409572362899780e-01
1.178256198763847351e-01
1.180089712142944336e-01
1.181910932064056396e-01
1.183718442916870117e-01
1.185512691736221313e-01
1.187292635440826416e-01
1.189059019088745117e-01
1.190811544656753540e-01
1.192548945546150208e-01
1.194272488355636597e-01
1.195981726050376892e-01
1.197677254676818848e-01
1.199358627200126648e-01
1.201025918126106262e-01
1.202679648995399475e-01
1.204320415854454041e-01
1.205948144197463989e-01
1.207563430070877075e-01
1.209166496992111206e-01
1.210758015513420105e-01
1.212339028716087341e-01
1.213909238576889038e-01
1.215470284223556519e-01
1.217022091150283813e-01
1.218565702438354492e-01
1.220102086663246155e-01
1.221631616353988647e-01
1.223155781626701355e-01
1.224675253033638000e-01
1.226190999150276184e-01
1.227704212069511414e-01
1.229215934872627258e-01
1.230726912617683411e-01
1.232239007949829102e-01
1.233753114938735962e-01
1.235270127654075623e-01
1.236791834235191345e-01
1.238319501280784607e-01
1.239853948354721069e-01
1.241397410631179810e-01
1.242950633168220520e-01
1.244515776634216309e-01
1.246094107627868652e-01
1.247687041759490967e-01
1.249296441674232483e-01
1.250923871994018555e-01
1.252570748329162598e-01
1.254239827394485474e-01
