1.016454062500000000e+05
1.028405625000000000e+05
1.040413828125000000e+05
1.052464062500000000e+05
1.064540234375000000e+05
1.076628515625000000e+05
1.088713750000000000e+05
1.100781250000000000e+05
1.112815625000000000e+05
1.124801796875000000e+05
1.136725937500000000e+05
1.148574375000000000e+05
1.160331796875000000e+05
1.171985234375000000e+05
1.183521015625000000e+05
1.194926250000000000e+05
1.206188750000000000e+05
1.217295937500000000e+05
1.228235781250000000e+05
1.238998203125000000e+05
1.249571093750000000e+05
1.259945468750000000e+05
1.270111328125000000e+05
1.280060703125000000e+05
1.289785078125000000e+05
1.299276875000000000e+05
1.308528125000000000e+05
1.317535312500000000e+05
1.326291718750000000e+05
1.334792500000000000e+05
1.343034218750000000e+05
1.351014062500000000e+05
1.358730000000000000e+05
1.366179531250000000e+05
1.373363750000000000e+05
1.380281250000000000e+05
1.386934531250000000e+05
1.393324375000000000e+05
1.399454218750000000e+05
1.405327031250000000e+05
1.410947812500000000e+05
1.416321250000000000e+05
1.421454062500000000e+05
1.426351093750000000e+05
1.431021093750000000e+05
1.435472656250000000e+05
1.439713750000000000e+05
1.443752343750000000e+05
1.447601406250000000e+05
1.451269687500000000e+05
1.454768593750000000e+05
1.458110156250000000e+05
1.461305156250000000e+05
1.464366250000000000e+05
1.467306406250000000e+05
1.470137500000000000e+05
1.472873125000000000e+05
1.475524531250000000e+05
1.478105312500000000e+05
1.480627343750000000e+05
1.483103593750000000e+05
1.485544843750000000e+05
1.487962656250000000e+05
1.490367812500000000e+05
1.492770937500000000e+05
1.495180625000000000e+05
1.497605156250000000e+05
1.500052656250000000e+05
1.502530468750000000e+05
1.505042656250000000e+05
1.507595781250000000e+05
1.510192031250000000e+05
1.512835000000000000e+05
1.515525468750000000e+05
1.518264218750000000e+05
1.521050156250000000e+05
1.523882500000000000e+05
1.526757343750000000e+05
1.529672812500000000e+05
1.532623593750000000e+05
1.535605156250000000e+05
1.538612031250000000e+05
1.541637968750000000e+05
1.544676562500000000e+05
1.547721406250000000e+05
1.550766250000000000e+05
1.553803281250000000e+05
1.556825781250000000e+05
1.559827343750000000e+05
1.562802187500000000e+05
1.565744062500000000e+05
1.568646093750000000e+05
1.571504218750000000e+05
1.574314843750000000e+05
1.577071718750000000e+05
1.579773281250000000e+05
1.582415625000000000e+05
1.584997187500000000e+05
1.587516718750000000e+05
1.589972656250000000e+05
1.592364687500000000e+05
1.594693593750000000e+05
1.596960312500000000e+05
1.599165625000000000e+05
1.601311875000000000e+05
1.603401875000000000e+05
1.605437187500000000e+05
1.607422968750000000e+05
1.609360468750000000e+05
1.611254843750000000e+05
1.613109218750000000e+05
1.614928750000000000e+05
1.616716718750000000e+05
1.618478437500000000e+05
1.620217968750000000e+05
1.621941406250000000e+05
1.623650625000000000e+05
1.625353281250000000e+05
1.627052343750000000e+05
1.628752656250000000e+05
1.630459062500000000e+05
1.632176406250000000e+05
1.633908906250000000e+05
1.635661250000000000e+05
1.637437031250000000e+05
1.639241093750000000e+05
1.641077187500000000e+05
1.642949687500000000e+05
1.644861875000000000e+05
1.646817968750000000e+05
1.648821562500000000e+05
1.650876250000000000e+05
1.652985625000000000e+05
1.655152812500000000e+05
1.657380937500000000e+05
1.659673125000000000e+05
1.662033125000000000e+05
1.664463437500000000e+05
1.666966718750000000e+05
1.669546562500000000e+05
1.672205468750000000e+05
1.674945468750000000e+05
1.677770468750000000e+05
1.680681562500000000e+05
1.683682968750000000e+05
1.686777031250000000e+05
1.689965000000000000e+05
1.693250156250000000e+05
1.696635625000000000e+05
1.700122343750000000e+05
