1.002998203125000000e+05
1.015283046875000000e+05
1.027615234375000000e+05
1.039982812500000000e+05
1.052373203125000000e+05
1.064775312500000000e+05
1.077175781250000000e+05
1.089560546875000000e+05
1.101918671875000000e+05
1.114235312500000000e+05
1.126497656250000000e+05
1.138691953125000000e+05
1.150803906250000000e+05
1.162821250000000000e+05
1.174729140625000000e+05
1.186515937500000000e+05
1.198166406250000000e+05
1.209669453125000000e+05
1.221010546875000000e+05
1.232177968750000000e+05
1.243160468750000000e+05
1.253945000000000000e+05
1.264520937500000000e+05
1.274878281250000000e+05
1.285006640625000000e+05
1.294896171875000000e+05
1.304539062500000000e+05
1.313927968750000000e+05
1.323054062500000000e+05
1.331913281250000000e+05
1.340499062500000000e+05
1.348808437500000000e+05
1.356836718750000000e+05
1.364582343750000000e+05
1.372043906250000000e+05
1.379220625000000000e+05
1.386114843750000000e+05
1.392727968750000000e+05
1.399062031250000000e+05
1.405122812500000000e+05
1.410913593750000000e+05
1.416442187500000000e+05
1.421715625000000000e+05
1.426740937500000000e+05
1.431527968750000000e+05
1.436086718750000000e+05
1.440426562500000000e+05
1.444560000000000000e+05
1.448499062500000000e+05
1.452254687500000000e+05
1.455841093750000000e+05
1.459270312500000000e+05
1.462556562500000000e+05
1.465712500000000000e+05
1.468751250000000000e+05
1.471686875000000000e+05
1.474531093750000000e+05
1.477297656250000000e+05
1.479997187500000000e+05
1.482642968750000000e+05
1.485244218750000000e+05
1.487812031250000000e+05
1.490355156250000000e+05
1.492883125000000000e+05
1.495401875000000000e+05
1.497919843750000000e+05
1.500441875000000000e+05
1.502972812500000000e+05
1.505516562500000000e+05
1.508076562500000000e+05
1.510655156250000000e+05
1.513253906250000000e+05
1.515872031250000000e+05
1.518510312500000000e+05
1.521168593750000000e+05
1.523844531250000000e+05
1.526537812500000000e+05
1.529244843750000000e+05
1.531964375000000000e+05
1.534692656250000000e+05
1.537427187500000000e+05
1.540164375000000000e+05
1.542903125000000000e+05
1.545637812500000000e+05
1.548365937500000000e+05
1.551085625000000000e+05
1.553793281250000000e+05
1.556486718750000000e+05
1.559161875000000000e+05
1.561818906250000000e+05
1.564453125000000000e+05
1.567064375000000000e+05
1.569651093750000000e+05
1.572210468750000000e+05
1.574742968750000000e+05
1.577246562500000000e+05
1.579720937500000000e+05
1.582164531250000000e+05
1.584579062500000000e+05
1.586963281250000000e+05
1.589317187500000000e+05
1.591641718750000000e+05
1.593936093750000000e+05
1.596201718750000000e+05
1.598439062500000000e+05
1.600648593750000000e+05
1.602832500000000000e+05
1.604990781250000000e+05
1.607124375000000000e+05
1.609235312500000000e+05
1.611324218750000000e+05
1.613392500000000000e+05
1.615442500000000000e+05
1.617474375000000000e+05
1.619490468750000000e+05
1.621492343750000000e+05
1.623481093750000000e+05
1.625459062500000000e+05
1.627427656250000000e+05
1.629388593750000000e+05
1.631343437500000000e+05
1.633294687500000000e+05
1.635243125000000000e+05
1.637190937500000000e+05
1.639140468750000000e+05
1.641093125000000000e+05
1.643050625000000000e+05
1.645015625000000000e+05
1.646988906250000000e+05
1.648972812500000000e+05
1.650970468750000000e+05
1.652982031250000000e+05
1.655010468750000000e+05
1.657057500000000000e+05
1.659124687500000000e+05
1.661214687500000000e+05
1.663329375000000000e+05
1.665470156250000000e+05
1.667640000000000000e+05
1.669840625000000000e+05
1.672073437500000000e+05
1.674341250000000000e+05
1.676646562500000000e+05
1.678990000000000000e+05
1.681374687500000000e+05
1.683802812500000000e+05
1.686276718750000000e+05
1.688798281250000000e+05
1.691369531250000000e+05
1.693992968750000000e+05
