1.000727578125000000e+05
1.012948828125000000e+05
1.025209843750000000e+05
1.037499296875000000e+05
1.049803906250000000e+05
1.062112343750000000e+05
1.074411328125000000e+05
1.086688671875000000e+05
1.098932187500000000e+05
1.111127968750000000e+05
1.123263515625000000e+05
1.135326328125000000e+05
1.147303359375000000e+05
1.159182031250000000e+05
1.170949531250000000e+05
1.182594687500000000e+05
1.194103906250000000e+05
1.205466640625000000e+05
1.216670625000000000e+05
1.227705546875000000e+05
1.238559843750000000e+05
1.249224140625000000e+05
1.259688046875000000e+05
1.269942812500000000e+05
1.279979609375000000e+05
1.289790312500000000e+05
1.299368359375000000e+05
1.308706718750000000e+05
1.317799375000000000e+05
1.326640781250000000e+05
1.335226562500000000e+05
1.343553750000000000e+05
1.351618437500000000e+05
1.359419062500000000e+05
1.366955000000000000e+05
1.374224843750000000e+05
1.381229375000000000e+05
1.387970156250000000e+05
1.394448437500000000e+05
1.400668437500000000e+05
1.406632812500000000e+05
1.412346718750000000e+05
1.417815000000000000e+05
1.423043281250000000e+05
1.428039375000000000e+05
1.432810000000000000e+05
1.437363750000000000e+05
1.441708593750000000e+05
1.445854062500000000e+05
1.449809531250000000e+05
1.453585468750000000e+05
1.457192031250000000e+05
1.460639843750000000e+05
1.463941093750000000e+05
1.467105468750000000e+05
1.470145156250000000e+05
1.473070781250000000e+05
1.475893906250000000e+05
1.478625937500000000e+05
1.481277187500000000e+05
1.483858593750000000e+05
1.486380625000000000e+05
1.488853125000000000e+05
1.491285312500000000e+05
1.493686093750000000e+05
1.496064062500000000e+05
1.498427343750000000e+05
1.500782656250000000e+05
1.503135468750000000e+05
1.505493125000000000e+05
1.507859531250000000e+05
1.510239375000000000e+05
1.512635625000000000e+05
1.515051562500000000e+05
1.517489218750000000e+05
1.519949375000000000e+05
1.522433281250000000e+05
1.524940937500000000e+05
1.527471875000000000e+05
1.530024062500000000e+05
1.532597500000000000e+05
1.535189687500000000e+05
1.537797656250000000e+05
1.540419218750000000e+05
1.543051093750000000e+05
1.545690937500000000e+05
1.548334531250000000e+05
1.550978750000000000e+05
1.553620625000000000e+05
1.556257031250000000e+05
1.558882968750000000e+05
1.561496875000000000e+05
1.564095312500000000e+05
1.566674843750000000e+05
1.569233281250000000e+05
1.571767343750000000e+05
1.574275937500000000e+05
1.576757187500000000e+05
1.579208281250000000e+05
1.581628593750000000e+05
1.584016093750000000e+05
1.586370625000000000e+05
1.588691562500000000e+05
1.590978750000000000e+05
1.593232031250000000e+05
1.595451093750000000e+05
1.597638125000000000e+05
1.599790937500000000e+05
1.601912656250000000e+05
1.604002968750000000e+05
1.606064062500000000e+05
1.608098125000000000e+05
1.610105312500000000e+05
1.612087500000000000e+05
1.614047343750000000e+05
1.615985625000000000e+05
1.617905625000000000e+05
1.619808593750000000e+05
1.621697343750000000e+05
1.623573750000000000e+05
1.625439687500000000e+05
1.627298906250000000e+05
1.629153125000000000e+05
1.631003906250000000e+05
1.632854843750000000e+05
1.634707812500000000e+05
1.636565625000000000e+05
1.638431093750000000e+05
1.640305312500000000e+05
1.642192343750000000e+05
1.644093750000000000e+05
1.646012343750000000e+05
1.647950781250000000e+05
1.649910625000000000e+05
1.651895781250000000e+05
1.653907656250000000e+05
1.655948281250000000e+05
1.658021875000000000e+05
1.660130000000000000e+05
1.662274531250000000e+05
1.664458281250000000e+05
1.666684375000000000e+05
1.668955156250000000e+05
1.671270937500000000e+05
1.673637656250000000e+05
1.676055781250000000e+05
1.678527500000000000e+05
1.681056250000000000e+05
1.683644062500000000e+05
1.686294531250000000e+05
