1.017200312500000000e+05
1.029166562500000000e+05
1.041112421875000000e+05
1.053029921875000000e+05
1.064911015625000000e+05
1.076748125000000000e+05
1.088532968750000000e+05
1.100257578125000000e+05
1.111914609375000000e+05
1.123495859375000000e+05
1.134993046875000000e+05
1.146398750000000000e+05
1.157706093750000000e+05
1.168906562500000000e+05
1.179993515625000000e+05
1.190958828125000000e+05
1.201796718750000000e+05
1.212499453125000000e+05
1.223060781250000000e+05
1.233474296875000000e+05
1.243734140625000000e+05
1.253833828125000000e+05
1.263766718750000000e+05
1.273529140625000000e+05
1.283113671875000000e+05
1.292517031250000000e+05
1.301733593750000000e+05
1.310758281250000000e+05
1.319587187500000000e+05
1.328215781250000000e+05
1.336639843750000000e+05
1.344854843750000000e+05
1.352857968750000000e+05
1.360646250000000000e+05
1.368215781250000000e+05
1.375563750000000000e+05
1.382687656250000000e+05
1.389584687500000000e+05
1.396253281250000000e+05
1.402690468750000000e+05
1.408895000000000000e+05
1.414865156250000000e+05
1.420598750000000000e+05
1.426095781250000000e+05
1.431354531250000000e+05
1.436374843750000000e+05
1.441155781250000000e+05
1.445695468750000000e+05
1.449995781250000000e+05
1.454055156250000000e+05
1.457872968750000000e+05
1.461450468750000000e+05
1.464788281250000000e+05
1.467885312500000000e+05
1.470743281250000000e+05
1.473363125000000000e+05
1.475746406250000000e+05
1.477894843750000000e+05
1.479812187500000000e+05
1.481501875000000000e+05
1.482969531250000000e+05
1.484223750000000000e+05
1.485272968750000000e+05
1.486131875000000000e+05
1.486818125000000000e+05
1.487353281250000000e+05
1.487768125000000000e+05
1.488095312500000000e+05
1.488383281250000000e+05
1.488681875000000000e+05
1.489055000000000000e+05
1.489573125000000000e+05
1.490313906250000000e+05
1.491361250000000000e+05
1.492798125000000000e+05
1.494703593750000000e+05
1.497147031250000000e+05
1.500179687500000000e+05
1.503829531250000000e+05
1.508096718750000000e+05
1.512950937500000000e+05
1.518329843750000000e+05
1.524146093750000000e+05
1.530290625000000000e+05
1.536640468750000000e+05
1.543070156250000000e+05
1.549457968750000000e+05
1.555694531250000000e+05
1.561686718750000000e+05
1.567361250000000000e+05
1.572664843750000000e+05
1.577565312500000000e+05
1.582048281250000000e+05
1.586112343750000000e+05
1.589769218750000000e+05
1.593040937500000000e+05
1.595953125000000000e+05
1.598538125000000000e+05
1.600828437500000000e+05
1.602857343750000000e+05
1.604658125000000000e+05
1.606262187500000000e+05
1.607700156250000000e+05
1.608999531250000000e+05
1.610186093750000000e+05
1.611283437500000000e+05
1.612312968750000000e+05
1.613293750000000000e+05
1.614242812500000000e+05
1.615176562500000000e+05
1.616109062500000000e+05
1.617051718750000000e+05
1.618017187500000000e+05
1.619015156250000000e+05
1.620054062500000000e+05
1.621143281250000000e+05
1.622290468750000000e+05
1.623501562500000000e+05
1.624783125000000000e+05
1.626141406250000000e+05
1.627581718750000000e+05
1.629107812500000000e+05
1.630724687500000000e+05
1.632438281250000000e+05
1.634250000000000000e+05
1.636165468750000000e+05
1.638187187500000000e+05
1.640319218750000000e+05
1.642564218750000000e+05
1.644925468750000000e+05
1.647405781250000000e+05
1.650008593750000000e+05
1.652736406250000000e+05
1.655591093750000000e+05
1.658576562500000000e+05
1.661695468750000000e+05
1.664949218750000000e+05
1.668340625000000000e+05
1.671873750000000000e+05
1.675549062500000000e+05
1.679369218750000000e+05
1.683338281250000000e+05
1.687457500000000000e+05
1.691729062500000000e+05
1.696156875000000000e+05
1.700741093750000000e+05
1.705486250000000000e+05
1.710393593750000000e+05
1.715467031250000000e+05
1.720707500000000000e+05
