1.000755703125000000e+05
1.013192890625000000e+05
1.025671250000000000e+05
1.038174921875000000e+05
1.050690546875000000e+05
1.063201484375000000e+05
1.075693359375000000e+05
1.088152578125000000e+05
1.100564062500000000e+05
1.112912031250000000e+05
1.125183828125000000e+05
1.137363750000000000e+05
1.149438046875000000e+05
1.161393750000000000e+05
1.173216640625000000e+05
1.184895468750000000e+05
1.196415937500000000e+05
1.207767265625000000e+05
1.218937421875000000e+05
1.229915859375000000e+05
1.240691796875000000e+05
1.251255546875000000e+05
1.261597578125000000e+05
1.271709140625000000e+05
1.281583984375000000e+05
1.291213281250000000e+05
1.300590312500000000e+05
1.309709296875000000e+05
1.318567031250000000e+05
1.327158281250000000e+05
1.335479218750000000e+05
1.343527031250000000e+05
1.351300781250000000e+05
1.358799062500000000e+05
1.366022656250000000e+05
1.372970937500000000e+05
1.379646875000000000e+05
1.386051562500000000e+05
1.392189062500000000e+05
1.398063906250000000e+05
1.403680625000000000e+05
1.409045156250000000e+05
1.414164218750000000e+05
1.419045156250000000e+05
1.423696718750000000e+05
1.428127812500000000e+05
1.432348437500000000e+05
1.436367812500000000e+05
1.440197968750000000e+05
1.443850781250000000e+05
1.447337656250000000e+05
1.450671875000000000e+05
1.453865781250000000e+05
1.456933125000000000e+05
1.459887343750000000e+05
1.462742187500000000e+05
1.465511406250000000e+05
1.468208125000000000e+05
1.470846875000000000e+05
1.473439843750000000e+05
1.476000468750000000e+05
1.478540781250000000e+05
1.481073281250000000e+05
1.483608437500000000e+05
1.486156718750000000e+05
1.488728125000000000e+05
1.491330000000000000e+05
1.493970156250000000e+05
1.496654687500000000e+05
1.499389062500000000e+05
1.502175781250000000e+05
1.505018593750000000e+05
1.507918281250000000e+05
1.510874843750000000e+05
1.513887031250000000e+05
1.516952187500000000e+05
1.520068125000000000e+05
1.523229375000000000e+05
1.526430156250000000e+05
1.529664375000000000e+05
1.532926093750000000e+05
1.536207968750000000e+05
1.539500937500000000e+05
1.542797968750000000e+05
1.546090156250000000e+05
1.549369843750000000e+05
1.552628593750000000e+05
1.555859218750000000e+05
1.559052968750000000e+05
1.562203906250000000e+05
1.565305937500000000e+05
1.568352500000000000e+05
1.571338437500000000e+05
1.574259218750000000e+05
1.577111250000000000e+05
1.579892187500000000e+05
1.582598906250000000e+05
1.585230781250000000e+05
1.587787187500000000e+05
1.590267812500000000e+05
1.592673281250000000e+05
1.595004843750000000e+05
1.597264687500000000e+05
1.599455781250000000e+05
1.601581406250000000e+05
1.603643125000000000e+05
1.605647187500000000e+05
1.607595781250000000e+05
1.609494375000000000e+05
1.611347343750000000e+05
1.613160312500000000e+05
1.614936875000000000e+05
1.616683437500000000e+05
1.618404375000000000e+05
1.620106093750000000e+05
1.621792187500000000e+05
1.623469531250000000e+05
1.625142343750000000e+05
1.626815156250000000e+05
1.628494531250000000e+05
1.630183906250000000e+05
1.631889531250000000e+05
1.633614843750000000e+05
1.635365312500000000e+05
1.637144843750000000e+05
1.638957812500000000e+05
1.640808750000000000e+05
1.642701093750000000e+05
1.644639531250000000e+05
1.646626875000000000e+05
1.648667343750000000e+05
1.650764531250000000e+05
1.652922343750000000e+05
1.655142812500000000e+05
1.657429687500000000e+05
1.659786093750000000e+05
1.662215468750000000e+05
1.664720468750000000e+05
1.667302968750000000e+05
1.669967031250000000e+05
1.672714687500000000e+05
1.675548906250000000e+05
1.678471718750000000e+05
1.681486406250000000e+05
1.684594843750000000e+05
1.687800000000000000e+05
1.691103437500000000e+05
1.694508593750000000e+05
1.698017187500000000e+05
1.701632031250000000e+05
