1.091866477371383080e+05
9.357457758850483515e+04
1.011069025677734171e+05
1.024172141485387692e+05
1.077047124147241702e+05
1.078551237773221801e+05
1.152703912866476894e+05
9.727671405045423307e+04
1.055162828316575469e+05
1.085140738018803531e+05
1.174053580240235460e+05
1.183326834571313666e+05
1.140543571820517100e+05
1.186968135611913895e+05
1.193385733428756648e+05
1.169024272055287147e+05
1.218236884685638070e+05
1.186309231676344352e+05
1.337585989844958531e+05
1.313315795929571323e+05
1.246891465245243890e+05
1.301333013387020765e+05
1.389943944198426034e+05
1.281143768131800316e+05
1.246034536183586315e+05
1.322584994871240342e+05
1.382444636337401753e+05
1.249803298733610281e+05
1.322988918316708005e+05
1.305736041198839375e+05
1.354454653798860672e+05
1.272325710061062855e+05
1.298664468088354479e+05
1.506845045421028335e+05
1.340172501077417692e+05
1.341982106668361521e+05
1.423952077406503959e+05
1.331736537011141190e+05
1.429551671491814777e+05
1.457217314391263353e+05
1.443618716355848010e+05
1.372803642993258836e+05
1.371363161153650435e+05
1.506479173310264305e+05
1.435694174052503367e+05
1.496782109094977786e+05
1.469686433333641326e+05
1.413688759012534865e+05
1.445764887308224279e+05
1.392328049292433425e+05
1.450927809153530106e+05
1.400647007192633173e+05
1.523180239057813305e+05
1.503183292676554411e+05
1.540114868084190530e+05
1.529333739469945431e+05
1.458446072512576357e+05
1.438905193882750755e+05
1.450932031494097610e+05
1.554197949796362373e+05
1.516487394692818925e+05
1.499917615599738783e+05
1.549823307512035244e+05
1.438631097682173131e+05
1.487015101010090439e+05
1.572190417081437772e+05
1.419145959676547209e+05
1.454117236287188134e+05
1.577945913923215121e+05
1.506790683136886510e+05
1.387487072276039689e+05
1.465585361330490268e+05
1.605617386237428000e+05
1.547101841728422442e+05
1.534000951607649622e+05
1.499993286067628651e+05
1.506636435603197315e+05
1.539367630871155125e+05
1.466844524997643020e+05
1.652023540514433116e+05
1.569019874127055809e+05
1.531480256848086428e+05
1.496490797381964221e+05
1.496870955607267388e+05
1.666085323797627643e+05
1.555767757831109047e+05
1.649293815743783198e+05
1.472439802443868830e+05
1.518740417531398125e+05
1.590782410196392739e+05
1.569365157881844207e+05
1.773953110317077371e+05
1.556455130926125566e+05
1.615622806008980551e+05
1.554599157756937493e+05
1.582086085318429396e+05
1.542151979499744193e+05
1.651002778336890624e+05
1.575151516211462149e+05
1.607544253046707308e+05
1.636085283616550732e+05
1.615779402177882439e+05
1.609165211020772986e+05
1.593178414643731085e+05
1.671019342469612020e+05
1.627685961935256200e+05
1.624095214067910274e+05
1.611255373310795985e+05
1.567984631450827001e+05
1.576012161655999953e+05
1.774151028935981740e+05
1.661498680438252049e+05
1.561950069798574550e+05
1.557046714963738050e+05
1.557771263197001244e+05
1.570911768383019953e+05
1.548753402006294054e+05
1.648092711787910666e+05
1.543174384892434755e+05
1.596576818712934910e+05
1.609370651910302404e+05
1.605074653025527368e+05
1.635895338492699666e+05
1.653295906022832787e+05
1.657866300603913842e+05
1.711340862472878944e+05
1.715560592739513086e+05
1.694430626172635239e+05
1.571007418117237103e+05
1.571778146119041776e+05
1.671166750519553607e+05
1.675792963269493193e+05
1.639040168318309297e+05
1.683901702825335087e+05
1.648540218582937669e+05
1.546521625655719545e+05
1.667315862378297315e+05
1.693135292070145661e+05
1.766159175787598942e+05
1.778979757940109412e+05
1.659560747715087200e+05
1.713742550164058630e+05
1.680478311220611504e+05
1.708693828841446375e+05
1.621579948532195413e+05
1.600208482544566796e+05
1.709489207751174108e+05
1.703467790773628512e+05
1.580328827580040379e+05
1.709933084168282221e+05
