1.005973515625000000e+05
1.018138359375000000e+05
1.030354296875000000e+05
1.042610078125000000e+05
1.054893203125000000e+05
1.067190781250000000e+05
1.079490937500000000e+05
1.091781093750000000e+05
1.104046875000000000e+05
1.116275937500000000e+05
1.128454140625000000e+05
1.140568515625000000e+05
1.152605625000000000e+05
1.164551562500000000e+05
1.176392968750000000e+05
1.188117031250000000e+05
1.199709687500000000e+05
1.211156953125000000e+05
1.222449218750000000e+05
1.233571250000000000e+05
1.244511718750000000e+05
1.255258359375000000e+05
1.265801718750000000e+05
1.276129765625000000e+05
1.286232343750000000e+05
1.296100078125000000e+05
1.305725546875000000e+05
1.315098437500000000e+05
1.324214062500000000e+05
1.333063906250000000e+05
1.341643125000000000e+05
1.349948281250000000e+05
1.357973750000000000e+05
1.365718281250000000e+05
1.373179687500000000e+05
1.380357343750000000e+05
1.387251718750000000e+05
1.393864218750000000e+05
1.400197968750000000e+05
1.406255156250000000e+05
1.412041718750000000e+05
1.417563906250000000e+05
1.422825625000000000e+05
1.427837812500000000e+05
1.432606562500000000e+05
1.437142656250000000e+05
1.441455937500000000e+05
1.445558125000000000e+05
1.449458593750000000e+05
1.453171875000000000e+05
1.456710000000000000e+05
1.460085625000000000e+05
1.463313125000000000e+05
1.466404531250000000e+05
1.469374687500000000e+05
1.472236875000000000e+05
1.475003750000000000e+05
1.477689843750000000e+05
1.480306250000000000e+05
1.482866718750000000e+05
1.485381718750000000e+05
1.487862968750000000e+05
1.490320156250000000e+05
1.492763593750000000e+05
1.495201250000000000e+05
1.497640156250000000e+05
1.500088125000000000e+05
1.502549843750000000e+05
1.505030468750000000e+05
1.507533281250000000e+05
1.510061250000000000e+05
1.512616875000000000e+05
1.515200312500000000e+05
1.517811718750000000e+05
1.520450937500000000e+05
1.523116718750000000e+05
1.525807187500000000e+05
1.528519375000000000e+05
1.531252031250000000e+05
1.534000625000000000e+05
1.536762500000000000e+05
1.539533906250000000e+05
1.542311093750000000e+05
1.545090468750000000e+05
1.547868593750000000e+05
1.550641562500000000e+05
1.553405468750000000e+05
1.556157343750000000e+05
1.558894218750000000e+05
1.561613750000000000e+05
1.564311875000000000e+05
1.566987812500000000e+05
1.569638437500000000e+05
1.572262343750000000e+05
1.574857500000000000e+05
1.577423906250000000e+05
1.579959531250000000e+05
1.582463281250000000e+05
1.584936250000000000e+05
1.587376562500000000e+05
1.589785156250000000e+05
1.592162031250000000e+05
1.594507812500000000e+05
1.596823437500000000e+05
1.599108437500000000e+05
1.601364531250000000e+05
1.603592343750000000e+05
1.605793750000000000e+05
1.607969218750000000e+05
1.610119843750000000e+05
1.612247812500000000e+05
1.614355156250000000e+05
1.616441875000000000e+05
1.618510781250000000e+05
1.620562812500000000e+05
1.622600000000000000e+05
1.624624062500000000e+05
1.626636875000000000e+05
1.628640000000000000e+05
1.630635156250000000e+05
1.632624531250000000e+05
1.634609687500000000e+05
1.636592656250000000e+05
1.638575625000000000e+05
1.640559843750000000e+05
1.642547500000000000e+05
1.644541250000000000e+05
1.646542031250000000e+05
1.648551718750000000e+05
1.650573593750000000e+05
1.652607500000000000e+05
1.654657500000000000e+05
1.656725000000000000e+05
1.658811406250000000e+05
1.660919062500000000e+05
1.663049687500000000e+05
1.665205937500000000e+05
1.667389687500000000e+05
1.669602812500000000e+05
1.671847187500000000e+05
1.674125468750000000e+05
1.676439375000000000e+05
1.678791562500000000e+05
1.681183281250000000e+05
1.683617656250000000e+05
1.686095937500000000e+05
1.688621562500000000e+05
1.691196093750000000e+05
1.693821250000000000e+05
1.696500156250000000e+05
