1.029200772077241854e+05
9.864524415059846069e+04
1.024674258830315084e+05
1.036685880182795227e+05
1.063382812472928490e+05
1.071877069459053018e+05
1.105330605211426300e+05
1.054072343390229071e+05
1.087914031411942415e+05
1.102327992079679243e+05
1.136612312984613382e+05
1.150282241333370184e+05
1.144783047401603690e+05
1.172273358385575993e+05
1.183149492693466309e+05
1.184449501604554825e+05
1.205434055977130629e+05
1.200073492780015804e+05
1.261496157498895191e+05
1.262997018083319272e+05
1.250417724022683833e+05
1.276473497071844758e+05
1.315436672093421512e+05
1.286130525533869513e+05
1.279333066419484967e+05
1.311000338811271940e+05
1.336315950621142692e+05
1.300094373877734324e+05
1.328053737200839678e+05
1.331285892247295124e+05
1.350861799529103737e+05
1.325585322918173042e+05
1.340553577478074876e+05
1.413999393228005501e+05
1.364474627788983926e+05
1.368483959732362127e+05
1.401598604323158797e+05
1.372921876925352262e+05
1.407860977415960806e+05
1.421139295296681812e+05
1.420116853936623957e+05
1.401615679508665344e+05
1.403417584313219122e+05
1.453010053010310803e+05
1.432192794401491119e+05
1.454739757499435218e+05
1.447395378923022945e+05
1.433034871519763547e+05
1.447463645488939655e+05
1.432492104967178602e+05
1.456732828389781062e+05
1.441720271048372961e+05
1.484153448917290079e+05
1.480944234689203731e+05
1.496031789427075710e+05
1.495533841444135760e+05
1.474361921669318981e+05
1.470005973284709326e+05
1.475620276260237151e+05
1.511054161723595753e+05
1.500033349396129488e+05
1.495700416105413169e+05
1.514254693819561508e+05
1.478476164917204296e+05
1.496332273841188580e+05
1.525851384595443669e+05
1.476202847097488120e+05
1.490222756539940601e+05
1.533945623325585912e+05
1.512373274326112878e+05
1.474114269417766191e+05
1.501950454235422076e+05
1.549734153538713290e+05
1.530919302357613342e+05
1.528520594206679671e+05
1.518861503932141350e+05
1.523128874797130120e+05
1.535601388650677400e+05
1.513031614015897503e+05
1.575763264291239029e+05
1.549431152089077223e+05
1.538633900935215934e+05
1.529021226034835854e+05
1.530912927378848544e+05
1.588792743756847922e+05
1.553850676703743229e+05
1.585928328179676901e+05
1.528099039400139300e+05
1.545978451386924717e+05
1.571356286990206572e+05
1.566028722302808019e+05
1.636933726078054460e+05
1.565172798728193738e+05
1.585875582800503471e+05
1.567145022413540282e+05
1.577800514917633845e+05
1.566552434622427099e+05
1.604316306476768223e+05
1.580275951577982341e+05
1.592117205532410881e+05
1.602668958342198748e+05
1.597429344820257684e+05
1.596737250365549698e+05
1.593792498052550654e+05
1.621356634778527368e+05
1.608257319377491367e+05
1.608190025302972062e+05
1.604611002721921541e+05
1.591318648470046173e+05
1.595705825876731251e+05
1.663950082013322099e+05
1.627671947635580436e+05
1.596202865757459658e+05
1.595714584299108537e+05
1.596749829263934807e+05
1.602697516925647797e+05
1.596766730814610492e+05
1.632147647304639104e+05
1.598959611061171745e+05
1.622106517339213169e+05
1.627261228006627643e+05
1.626538674362743332e+05
1.637882371058353165e+05
1.645059901591719827e+05
1.648339292952853721e+05
1.668536920671521220e+05
1.671166700377471279e+05
1.665049868267952406e+05
1.624620246340826270e+05
1.626260447016403195e+05
1.660829567338282068e+05
1.663885909578955907e+05
1.652935504431194277e+05
1.669255536169523839e+05
1.658235918016206997e+05
1.624905475820578577e+05
1.665968509653756046e+05
1.675636866616098268e+05
1.701584025413919881e+05
1.706835062327259220e+05
1.668276683002859645e+05
1.687051673412390519e+05
1.676437424746775650e+05
1.686628705816938600e+05
1.658674743062822381e+05
1.652700043095513538e+05
1.689993161312635930e+05
1.689004100940810167e+05
1.648515991349139076e+05
1.692014133880620066e+05
