1.185648209623805451e+05
8.595706329265354725e+04
9.906556100674223853e+04
1.005401525867505698e+05
1.097538651956470421e+05
1.088546049326914945e+05
1.223637625202282507e+05
8.504983176700632612e+04
1.005960411686751613e+05
1.059348904026491655e+05
1.230129257268678921e+05
1.232833711382498150e+05
1.134178131598104956e+05
1.209010035111703910e+05
1.208724736532431561e+05
1.145849456724191841e+05
1.237430798049622535e+05
1.165633226354364306e+05
1.451525312766655406e+05
1.388683522703917115e+05
1.241573715312413115e+05
1.338562834311619808e+05
1.501418594517052697e+05
1.273663037552968599e+05
1.196057506121666956e+05
1.339945691663238104e+05
1.451431787541029917e+05
1.174258429727140174e+05
1.315386406860095449e+05
1.267385730591873144e+05
1.359838308815363853e+05
1.192285420412981039e+05
1.235761827677670080e+05
1.645732424095052702e+05
1.303637546906780481e+05
1.302134085802557383e+05
1.457405485328350915e+05
1.269878517323368287e+05
1.462040001902725489e+05
1.511222622220843332e+05
1.478799322255498846e+05
1.329554311114224547e+05
1.323172641739578394e+05
1.586492042774824658e+05
1.440945013703963778e+05
1.559770908527310821e+05
1.503036900291332859e+05
1.384668353634380910e+05
1.443199690205611405e+05
1.331954987315346953e+05
1.442197322815541702e+05
1.338949218094341049e+05
1.581623456605333195e+05
1.536477052987874486e+05
1.605966008422632585e+05
1.579881981638525904e+05
1.434556095788221282e+05
1.392190172547150578e+05
1.413879420302147919e+05
1.618752442649936711e+05
1.541168462438181450e+05
1.506242868586618279e+05
1.603036368437328201e+05
1.378661147526901914e+05
1.473034674298289174e+05
1.641630478108662937e+05
1.333389758589436242e+05
1.399823917589364282e+05
1.643879277531500848e+05
1.498416247575111047e+05
1.257061175458916550e+05
1.410907737429126573e+05
1.689042267453084933e+05
1.571250622704818088e+05
1.542221229578692873e+05
1.471620150561332121e+05
1.481832942421281768e+05
1.545016407833371486e+05
1.397425775219954667e+05
1.765942210181964911e+05
1.598323927984157344e+05
1.520733759299688390e+05
1.447661754636175756e+05
1.445616437786753522e+05
1.781373581493860111e+05
1.558554294603209710e+05
1.743802226867978752e+05
1.388688699297564162e+05
1.477823624806357839e+05
1.619892188684778521e+05
1.574334476780851837e+05
1.977661671138973034e+05
1.543346648138299643e+05
1.660117318752734282e+05
1.535730438725469576e+05
1.588487060631811037e+05
1.505480464938452351e+05
1.720810505921340082e+05
1.567451065043966810e+05
1.630651316223622125e+05
1.686187882983827149e+05
1.643212244621110731e+05
1.627787905606985732e+05
1.592247998980717966e+05
1.745337472336738429e+05
1.656717047753657971e+05
1.647920299129280320e+05
1.621204562669267470e+05
1.532978313851811981e+05
1.546417467363116739e+05
1.937869073799219332e+05
1.712189586572045228e+05
1.510481759118858899e+05
1.498732962548483920e+05
1.499234815769678680e+05
1.523199065758526849e+05
1.476563221451368299e+05
1.672001789799945545e+05
1.459275902231791988e+05
1.558198605293640867e+05
1.582488979568467475e+05
1.572844731203232950e+05
1.632816582330938254e+05
1.665646460040318489e+05
1.672150140054128133e+05
1.775336174373103713e+05
1.781768502945376677e+05
1.738336833323346800e+05
1.490359173327301687e+05
1.489849019785151177e+05
1.686659399860111298e+05
1.693627698804942775e+05
1.618178090072284103e+05
1.705802261607359687e+05
1.633956705816404428e+05
1.428581663836036169e+05
1.669201009120410308e+05
1.719382356643057428e+05
1.862418599571929080e+05
1.886752608464535733e+05
1.646486011447215278e+05
1.753732512570684776e+05
1.686498161150824162e+05
1.741771793168332661e+05
1.565807811179309501e+05
1.521249204693858046e+05
1.738733047090720502e+05
1.725162250304695044e+05
1.477689632754031918e+05
1.736807710969520849e+05
