1.013517528401416930e+05
9.991188589051079180e+04
1.028075101251026499e+05
1.039814314246149588e+05
1.059966323183760833e+05
1.070207218947338988e+05
1.093477237409272784e+05
1.074370014288219245e+05
1.096095153847378824e+05
1.106623885686902941e+05
1.127245089454164845e+05
1.142016230860366195e+05
1.145842420326263673e+05
1.168599640953124472e+05
1.180589187998514826e+05
1.188302575499353843e+05
1.202232498493171734e+05
1.203511985176274029e+05
1.242457445323746215e+05
1.250408256695738091e+05
1.251296781140049425e+05
1.270253834176224191e+05
1.296786681333912275e+05
1.287377166307666484e+05
1.287655284003690031e+05
1.308102844804520864e+05
1.324767532435076137e+05
1.312658003191089374e+05
1.329319495061693597e+05
1.337671222207302344e+05
1.349963125268632139e+05
1.338887312378017523e+05
1.351020087475639593e+05
1.390756491332437727e+05
1.370543011762067326e+05
1.375101072059438447e+05
1.396004089807123819e+05
1.383211477840906009e+05
1.402434422840290063e+05
1.412110753291429428e+05
1.414235576370306080e+05
1.408816086031811137e+05
1.411421718736328767e+05
1.439627250437224575e+05
1.431317345217735856e+05
1.444222943459828093e+05
1.441815731065299187e+05
1.437871299355757365e+05
1.447886861552437476e+05
1.442522193199944450e+05
1.458182104206775257e+05
1.451981189076003793e+05
1.474388783517422853e+05
1.475379222008010256e+05
1.484989508793682617e+05
1.487071756581802911e+05
1.478339619332434086e+05
1.477775768679637404e+05
1.481790660511967144e+05
1.500255153122399643e+05
1.495919838054812280e+05
1.494646070059726189e+05
1.505351272939122282e+05
1.488419569651419297e+05
1.498661177425011701e+05
1.514260844178908155e+05
1.490452666873465641e+05
1.499237446913466265e+05
1.522939904698471073e+05
1.513768876567968691e+05
1.495728925089655386e+05
1.511030516495007323e+05
1.535731876473240845e+05
1.526863864289771882e+05
1.527150483040512481e+05
1.523572423828366154e+05
1.527246362686254724e+05
1.534659779212404101e+05
1.524566672731236031e+05
1.556660207692199911e+05
1.544527618950099859e+05
1.540421035319364455e+05
1.537151079596325289e+05
1.539406490030944406e+05
1.569418369328753033e+05
1.553364488870376663e+05
1.570044742136775458e+05
1.541991120582971198e+05
1.552782903300659673e+05
1.566497327105018776e+05
1.565191786221746006e+05
1.602537174592884840e+05
1.567349467332096829e+05
1.578428603107281961e+05
1.570277177561440330e+05
1.576726914777912898e+05
1.572646492769152392e+05
1.592626758283413947e+05
1.581555886629877787e+05
1.588257700146486459e+05
1.594313014844280260e+05
1.592834448237229080e+05
1.593628675617044210e+05
1.593945263325004780e+05
1.608926500598753046e+05
1.603391244853593817e+05
1.604211045892748225e+05
1.602948491547853628e+05
1.597151721781689557e+05
1.600624616973109369e+05
1.636278587151542306e+05
1.619211145240382466e+05
1.604758530050911359e+05
1.605353494047581917e+05
1.606488775076986058e+05
1.610641143476152793e+05
1.608755606884896115e+05
1.628160667591028905e+05
1.612887163997639145e+05
1.628481783760104736e+05
1.631729974586234312e+05
1.631901835088187945e+05
1.638371526652373723e+05
1.643000612693872827e+05
1.645956986583642138e+05
1.657818903805912123e+05
1.660038163037054474e+05
1.657691477510826662e+05
1.638003907454292348e+05
1.639863611759991909e+05
1.658244187114209635e+05
1.660907026794725971e+05
1.656407735321309301e+05
1.665588457440916682e+05
1.660656411132783396e+05
1.644470774264678184e+05
1.665621192184151441e+05
1.671262211336124747e+05
1.685392719351139967e+05
1.688762749290275387e+05
1.670455597932248784e+05
1.680375105072104780e+05
1.675423874086649448e+05
1.681110773374691198e+05
1.667937380102984025e+05
1.665804034360487422e+05
1.685119129964666499e+05
1.685388086103965761e+05
1.665532130692251376e+05
1.687534074834944913e+05
