1.016088125000000000e+05
1.027935781250000000e+05
1.039763750000000000e+05
1.051566406250000000e+05
1.063335156250000000e+05
1.075061875000000000e+05
1.086739062500000000e+05
1.098359296875000000e+05
1.109914453125000000e+05
1.121397187500000000e+05
1.132799453125000000e+05
1.144114062500000000e+05
1.155333437500000000e+05
1.166450859375000000e+05
1.177458125000000000e+05
1.188349296875000000e+05
1.199117031250000000e+05
1.209754296875000000e+05
1.220255937500000000e+05
1.230613984375000000e+05
1.240823750000000000e+05
1.250878593750000000e+05
1.260773984375000000e+05
1.270503437500000000e+05
1.280061640625000000e+05
1.289443906250000000e+05
1.298646250000000000e+05
1.307662109375000000e+05
1.316488593750000000e+05
1.325120000000000000e+05
1.333554375000000000e+05
1.341785937500000000e+05
1.349811562500000000e+05
1.357628281250000000e+05
1.365231250000000000e+05
1.372619375000000000e+05
1.379788437500000000e+05
1.386736875000000000e+05
1.393461093750000000e+05
1.399959218750000000e+05
1.406229531250000000e+05
1.412270468750000000e+05
1.418079218750000000e+05
1.423654687500000000e+05
1.428996718750000000e+05
1.434102343750000000e+05
1.438971875000000000e+05
1.443603906250000000e+05
1.447998281250000000e+05
1.452154687500000000e+05
1.456072187500000000e+05
1.459750937500000000e+05
1.463192343750000000e+05
1.466395625000000000e+05
1.469363593750000000e+05
1.472097187500000000e+05
1.474600781250000000e+05
1.476876250000000000e+05
1.478931406250000000e+05
1.480773281250000000e+05
1.482412187500000000e+05
1.483860468750000000e+05
1.485135781250000000e+05
1.486260156250000000e+05
1.487260156250000000e+05
1.488169843750000000e+05
1.489029218750000000e+05
1.489886562500000000e+05
1.490797812500000000e+05
1.491825625000000000e+05
1.493038750000000000e+05
1.494510156250000000e+05
1.496313281250000000e+05
1.498518906250000000e+05
1.501188125000000000e+05
1.504370312500000000e+05
1.508095781250000000e+05
1.512370625000000000e+05
1.517178906250000000e+05
1.522476718750000000e+05
1.528196875000000000e+05
1.534250625000000000e+05
1.540538593750000000e+05
1.546951718750000000e+05
1.553380312500000000e+05
1.559724062500000000e+05
1.565891250000000000e+05
1.571806875000000000e+05
1.577410312500000000e+05
1.582662968750000000e+05
1.587537500000000000e+05
1.592023281250000000e+05
1.596122343750000000e+05
1.599845781250000000e+05
1.603211718750000000e+05
1.606245625000000000e+05
1.608973437500000000e+05
1.611424843750000000e+05
1.613630937500000000e+05
1.615620156250000000e+05
1.617420468750000000e+05
1.619060000000000000e+05
1.620563906250000000e+05
1.621956406250000000e+05
1.623258437500000000e+05
1.624490781250000000e+05
1.625670312500000000e+05
1.626814843750000000e+05
1.627938437500000000e+05
1.629054843750000000e+05
1.630175625000000000e+05
1.631312812500000000e+05
1.632475781250000000e+05
1.633673593750000000e+05
1.634914218750000000e+05
1.636206093750000000e+05
1.637555625000000000e+05
1.638968281250000000e+05
1.640451250000000000e+05
1.642008750000000000e+05
1.643646718750000000e+05
1.645369062500000000e+05
1.647180781250000000e+05
1.649085156250000000e+05
1.651086093750000000e+05
1.653187968750000000e+05
1.655394062500000000e+05
1.657707343750000000e+05
1.660130937500000000e+05
1.662668281250000000e+05
1.665322343750000000e+05
1.668095156250000000e+05
1.670991093750000000e+05
1.674011406250000000e+05
1.677159843750000000e+05
1.680437968750000000e+05
1.683849843750000000e+05
1.687396093750000000e+05
1.691080937500000000e+05
1.694905625000000000e+05
1.698874218750000000e+05
1.702987031250000000e+05
1.707248437500000000e+05
1.711660312500000000e+05
1.716223750000000000e+05
1.720943437500000000e+05
1.725820156250000000e+05
1.730858437500000000e+05
1.736058593750000000e+05
1.741423593750000000e+05
