1.008043750000000000e+05
1.020469140625000000e+05
1.032927109375000000e+05
1.045405156250000000e+05
1.057891093750000000e+05
1.070371562500000000e+05
1.082835546875000000e+05
1.095269687500000000e+05
1.107661328125000000e+05
1.119997968750000000e+05
1.132265156250000000e+05
1.144452500000000000e+05
1.156546328125000000e+05
1.168533906250000000e+05
1.180403515625000000e+05
1.192141640625000000e+05
1.203737578125000000e+05
1.215179531250000000e+05
1.226454843750000000e+05
1.237553906250000000e+05
1.248465703125000000e+05
1.259180703125000000e+05
1.269688203125000000e+05
1.279979765625000000e+05
1.290047343750000000e+05
1.299881875000000000e+05
1.309477343750000000e+05
1.318825781250000000e+05
1.327922187500000000e+05
1.336762031250000000e+05
1.345339218750000000e+05
1.353650937500000000e+05
1.361694687500000000e+05
1.369467812500000000e+05
1.376968906250000000e+05
1.384197968750000000e+05
1.391154687500000000e+05
1.397842031250000000e+05
1.404260000000000000e+05
1.410412031250000000e+05
1.416302031250000000e+05
1.421934218750000000e+05
1.427313906250000000e+05
1.432447656250000000e+05
1.437340781250000000e+05
1.442002187500000000e+05
1.446438750000000000e+05
1.450659687500000000e+05
1.454674531250000000e+05
1.458491875000000000e+05
1.462123281250000000e+05
1.465578437500000000e+05
1.468868281250000000e+05
1.472004843750000000e+05
1.474999843750000000e+05
1.477863750000000000e+05
1.480609062500000000e+05
1.483247343750000000e+05
1.485790000000000000e+05
1.488249531250000000e+05
1.490636250000000000e+05
1.492961718750000000e+05
1.495236562500000000e+05
1.497471406250000000e+05
1.499675156250000000e+05
1.501857187500000000e+05
1.504027343750000000e+05
1.506192812500000000e+05
1.508361093750000000e+05
1.510539062500000000e+05
1.512731718750000000e+05
1.514946093750000000e+05
1.517184062500000000e+05
1.519450937500000000e+05
1.521748750000000000e+05
1.524079843750000000e+05
1.526445781250000000e+05
1.528846562500000000e+05
1.531281875000000000e+05
1.533751250000000000e+05
1.536254218750000000e+05
1.538787343750000000e+05
1.541349375000000000e+05
1.543936250000000000e+05
1.546546406250000000e+05
1.549174531250000000e+05
1.551818437500000000e+05
1.554472968750000000e+05
1.557134843750000000e+05
1.559799843750000000e+05
1.562463750000000000e+05
1.565122812500000000e+05
1.567772500000000000e+05
1.570408906250000000e+05
1.573029218750000000e+05
1.575629531250000000e+05
1.578206250000000000e+05
1.580757656250000000e+05
1.583280312500000000e+05
1.585771562500000000e+05
1.588230625000000000e+05
1.590655156250000000e+05
1.593043437500000000e+05
1.595395781250000000e+05
1.597710625000000000e+05
1.599987343750000000e+05
1.602227812500000000e+05
1.604429843750000000e+05
1.606595468750000000e+05
1.608725156250000000e+05
1.610820312500000000e+05
1.612881406250000000e+05
1.614910937500000000e+05
1.616909375000000000e+05
1.618880000000000000e+05
1.620824375000000000e+05
1.622744375000000000e+05
1.624642343750000000e+05
1.626521250000000000e+05
1.628382968750000000e+05
1.630230625000000000e+05
1.632066562500000000e+05
1.633893593750000000e+05
1.635714687500000000e+05
1.637532187500000000e+05
1.639349218750000000e+05
1.641169062500000000e+05
1.642993437500000000e+05
1.644826875000000000e+05
1.646671250000000000e+05
1.648529218750000000e+05
1.650404218750000000e+05
1.652298906250000000e+05
1.654216562500000000e+05
1.656159531250000000e+05
1.658131093750000000e+05
1.660133281250000000e+05
1.662169687500000000e+05
1.664243125000000000e+05
1.666355781250000000e+05
1.668510781250000000e+05
1.670711406250000000e+05
1.672959687500000000e+05
1.675259062500000000e+05
1.677611406250000000e+05
1.680020000000000000e+05
1.682488281250000000e+05
1.685017656250000000e+05
1.687611875000000000e+05
1.690273906250000000e+05
