5.100039375000000000e+05
5.159979375000000000e+05
5.219846250000000000e+05
5.279611875000000000e+05
5.339233750000000000e+05
5.398672500000000000e+05
5.457891875000000000e+05
5.516853750000000000e+05
5.575519375000000000e+05
5.633850625000000000e+05
5.691809375000000000e+05
5.749358750000000000e+05
5.806460625000000000e+05
5.863080000000000000e+05
5.919176875000000000e+05
5.974718125000000000e+05
6.029666875000000000e+05
6.083985625000000000e+05
6.137646250000000000e+05
6.190607500000000000e+05
6.242841250000000000e+05
6.294313125000000000e+05
6.344996875000000000e+05
6.394857500000000000e+05
6.443863750000000000e+05
6.491991875000000000e+05
6.539216875000000000e+05
6.585503750000000000e+05
6.630836250000000000e+05
6.675181875000000000e+05
6.718530000000000000e+05
6.760848125000000000e+05
6.802120625000000000e+05
6.842329375000000000e+05
6.881447500000000000e+05
6.919470000000000000e+05
6.956373750000000000e+05
6.992150625000000000e+05
7.026779375000000000e+05
7.060250625000000000e+05
7.092556250000000000e+05
7.123685000000000000e+05
7.153623125000000000e+05
7.182365625000000000e+05
7.209910000000000000e+05
7.236239375000000000e+05
7.261357500000000000e+05
7.285256250000000000e+05
7.307933125000000000e+05
7.329386250000000000e+05
7.349611875000000000e+05
7.368610625000000000e+05
7.386388125000000000e+05
7.402941875000000000e+05
7.418283750000000000e+05
7.432421875000000000e+05
7.445375625000000000e+05
7.457156875000000000e+05
7.467804375000000000e+05
7.477354375000000000e+05
7.485860625000000000e+05
7.493386250000000000e+05
7.500023125000000000e+05
7.505885000000000000e+05
7.511106250000000000e+05
7.515865000000000000e+05
7.520368125000000000e+05
7.524863125000000000e+05
7.529638125000000000e+05
7.535018125000000000e+05
7.541356250000000000e+05
7.549029375000000000e+05
7.558416875000000000e+05
7.569883125000000000e+05
7.583746250000000000e+05
7.600261250000000000e+05
7.619585000000000000e+05
7.641751250000000000e+05
7.666679375000000000e+05
7.694144375000000000e+05
7.723801250000000000e+05
7.755193750000000000e+05
7.787809375000000000e+05
7.821084375000000000e+05
7.854453125000000000e+05
7.887395625000000000e+05
7.919435625000000000e+05
7.950185000000000000e+05
7.979327500000000000e+05
8.006661875000000000e+05
8.032043750000000000e+05
8.055416250000000000e+05
8.076788125000000000e+05
8.096215625000000000e+05
8.113791250000000000e+05
8.129644375000000000e+05
8.143909375000000000e+05
8.156740000000000000e+05
8.168296875000000000e+05
8.178726250000000000e+05
8.188175000000000000e+05
8.196786875000000000e+05
8.204693750000000000e+05
8.212020000000000000e+05
8.218875625000000000e+05
8.225368750000000000e+05
8.231587500000000000e+05
8.237623125000000000e+05
8.243550625000000000e+05
8.249440000000000000e+05
8.255352500000000000e+05
8.261349375000000000e+05
8.267480625000000000e+05
8.273793125000000000e+05
8.280327500000000000e+05
8.287127500000000000e+05
8.294228125000000000e+05
8.301655000000000000e+05
8.309447500000000000e+05
8.317625625000000000e+05
8.326221250000000000e+05
8.335253750000000000e+05
8.344749375000000000e+05
8.354725000000000000e+05
8.365200625000000000e+05
8.376199375000000000e+05
8.387736250000000000e+05
8.399828750000000000e+05
8.412492500000000000e+05
8.425745625000000000e+05
8.439602500000000000e+05
8.454073750000000000e+05
8.469183750000000000e+05
8.484936875000000000e+05
8.501354375000000000e+05
8.518446250000000000e+05
8.536230625000000000e+05
8.554712500000000000e+05
8.573914375000000000e+05
8.593844375000000000e+05
8.614522500000000000e+05
8.635951875000000000e+05
8.658155625000000000e+05
8.681145000000000000e+05
8.704927500000000000e+05
8.729525000000000000e+05
8.754946875000000000e+05
8.781214375000000000e+05
8.808334375000000000e+05
8.836321875000000000e+05
