5.101687187500000000e+05
5.162170312500000000e+05
5.222968750000000000e+05
5.284008750000000000e+05
5.345210000000000000e+05
5.406503125000000000e+05
5.467813125000000000e+05
5.529065000000000000e+05
5.590181250000000000e+05
5.651086250000000000e+05
5.711710625000000000e+05
5.771983125000000000e+05
5.831826875000000000e+05
5.891175000000000000e+05
5.949957500000000000e+05
6.008108750000000000e+05
6.065564375000000000e+05
6.122260000000000000e+05
6.178133125000000000e+05
6.233130625000000000e+05
6.287189375000000000e+05
6.340262500000000000e+05
6.392295625000000000e+05
6.443248125000000000e+05
6.493072500000000000e+05
6.541730625000000000e+05
6.589178750000000000e+05
6.635396875000000000e+05
6.680348125000000000e+05
6.724008125000000000e+05
6.766355625000000000e+05
6.807375000000000000e+05
6.847053125000000000e+05
6.885377500000000000e+05
6.922351250000000000e+05
6.957965625000000000e+05
6.992231875000000000e+05
7.025153750000000000e+05
7.056746250000000000e+05
7.087023750000000000e+05
7.116011875000000000e+05
7.143732500000000000e+05
7.170220000000000000e+05
7.195498750000000000e+05
7.219611250000000000e+05
7.242602500000000000e+05
7.264513750000000000e+05
7.285384375000000000e+05
7.305280625000000000e+05
7.324246250000000000e+05
7.342341875000000000e+05
7.359626875000000000e+05
7.376158750000000000e+05
7.392000625000000000e+05
7.407220625000000000e+05
7.421878125000000000e+05
7.436044375000000000e+05
7.449778125000000000e+05
7.463148125000000000e+05
7.476215000000000000e+05
7.489047500000000000e+05
7.501700000000000000e+05
7.514233125000000000e+05
7.526701875000000000e+05
7.539161250000000000e+05
7.551655625000000000e+05
7.564228125000000000e+05
7.576921875000000000e+05
7.589773125000000000e+05
7.602803750000000000e+05
7.616048750000000000e+05
7.629518125000000000e+05
7.643231250000000000e+05
7.657191875000000000e+05
7.671405000000000000e+05
7.685864375000000000e+05
7.700566875000000000e+05
7.715491250000000000e+05
7.730629375000000000e+05
7.745953125000000000e+05
7.761438125000000000e+05
7.777058750000000000e+05
7.792779375000000000e+05
7.808570000000000000e+05
7.824396250000000000e+05
7.840225000000000000e+05
7.856016250000000000e+05
7.871736250000000000e+05
7.887350625000000000e+05
7.902830000000000000e+05
7.918141250000000000e+05
7.933249375000000000e+05
7.948133125000000000e+05
7.962773125000000000e+05
7.977139375000000000e+05
7.991220000000000000e+05
8.004997500000000000e+05
8.018463125000000000e+05
8.031610000000000000e+05
8.044429375000000000e+05
8.056920000000000000e+05
8.069087500000000000e+05
8.080933125000000000e+05
8.092463750000000000e+05
8.103691250000000000e+05
8.114628125000000000e+05
8.125285000000000000e+05
8.135685000000000000e+05
8.145838125000000000e+05
8.155769375000000000e+05
8.165493125000000000e+05
8.175038750000000000e+05
8.184421250000000000e+05
8.193668750000000000e+05
8.202801875000000000e+05
8.211850625000000000e+05
8.220828125000000000e+05
8.229771250000000000e+05
8.238693125000000000e+05
8.247623125000000000e+05
8.256584375000000000e+05
8.265600625000000000e+05
8.274695000000000000e+05
8.283891875000000000e+05
8.293208750000000000e+05
8.302670625000000000e+05
8.312297500000000000e+05
8.322111875000000000e+05
8.332131250000000000e+05
8.342376250000000000e+05
8.352866250000000000e+05
8.363620000000000000e+05
8.374654375000000000e+05
8.385988750000000000e+05
8.397638750000000000e+05
8.409619375000000000e+05
8.421950000000000000e+05
8.434645000000000000e+05
8.447718125000000000e+05
8.461187500000000000e+05
8.475066875000000000e+05
8.489368125000000000e+05
8.504110000000000000e+05
8.519300625000000000e+05
8.534960625000000000e+05
8.551102500000000000e+05
8.567735000000000000e+05
8.584875000000000000e+05
8.602537500000000000e+05
8.620732500000000000e+05
