5.105727812500000000e+05
5.166261250000000000e+05
5.226718437500000000e+05
5.287058750000000000e+05
5.347243125000000000e+05
5.407235000000000000e+05
5.466993125000000000e+05
5.526478125000000000e+05
5.585652500000000000e+05
5.644477500000000000e+05
5.702910000000000000e+05
5.760914375000000000e+05
5.818454375000000000e+05
5.875487500000000000e+05
5.931980000000000000e+05
5.987888750000000000e+05
6.043185000000000000e+05
6.097826875000000000e+05
6.151782500000000000e+05
6.205016875000000000e+05
6.257498125000000000e+05
6.309190625000000000e+05
6.360058750000000000e+05
6.410081875000000000e+05
6.459218750000000000e+05
6.507451250000000000e+05
6.554747500000000000e+05
6.601078750000000000e+05
6.646424375000000000e+05
6.690757500000000000e+05
6.734056250000000000e+05
6.776294375000000000e+05
6.817456250000000000e+05
6.857525625000000000e+05
6.896480000000000000e+05
6.934305000000000000e+05
6.970985000000000000e+05
7.006505000000000000e+05
7.040857500000000000e+05
7.074025000000000000e+05
7.106000625000000000e+05
7.136775625000000000e+05
7.166336875000000000e+05
7.194685000000000000e+05
7.221809375000000000e+05
7.247709375000000000e+05
7.272380625000000000e+05
7.295811875000000000e+05
7.318011875000000000e+05
7.338973125000000000e+05
7.358693750000000000e+05
7.377178125000000000e+05
7.394428750000000000e+05
7.410441875000000000e+05
7.425223750000000000e+05
7.438781250000000000e+05
7.451120625000000000e+05
7.462253125000000000e+05
7.472194375000000000e+05
7.480965625000000000e+05
7.488593750000000000e+05
7.495123750000000000e+05
7.500598750000000000e+05
7.505094375000000000e+05
7.508702500000000000e+05
7.511533125000000000e+05
7.513746250000000000e+05
7.515510000000000000e+05
7.517071875000000000e+05
7.518691875000000000e+05
7.520698125000000000e+05
7.523453125000000000e+05
7.527359375000000000e+05
7.532847500000000000e+05
7.540346250000000000e+05
7.550264375000000000e+05
7.562960000000000000e+05
7.578698125000000000e+05
7.597624375000000000e+05
7.619740625000000000e+05
7.644894375000000000e+05
7.672764375000000000e+05
7.702902500000000000e+05
7.734744375000000000e+05
7.767660000000000000e+05
7.800999375000000000e+05
7.834133125000000000e+05
7.866496250000000000e+05
7.897603750000000000e+05
7.927078125000000000e+05
7.954640000000000000e+05
7.980121250000000000e+05
8.003445625000000000e+05
8.024606250000000000e+05
8.043661250000000000e+05
8.060722500000000000e+05
8.075923125000000000e+05
8.089430000000000000e+05
8.101411875000000000e+05
8.112039375000000000e+05
8.121485625000000000e+05
8.129913750000000000e+05
8.137481250000000000e+05
8.144333125000000000e+05
8.150601250000000000e+05
8.156408125000000000e+05
8.161865000000000000e+05
8.167071250000000000e+05
8.172114375000000000e+05
8.177080000000000000e+05
8.182040625000000000e+05
8.187055625000000000e+05
8.192188125000000000e+05
8.197491875000000000e+05
8.203008125000000000e+05
8.208785625000000000e+05
8.214861875000000000e+05
8.221271250000000000e+05
8.228045000000000000e+05
8.235213750000000000e+05
8.242808125000000000e+05
8.250845000000000000e+05
8.259351250000000000e+05
8.268356250000000000e+05
8.277866875000000000e+05
8.287912500000000000e+05
8.298506250000000000e+05
8.309669375000000000e+05
8.321415000000000000e+05
8.333760000000000000e+05
8.346718750000000000e+05
8.360309375000000000e+05
8.374543750000000000e+05
8.389434375000000000e+05
8.404998125000000000e+05
8.421251875000000000e+05
8.438203750000000000e+05
8.455865000000000000e+05
8.474259375000000000e+05
8.493390000000000000e+05
8.513270625000000000e+05
8.533922500000000000e+05
8.555352500000000000e+05
8.577575000000000000e+05
8.600607500000000000e+05
8.624455000000000000e+05
8.649140000000000000e+05
8.674670625000000000e+05
8.701068750000000000e+05
8.728340000000000000e+05
