5.048412500000000000e+05
5.110005937500000000e+05
5.171882187500000000e+05
5.233985000000000000e+05
5.296251875000000000e+05
5.358618125000000000e+05
5.421025000000000000e+05
5.483408125000000000e+05
5.545695625000000000e+05
5.607824375000000000e+05
5.669725000000000000e+05
5.731329375000000000e+05
5.792570625000000000e+05
5.853377500000000000e+05
5.913682500000000000e+05
5.973419375000000000e+05
6.032517500000000000e+05
6.090903750000000000e+05
6.148529375000000000e+05
6.205315000000000000e+05
6.261203750000000000e+05
6.316131250000000000e+05
6.370047500000000000e+05
6.422891250000000000e+05
6.474608125000000000e+05
6.525150000000000000e+05
6.574476250000000000e+05
6.622534375000000000e+05
6.669296875000000000e+05
6.714720000000000000e+05
6.758776875000000000e+05
6.801448125000000000e+05
6.842703125000000000e+05
6.882533125000000000e+05
6.920927500000000000e+05
6.957878125000000000e+05
6.993388125000000000e+05
7.027462500000000000e+05
7.060115000000000000e+05
7.091356250000000000e+05
7.121215000000000000e+05
7.149720625000000000e+05
7.176894375000000000e+05
7.202790000000000000e+05
7.227436875000000000e+05
7.250890000000000000e+05
7.273199375000000000e+05
7.294422500000000000e+05
7.314610625000000000e+05
7.333833750000000000e+05
7.352155625000000000e+05
7.369641250000000000e+05
7.386361250000000000e+05
7.402380000000000000e+05
7.417772500000000000e+05
7.432606875000000000e+05
7.446949375000000000e+05
7.460873125000000000e+05
7.474436250000000000e+05
7.487708750000000000e+05
7.500745625000000000e+05
7.513606875000000000e+05
7.526343125000000000e+05
7.539007500000000000e+05
7.551640625000000000e+05
7.564280625000000000e+05
7.576965625000000000e+05
7.589722500000000000e+05
7.602576875000000000e+05
7.615546875000000000e+05
7.628647500000000000e+05
7.641891875000000000e+05
7.655281250000000000e+05
7.668818125000000000e+05
7.682500000000000000e+05
7.696321875000000000e+05
7.710274375000000000e+05
7.724342500000000000e+05
7.738519375000000000e+05
7.752783125000000000e+05
7.767118125000000000e+05
7.781508125000000000e+05
7.795932500000000000e+05
7.810371250000000000e+05
7.824808750000000000e+05
7.839224375000000000e+05
7.853597500000000000e+05
7.867913750000000000e+05
7.882157500000000000e+05
7.896314375000000000e+05
7.910366250000000000e+05
7.924307500000000000e+05
7.938121250000000000e+05
7.951800625000000000e+05
7.965335625000000000e+05
7.978724375000000000e+05
7.991957500000000000e+05
8.005029375000000000e+05
8.017943125000000000e+05
8.030690625000000000e+05
8.043276250000000000e+05
8.055699375000000000e+05
8.067963125000000000e+05
8.080070625000000000e+05
8.092021250000000000e+05
8.103823125000000000e+05
8.115478750000000000e+05
8.126996875000000000e+05
8.138381250000000000e+05
8.149636250000000000e+05
8.160775000000000000e+05
8.171805000000000000e+05
8.182727500000000000e+05
8.193556250000000000e+05
8.204298750000000000e+05
8.214961875000000000e+05
8.225555625000000000e+05
8.236091250000000000e+05
8.246575625000000000e+05
8.257017500000000000e+05
8.267428750000000000e+05
8.277818125000000000e+05
8.288195000000000000e+05
8.298570625000000000e+05
8.308952500000000000e+05
8.319353750000000000e+05
8.329785000000000000e+05
8.340253125000000000e+05
8.350767500000000000e+05
8.361345625000000000e+05
8.371988125000000000e+05
8.382713125000000000e+05
8.393531250000000000e+05
8.404448750000000000e+05
8.415477500000000000e+05
8.426628125000000000e+05
8.437913125000000000e+05
8.449344375000000000e+05
8.460929375000000000e+05
8.472681250000000000e+05
8.484610625000000000e+05
8.496730000000000000e+05
8.509050625000000000e+05
8.521580625000000000e+05
8.534338125000000000e+05
8.547327500000000000e+05
8.560566875000000000e+05
8.574066250000000000e+05
8.587835000000000000e+05
8.601890000000000000e+05
