5.022250937500000000e+05
5.085154687500000000e+05
5.148295000000000000e+05
5.211592500000000000e+05
5.274980625000000000e+05
5.338376250000000000e+05
5.401706875000000000e+05
5.464904375000000000e+05
5.527893750000000000e+05
5.590594375000000000e+05
5.652943125000000000e+05
5.714859375000000000e+05
5.776273750000000000e+05
5.837120000000000000e+05
5.897325625000000000e+05
5.956832500000000000e+05
6.015566250000000000e+05
6.073471250000000000e+05
6.130485625000000000e+05
6.186553125000000000e+05
6.241618125000000000e+05
6.295629375000000000e+05
6.348535625000000000e+05
6.400291250000000000e+05
6.450862500000000000e+05
6.500201875000000000e+05
6.548273750000000000e+05
6.595045625000000000e+05
6.640498750000000000e+05
6.684606250000000000e+05
6.727345000000000000e+05
6.768700000000000000e+05
6.808663125000000000e+05
6.847226250000000000e+05
6.884393125000000000e+05
6.920156250000000000e+05
6.954531250000000000e+05
6.987521875000000000e+05
7.019147500000000000e+05
7.049430000000000000e+05
7.078391875000000000e+05
7.106063125000000000e+05
7.132476250000000000e+05
7.157668750000000000e+05
7.181684375000000000e+05
7.204568750000000000e+05
7.226372500000000000e+05
7.247142500000000000e+05
7.266940000000000000e+05
7.285825625000000000e+05
7.303859375000000000e+05
7.321105625000000000e+05
7.337631875000000000e+05
7.353506875000000000e+05
7.368798125000000000e+05
7.383579375000000000e+05
7.397919375000000000e+05
7.411887500000000000e+05
7.425556250000000000e+05
7.438990000000000000e+05
7.452259375000000000e+05
7.465423750000000000e+05
7.478548750000000000e+05
7.491688750000000000e+05
7.504898750000000000e+05
7.518228125000000000e+05
7.531716875000000000e+05
7.545405625000000000e+05
7.559325625000000000e+05
7.573504375000000000e+05
7.587955625000000000e+05
7.602700000000000000e+05
7.617740625000000000e+05
7.633077500000000000e+05
7.648705000000000000e+05
7.664610000000000000e+05
7.680780000000000000e+05
7.697186875000000000e+05
7.713802500000000000e+05
7.730595625000000000e+05
7.747533750000000000e+05
7.764578750000000000e+05
7.781687500000000000e+05
7.798820000000000000e+05
7.815931875000000000e+05
7.832981875000000000e+05
7.849928750000000000e+05
7.866733125000000000e+05
7.883350000000000000e+05
7.899751250000000000e+05
7.915900000000000000e+05
7.931766875000000000e+05
7.947322500000000000e+05
7.962544375000000000e+05
7.977414375000000000e+05
7.991918125000000000e+05
8.006040625000000000e+05
8.019778750000000000e+05
8.033128125000000000e+05
8.046088125000000000e+05
8.058661250000000000e+05
8.070854375000000000e+05
8.082677500000000000e+05
8.094146250000000000e+05
8.105278125000000000e+05
8.116080000000000000e+05
8.126585625000000000e+05
8.136805000000000000e+05
8.146766250000000000e+05
8.156491875000000000e+05
8.166010000000000000e+05
8.175341250000000000e+05
8.184516875000000000e+05
8.193560000000000000e+05
8.202503125000000000e+05
8.211365625000000000e+05
8.220181875000000000e+05
8.228973125000000000e+05
8.237763750000000000e+05
8.246586875000000000e+05
8.255461875000000000e+05
8.264418750000000000e+05
8.273476875000000000e+05
8.282663125000000000e+05
8.291996875000000000e+05
8.301503125000000000e+05
8.311205000000000000e+05
8.321118750000000000e+05
8.331269375000000000e+05
8.341672500000000000e+05
8.352347500000000000e+05
8.363316250000000000e+05
8.374595625000000000e+05
8.386200000000000000e+05
8.398146250000000000e+05
8.410450000000000000e+05
8.423132500000000000e+05
8.436205000000000000e+05
8.449679375000000000e+05
8.463575625000000000e+05
8.477905000000000000e+05
8.492683750000000000e+05
8.507922500000000000e+05
8.523638125000000000e+05
8.539840625000000000e+05
8.556547500000000000e+05
8.573766250000000000e+05
8.591516250000000000e+05
8.609805625000000000e+05
8.628649375000000000e+05
