5.058869687500000000e+05
5.121783125000000000e+05
5.184885937500000000e+05
5.248115625000000000e+05
5.311411875000000000e+05
5.374706875000000000e+05
5.437945625000000000e+05
5.501061250000000000e+05
5.563989375000000000e+05
5.626666875000000000e+05
5.689020625000000000e+05
5.750998125000000000e+05
5.812530000000000000e+05
5.873550625000000000e+05
5.934001250000000000e+05
5.993811875000000000e+05
6.052928125000000000e+05
6.111290000000000000e+05
6.168831250000000000e+05
6.225502500000000000e+05
6.281247500000000000e+05
6.336015000000000000e+05
6.389751250000000000e+05
6.442411250000000000e+05
6.493951875000000000e+05
6.544326875000000000e+05
6.593503125000000000e+05
6.641438750000000000e+05
6.688106250000000000e+05
6.733481875000000000e+05
6.777532500000000000e+05
6.820241250000000000e+05
6.861594375000000000e+05
6.901576250000000000e+05
6.940178125000000000e+05
6.977398750000000000e+05
7.013234375000000000e+05
7.047699375000000000e+05
7.080790000000000000e+05
7.112525000000000000e+05
7.142922500000000000e+05
7.172001875000000000e+05
7.199788750000000000e+05
7.226316875000000000e+05
7.251611250000000000e+05
7.275717500000000000e+05
7.298670000000000000e+05
7.320513750000000000e+05
7.341298125000000000e+05
7.361067500000000000e+05
7.379878750000000000e+05
7.397782500000000000e+05
7.414833750000000000e+05
7.431095000000000000e+05
7.446625000000000000e+05
7.461478125000000000e+05
7.475718750000000000e+05
7.489406250000000000e+05
7.502598125000000000e+05
7.515360625000000000e+05
7.527746250000000000e+05
7.539813750000000000e+05
7.551619375000000000e+05
7.563216875000000000e+05
7.574653125000000000e+05
7.585976875000000000e+05
7.597239375000000000e+05
7.608475000000000000e+05
7.619726250000000000e+05
7.631028125000000000e+05
7.642406250000000000e+05
7.653896250000000000e+05
7.665510000000000000e+05
7.677273750000000000e+05
7.689199375000000000e+05
7.701298125000000000e+05
7.713578125000000000e+05
7.726041875000000000e+05
7.738685625000000000e+05
7.751509375000000000e+05
7.764508125000000000e+05
7.777666250000000000e+05
7.790977500000000000e+05
7.804420625000000000e+05
7.817987500000000000e+05
7.831650625000000000e+05
7.845398750000000000e+05
7.859206250000000000e+05
7.873055625000000000e+05
7.886923750000000000e+05
7.900790625000000000e+05
7.914635625000000000e+05
7.928435000000000000e+05
7.942170000000000000e+05
7.955824375000000000e+05
7.969378750000000000e+05
7.982813750000000000e+05
7.996120625000000000e+05
8.009281250000000000e+05
8.022281875000000000e+05
8.035117500000000000e+05
8.047776875000000000e+05
8.060251250000000000e+05
8.072541250000000000e+05
8.084636875000000000e+05
8.096538125000000000e+05
8.108251875000000000e+05
8.119768750000000000e+05
8.131096875000000000e+05
8.142240000000000000e+05
8.153204375000000000e+05
8.163994375000000000e+05
8.174620625000000000e+05
8.185086250000000000e+05
8.195408125000000000e+05
8.205593750000000000e+05
8.215655000000000000e+05
8.225601250000000000e+05
8.235450000000000000e+05
8.245210000000000000e+05
8.254896875000000000e+05
8.264524375000000000e+05
8.274105000000000000e+05
8.283655625000000000e+05
8.293189375000000000e+05
8.302721250000000000e+05
8.312268125000000000e+05
8.321840000000000000e+05
8.331459375000000000e+05
8.341136250000000000e+05
8.350886250000000000e+05
8.360725625000000000e+05
8.370668125000000000e+05
8.380731250000000000e+05
8.390928750000000000e+05
8.401275625000000000e+05
8.411784375000000000e+05
8.422473750000000000e+05
8.433355625000000000e+05
8.444445000000000000e+05
8.455758125000000000e+05
8.467310000000000000e+05
8.479112500000000000e+05
8.491184375000000000e+05
8.503535000000000000e+05
8.516181875000000000e+05
8.529142500000000000e+05
8.542425625000000000e+05
8.556050000000000000e+05
8.570031250000000000e+05
