5.033390000000000000e+05
5.095585625000000000e+05
5.158045312500000000e+05
5.220709375000000000e+05
5.283515000000000000e+05
5.346406250000000000e+05
5.409316250000000000e+05
5.472175000000000000e+05
5.534925625000000000e+05
5.597494375000000000e+05
5.659817500000000000e+05
5.721822500000000000e+05
5.783439375000000000e+05
5.844605000000000000e+05
5.905243750000000000e+05
5.965295000000000000e+05
6.024682500000000000e+05
6.083348125000000000e+05
6.141218125000000000e+05
6.198231250000000000e+05
6.254329375000000000e+05
6.309445625000000000e+05
6.363525000000000000e+05
6.416513750000000000e+05
6.468359375000000000e+05
6.519008125000000000e+05
6.568420000000000000e+05
6.616556250000000000e+05
6.663370000000000000e+05
6.708837500000000000e+05
6.752925000000000000e+05
6.795614375000000000e+05
6.836881250000000000e+05
6.876715000000000000e+05
6.915107500000000000e+05
6.952051875000000000e+05
6.987559375000000000e+05
7.021635000000000000e+05
7.054288750000000000e+05
7.085546875000000000e+05
7.115426875000000000e+05
7.143965625000000000e+05
7.171198750000000000e+05
7.197162500000000000e+05
7.221903125000000000e+05
7.245473750000000000e+05
7.267920625000000000e+05
7.289306875000000000e+05
7.309693750000000000e+05
7.329138125000000000e+05
7.347709375000000000e+05
7.365473125000000000e+05
7.382498125000000000e+05
7.398851875000000000e+05
7.414600625000000000e+05
7.429816875000000000e+05
7.444560000000000000e+05
7.458902500000000000e+05
7.472897500000000000e+05
7.486613750000000000e+05
7.500098750000000000e+05
7.513410625000000000e+05
7.526593125000000000e+05
7.539696875000000000e+05
7.552753750000000000e+05
7.565804375000000000e+05
7.578876250000000000e+05
7.591994375000000000e+05
7.605178125000000000e+05
7.618446875000000000e+05
7.631813125000000000e+05
7.645283125000000000e+05
7.658856250000000000e+05
7.672535000000000000e+05
7.686319375000000000e+05
7.700196875000000000e+05
7.714166250000000000e+05
7.728210625000000000e+05
7.742323125000000000e+05
7.756483750000000000e+05
7.770680000000000000e+05
7.784896250000000000e+05
7.799121875000000000e+05
7.813332500000000000e+05
7.827513125000000000e+05
7.841654375000000000e+05
7.855737500000000000e+05
7.869752500000000000e+05
7.883677500000000000e+05
7.897511875000000000e+05
7.911233125000000000e+05
7.924840000000000000e+05
7.938323750000000000e+05
7.951670000000000000e+05
7.964880000000000000e+05
7.977943750000000000e+05
7.990860000000000000e+05
8.003620625000000000e+05
8.016231875000000000e+05
8.028688750000000000e+05
8.040991875000000000e+05
8.053142500000000000e+05
8.065139375000000000e+05
8.076988750000000000e+05
8.088692500000000000e+05
8.100253750000000000e+05
8.111681250000000000e+05
8.122976250000000000e+05
8.134144375000000000e+05
8.145193750000000000e+05
8.156128750000000000e+05
8.166956875000000000e+05
8.177688750000000000e+05
8.188327500000000000e+05
8.198882500000000000e+05
8.209361875000000000e+05
8.219773125000000000e+05
8.230128750000000000e+05
8.240432500000000000e+05
8.250696875000000000e+05
8.260929375000000000e+05
8.271141250000000000e+05
8.281338125000000000e+05
8.291531250000000000e+05
8.301732500000000000e+05
8.311950625000000000e+05
8.322192500000000000e+05
8.332473125000000000e+05
8.342798750000000000e+05
8.353179375000000000e+05
8.363631875000000000e+05
8.374156875000000000e+05
8.384771250000000000e+05
8.395483125000000000e+05
8.406301875000000000e+05
8.417239375000000000e+05
8.428308750000000000e+05
8.439516250000000000e+05
8.450876250000000000e+05
8.462400000000000000e+05
8.474094375000000000e+05
8.485974375000000000e+05
8.498053125000000000e+05
8.510333125000000000e+05
8.522833750000000000e+05
8.535565000000000000e+05
8.548539375000000000e+05
8.561766250000000000e+05
8.575259375000000000e+05
8.589029375000000000e+05
