5.021934375000000000e+05
5.083804062500000000e+05
5.145899687500000000e+05
5.208163750000000000e+05
5.270530000000000000e+05
5.332941250000000000e+05
5.395331250000000000e+05
5.457638125000000000e+05
5.519801250000000000e+05
5.581749375000000000e+05
5.643419375000000000e+05
5.704748750000000000e+05
5.765670625000000000e+05
5.826121875000000000e+05
5.886036250000000000e+05
5.945356875000000000e+05
6.004014375000000000e+05
6.061954375000000000e+05
6.119114375000000000e+05
6.175440000000000000e+05
6.230873125000000000e+05
6.285363125000000000e+05
6.338857500000000000e+05
6.391310000000000000e+05
6.442675625000000000e+05
6.492908750000000000e+05
6.541976875000000000e+05
6.589841875000000000e+05
6.636471250000000000e+05
6.681836875000000000e+05
6.725912500000000000e+05
6.768681875000000000e+05
6.810123750000000000e+05
6.850228750000000000e+05
6.888991875000000000e+05
6.926404375000000000e+05
6.962469375000000000e+05
6.997191250000000000e+05
7.030576875000000000e+05
7.062645625000000000e+05
7.093410625000000000e+05
7.122894375000000000e+05
7.151123125000000000e+05
7.178123750000000000e+05
7.203935000000000000e+05
7.228590625000000000e+05
7.252133750000000000e+05
7.274603125000000000e+05
7.296050000000000000e+05
7.316518750000000000e+05
7.336064375000000000e+05
7.354738125000000000e+05
7.372594375000000000e+05
7.389693750000000000e+05
7.406087500000000000e+05
7.421838750000000000e+05
7.437000000000000000e+05
7.451631875000000000e+05
7.465793125000000000e+05
7.479536875000000000e+05
7.492918125000000000e+05
7.505993125000000000e+05
7.518810000000000000e+05
7.531418750000000000e+05
7.543865625000000000e+05
7.556193750000000000e+05
7.568444375000000000e+05
7.580654375000000000e+05
7.592851875000000000e+05
7.605073125000000000e+05
7.617341875000000000e+05
7.629679375000000000e+05
7.642103750000000000e+05
7.654630000000000000e+05
7.667271250000000000e+05
7.680029375000000000e+05
7.692912500000000000e+05
7.705920625000000000e+05
7.719053125000000000e+05
7.732296250000000000e+05
7.745653125000000000e+05
7.759108125000000000e+05
7.772649375000000000e+05
7.786264375000000000e+05
7.799935625000000000e+05
7.813651875000000000e+05
7.827390625000000000e+05
7.841137500000000000e+05
7.854874375000000000e+05
7.868586875000000000e+05
7.882248750000000000e+05
7.895853125000000000e+05
7.909379375000000000e+05
7.922811250000000000e+05
7.936138125000000000e+05
7.949342500000000000e+05
7.962416875000000000e+05
7.975351250000000000e+05
7.988134375000000000e+05
8.000758750000000000e+05
8.013217500000000000e+05
8.025506250000000000e+05
8.037624375000000000e+05
8.049568750000000000e+05
8.061339375000000000e+05
8.072935000000000000e+05
8.084365000000000000e+05
8.095620000000000000e+05
8.106715625000000000e+05
8.117648750000000000e+05
8.128432500000000000e+05
8.139076250000000000e+05
8.149581875000000000e+05
8.159958750000000000e+05
8.170220625000000000e+05
8.180371875000000000e+05
8.190429375000000000e+05
8.200398125000000000e+05
8.210295000000000000e+05
8.220128750000000000e+05
8.229908125000000000e+05
8.239654375000000000e+05
8.249375625000000000e+05
8.259079375000000000e+05
8.268785000000000000e+05
8.278503125000000000e+05
8.288246875000000000e+05
8.298031250000000000e+05
8.307862500000000000e+05
8.317761875000000000e+05
8.327736250000000000e+05
8.337802500000000000e+05
8.347973750000000000e+05
8.358257500000000000e+05
8.368674375000000000e+05
8.379231250000000000e+05
8.389942500000000000e+05
8.400824375000000000e+05
8.411888750000000000e+05
8.423144375000000000e+05
8.434607500000000000e+05
8.446294375000000000e+05
8.458214375000000000e+05
8.470372500000000000e+05
8.482798125000000000e+05
8.495495000000000000e+05
8.508475000000000000e+05
8.521755000000000000e+05
8.535346250000000000e+05
8.549268125000000000e+05
