5.483434344494756078e+05
4.693462710285453941e+05
5.074439010986803914e+05
5.141405423990366398e+05
5.408227292262401897e+05
5.416951128552365117e+05
5.792489338795280783e+05
4.880768826689608395e+05
5.297439528225791873e+05
5.450036719760933192e+05
5.901393627213299042e+05
5.948485222665759502e+05
5.732447998478985392e+05
5.965862809071046067e+05
6.000598502132102149e+05
5.875406946610382292e+05
6.126740044167272281e+05
5.963572545818040380e+05
6.733576901156854583e+05
6.611092456259310711e+05
6.271463535898848204e+05
6.551644087345595472e+05
7.003203759106246289e+05
6.449147880160062341e+05
6.270612004454572452e+05
6.660840463418432046e+05
6.967820560736930929e+05
6.290092686155731790e+05
6.662487993066352792e+05
6.575608968435267452e+05
6.824860391922801500e+05
6.405116919150997419e+05
6.540398843072252348e+05
7.604054169207520317e+05
6.750596969673011918e+05
6.759924567313963780e+05
7.182920497937853215e+05
6.709930223835671786e+05
7.211123063269703416e+05
7.353293554590147687e+05
7.284249896374554373e+05
6.920978404439049773e+05
6.911717618948976742e+05
7.606549517468794947e+05
7.241984573309579864e+05
7.555825362890138058e+05
7.419695450793019263e+05
7.132518912866924657e+05
7.293432040614652215e+05
7.020769638184916694e+05
7.320467951715360396e+05
7.064799453106223373e+05
7.693882178627187386e+05
7.592553709348846460e+05
7.784390899411443388e+05
7.728215101039366564e+05
7.366040310667442391e+05
7.261421307120643323e+05
7.324309523120485246e+05
7.855722336172998184e+05
7.658342820751836989e+05
7.574534046234033303e+05
7.834180624408683507e+05
7.258389861187401693e+05
7.509617469633477740e+05
7.946180540064086672e+05
7.161629910706495866e+05
7.339291107290516375e+05
7.976614804332914064e+05
7.612274666715703206e+05
6.998730844359968323e+05
7.398854019573963014e+05
8.124988224366697250e+05
7.823899569340815069e+05
7.751374386072035413e+05
7.575348895540852100e+05
7.609511920184380142e+05
7.780360386690681335e+05
7.407158043266844470e+05
8.363548752298490144e+05
7.935943042624121299e+05
7.743603832310752477e+05
7.561576473976237467e+05
7.559118747220945079e+05
8.439140476034925086e+05
7.871140054108905606e+05
8.353264012764755171e+05
7.435558451999240788e+05
7.674854670372183900e+05
8.047304685241492698e+05
7.939647385431858711e+05
9.000620865906770341e+05
7.868124667235380039e+05
8.178027973836961901e+05
7.858470763017970603e+05
8.005342215531885158e+05
7.795553006190730957e+05
8.361165715374110732e+05
7.965913855614005588e+05
8.135954188386030728e+05
8.279998376381209819e+05
8.180650124103509588e+05
8.144301539176380029e+05
8.063103036058208672e+05
8.464228248491022969e+05
8.243263950884940568e+05
8.222317150136406999e+05
8.156510147748750169e+05
7.933782913871984929e+05
7.971624652714951662e+05
9.007317363477754407e+05
8.414413794368795352e+05
7.900447875215468230e+05
7.870638215602517594e+05
7.880528544125226326e+05
7.948911279651928926e+05
7.832669792263715062e+05
8.346131047597920988e+05
7.804277402446228079e+05
8.079165960386822699e+05
8.145684239966677269e+05
8.124761140999482013e+05
8.291297677929613274e+05
8.374652336561961565e+05
8.398757140337307937e+05
8.678520291708819568e+05
8.703672140751456609e+05
8.592214612384509528e+05
7.948796725772673963e+05
7.953584903941701632e+05
8.469078176057417877e+05
8.493933991781895747e+05
8.301705601433430566e+05
8.537955507936030626e+05
8.349064832369216019e+05
7.824622063590777107e+05
8.456700818822601577e+05
8.580611529734543292e+05
8.968229418792034267e+05
9.031284727366307052e+05
8.410389983093128540e+05
8.690627981840693392e+05
8.521783597937278682e+05
8.663781631621894194e+05
8.211794379116896307e+05
8.101585333748708945e+05
8.665943593328543939e+05
8.634635718080271035e+05
7.998968417658498511e+05
8.669808096985832090e+05
