5.959648688989512157e+05
4.309095420570907881e+05
4.971348021973608411e+05
5.047150847980733379e+05
5.511814584524804959e+05
5.468462257104730234e+05
6.153158677590561565e+05
4.263547653379216790e+05
5.048059056451584329e+05
5.319493439521866385e+05
6.186807254426599247e+05
6.200310445331519004e+05
5.701335996957970783e+05
6.076465618142092135e+05
6.079217004264205461e+05
5.756903893220765749e+05
6.224520088334545726e+05
5.857755091636079596e+05
7.313773802313709166e+05
6.995284912518621422e+05
6.242727071797696408e+05
6.742548174691190943e+05
7.573617518212492578e+05
6.411815760320124682e+05
6.017004008909144904e+05
6.750100926836864091e+05
7.322961121473861858e+05
5.905955372311463580e+05
6.623205986132705584e+05
6.380347936870536068e+05
6.853100783845604165e+05
5.997453838301994838e+05
6.220177686144505860e+05
8.316508338415040635e+05
6.562723939346023835e+05
6.555059134627927560e+05
7.356340995875706431e+05
6.394410447671343572e+05
7.378656126539406832e+05
7.631677109180294210e+05
7.466389792749108747e+05
6.700336808878100710e+05
6.664205237897953484e+05
8.018729034937589895e+05
7.267909146619159728e+05
7.878710725780276116e+05
7.593320901586037362e+05
6.985537825733848149e+05
7.278414081229304429e+05
6.711169276369832223e+05
7.273995903430721955e+05
6.749158906212446745e+05
7.994944357254374772e+05
7.765417418697691755e+05
8.127721798822886776e+05
7.991210202078731963e+05
7.247630621334884781e+05
7.021682614241286647e+05
7.134929046240970492e+05
8.189974672345996369e+05
7.782975641503672814e+05
7.606068092468066607e+05
8.110561248817367014e+05
6.949039722374803387e+05
7.437834939266955480e+05
8.302251080128173344e+05
6.722589821412991732e+05
7.059482214581031585e+05
8.315009608665826963e+05
7.569549333431407576e+05
6.331221688719935482e+05
7.117048039147926029e+05
8.560946448733395664e+05
7.953109138681628974e+05
7.792618772144069662e+05
7.427577791081704199e+05
7.479913840368760284e+05
7.809360773381362669e+05
7.050596086533690104e+05
8.955857504596980289e+05
8.089816085248242598e+05
7.691687664621506119e+05
7.311662947952474933e+05
7.293157494441891322e+05
9.042110952069849009e+05
7.891290108217810048e+05
8.848928025529510342e+05
7.004506903998482740e+05
7.463799340744368965e+05
8.198009370482985396e+05
7.968554770863717422e+05
1.007108173181353952e+06
7.798589334470761241e+05
8.410825947673923802e+05
7.759041526035941206e+05
8.041074431063770317e+05
7.605416012381460750e+05
8.725201430748222629e+05
7.924747711228010012e+05
8.256678376772060292e+05
8.536626752762419637e+05
8.326020248207018012e+05
8.241403078352758894e+05
8.060346072116418509e+05
8.850096496982045937e+05
8.397557901769881137e+05
8.346734300272815162e+05
8.209600295497500338e+05
7.755245827743971022e+05
7.817569305429902161e+05
9.873184726955508813e+05
8.675937588737589540e+05
7.634615750430936459e+05
7.566266431205035187e+05
7.579527088250452653e+05
7.703952559303859016e+05
7.460189584527428960e+05
8.469162095195841976e+05
7.371674804892456159e+05
7.879441920773645397e+05
8.005438479933355702e+05
7.957992281998964027e+05
8.282685355859226547e+05
8.438464673123923130e+05
8.472874280674615875e+05
9.013970583417639136e+05
9.054804281502912054e+05
8.824379224769017892e+05
7.532013451545347925e+05
7.530659807883403264e+05
8.550106352114834590e+05
8.587907983563791495e+05
8.193201202866861131e+05
8.654991015872061253e+05
8.271129664738430874e+05
7.217254127181555377e+05
8.474841637645203155e+05
8.714153059469086584e+05
9.477338837584068533e+05
9.595589454732612940e+05
8.343509966186257079e+05
8.898395963681386784e+05
8.556947195874557365e+05
8.834693263243787223e+05
7.922278758233792614e+05
7.692890667497416725e+05
8.814527186657087877e+05
8.743881436160542071e+05
7.468516835316995857e+05
8.807456193971665343e+05
