5.086589057415792486e+05
5.013768785047575366e+05
5.160348168497800943e+05
5.219950903998394497e+05
5.321904548710400704e+05
5.374025188092060853e+05
5.491931556465880712e+05
5.395119804448267678e+05
5.505256588037632173e+05
5.558822786626821617e+05
5.663548937868883368e+05
5.738630870444293832e+05
5.758374666413164232e+05
5.873693801511840429e+05
5.935083083688684274e+05
5.974159491101730382e+05
6.045256674027878325e+05
6.051753757636339869e+05
6.250079483526143013e+05
6.290932076043218840e+05
6.295410589316474507e+05
6.392557347890932579e+05
6.527858959851041436e+05
6.480257980026677251e+05
6.481952000742428936e+05
6.586456743903071620e+05
6.671870093456155155e+05
6.610207114359288244e+05
6.695222998844392132e+05
6.738326494739211630e+05
6.801326731987133389e+05
6.744836153191833291e+05
6.807249807178708725e+05
7.010342361534587108e+05
6.907157828278834932e+05
6.930645761218994157e+05
7.038403416322974954e+05
6.972863370639279019e+05
7.071512177211617818e+05
7.121307259098357754e+05
7.132466649395759450e+05
7.104846400739841629e+05
7.117977936491495930e+05
7.263066586244798964e+05
7.220380762218263699e+05
7.286754227148356149e+05
7.275007575132169295e+05
7.255003152144487249e+05
7.305947006769108120e+05
7.278769939697486116e+05
7.359194658619227121e+05
7.327833242184370756e+05
7.442997029771198286e+05
7.448500618224807549e+05
7.498281816568573704e+05
7.509052516839894233e+05
7.464715051777906483e+05
7.461203551186773693e+05
7.482126587186747929e+05
7.577178722695499891e+05
7.554482136791972443e+05
7.548255674372338690e+05
7.603863437401447445e+05
7.516181643531234004e+05
7.569436244938912569e+05
7.649455090010680724e+05
7.527496651784415590e+05
7.572465184548419202e+05
7.694619134055485483e+05
7.647879111119284062e+05
7.554988474059994332e+05
7.633692336595660308e+05
7.761689704061116790e+05
7.716224928223468596e+05
7.717004064345338847e+05
7.698491482590142405e+05
7.717510320030730218e+05
7.756193397781780222e+05
7.704293007211140357e+05
7.869958125383082079e+05
7.807715507104019634e+05
7.786867305385125801e+05
7.769837745662706438e+05
7.780753124536824180e+05
7.936665079339153599e+05
7.854348342351483880e+05
7.940210668794126250e+05
7.794768075333207380e+05
7.850734111728697317e+05
7.921717447540248977e+05
7.915557897571976064e+05
8.108570144317795057e+05
7.926070777872563340e+05
7.984029662306160899e+05
7.941328460502994712e+05
7.975565369255314581e+05
7.954000501031788299e+05
8.057802619229018455e+05
8.000218975935667986e+05
8.035350698064338649e+05
8.066141396063534776e+05
8.059508354017251404e+05
8.063383589862729423e+05
8.065400506009701639e+05
8.142671374748504022e+05
8.114685658480823040e+05
8.118636191689401167e+05
8.112268357958125416e+05
8.082563818978663767e+05
8.100004108785825083e+05
8.285761227246292401e+05
8.196477299061465310e+05
8.121974645869244123e+05
8.124281369267086266e+05
8.131363090687537333e+05
8.153043546608655015e+05
8.143069965377285844e+05
8.243605174599653110e+05
8.164779567074371735e+05
8.245602660064470256e+05
8.262555706661113072e+05
8.263735190166580724e+05
8.298474612988268491e+05
8.321475389426993206e+05
8.336992856722885044e+05
8.398978381951469928e+05
8.411062023458576296e+05
8.398744102064084727e+05
8.296116120962112909e+05
8.306022483990283217e+05
8.401554696009570034e+05
8.415622331963649485e+05
8.392125933572239010e+05
8.440425917989338050e+05
8.414010805394869531e+05
8.330762010598463239e+05
8.441583469803766347e+05
8.469326921622423688e+05
8.543971569798672572e+05
8.561030787894384703e+05
8.466123330515521811e+05
8.517487996973448899e+05
8.492480599656213308e+05
8.521355271936982172e+05
8.453057396519482136e+05
8.442164222291451879e+05
8.542123932221423602e+05
8.543597619680045173e+05
8.441011402943083085e+05
8.555101349497638876e+05
