5.165958114831585553e+05
4.949707570095151314e+05
5.143166336995601305e+05
5.204241807996788993e+05
5.339169097420800244e+05
5.382610376184121706e+05
5.552043112931760261e+05
5.292249608896536520e+05
5.463693176075264346e+05
5.537065573253644397e+05
5.711117875737766735e+05
5.780601740888586501e+05
5.753189332826328464e+05
5.892127603023682022e+05
5.948186167377367383e+05
5.954408982203460764e+05
6.061553348055757815e+05
6.034117515272679739e+05
6.346778967052284861e+05
6.354964152086436516e+05
6.290621178632949013e+05
6.424374695781865157e+05
6.622927919702081708e+05
6.474035960053354502e+05
6.439684001484857872e+05
6.601333487806144403e+05
6.731060186912310310e+05
6.546184228718577651e+05
6.688675997688784264e+05
6.705782989478422096e+05
6.806033463974266779e+05
6.676892306383665418e+05
6.753879614357417449e+05
7.129084723069173051e+05
6.875845656557671027e+05
6.896501522437988315e+05
7.067306832645951072e+05
6.920276741278556874e+05
7.099434354423234472e+05
7.167704518196715508e+05
7.162823298791517736e+05
7.068072801479683258e+05
7.076725872982991859e+05
7.331763172489597928e+05
7.224701524436526233e+05
7.340568454296712298e+05
7.303945150264339754e+05
7.230506304288974497e+05
7.303444013538217405e+05
7.227169879394972231e+05
7.351449317238453077e+05
7.275226484368741512e+05
7.493174059542395407e+05
7.477311236449615099e+05
7.555503633137147408e+05
7.552885033679788467e+05
7.444980103555814130e+05
7.421247102373547386e+05
7.450563174373494694e+05
7.632887445390999783e+05
7.575254273583944887e+05
7.553511348744677380e+05
7.649926874802894890e+05
7.464623287062466843e+05
7.557472489877826301e+05
7.708800180021362612e+05
7.454323303568832343e+05
7.525830369096838403e+05
7.751018268110970967e+05
7.640758222238568123e+05
7.443736948119989829e+05
7.586724673191320617e+05
7.834349408122232417e+05
7.737759856446938356e+05
7.723878128690678859e+05
7.673862965180283645e+05
7.695910640061460435e+05
7.761026795563560445e+05
7.644866014422281878e+05
7.968676250766162993e+05
7.833361014208040433e+05
7.778214610770250438e+05
7.728185491325412877e+05
7.736426249073648360e+05
8.037160158678308362e+05
7.857706684702968923e+05
8.022821337588251336e+05
7.722926150666413596e+05
7.815558223457394633e+05
7.946834895080497954e+05
7.920375795143953292e+05
8.286980288635590114e+05
7.914481555745126680e+05
8.022829324612320634e+05
7.924756921005990589e+05
7.981520738510627998e+05
7.922311002063576598e+05
8.118475238458036911e+05
7.993357951871334808e+05
8.055471396128677297e+05
8.108912792127069551e+05
8.083736708034502808e+05
8.079567179725460010e+05
8.064941012019403279e+05
8.206982749497008044e+05
8.140401316961647244e+05
8.139372383378802333e+05
8.121116715916249668e+05
8.052807637957328698e+05
8.074328217571650166e+05
8.430072454492584802e+05
8.240064598122931784e+05
8.077669291738489410e+05
8.073552738534172531e+05
8.081196181375075830e+05
8.112217093217310030e+05
8.080989930754571687e+05
8.264110349199307384e+05
8.092679134148742305e+05
8.212315320128940511e+05
8.239181413322226144e+05
8.235940380333160283e+05
8.297039225976538146e+05
8.332110778853987576e+05
8.349345713445768924e+05
8.454886763902939856e+05
8.469584046917152591e+05
8.437438204128169455e+05
8.226652241924224654e+05
8.235534967980567599e+05
8.415059392019138904e+05
8.431284663927298971e+05
8.374041867144476855e+05
8.459931835978677263e+05
8.401021610789739061e+05
8.229534021196926478e+05
8.444606939607533859e+05
8.491583843244847376e+05
8.628823139597345144e+05
8.655081575788769405e+05
8.454976661031042458e+05
8.552115993946897797e+05
8.498341199312426616e+05
8.549840543873964343e+05
8.404804793038965436e+05
8.374048444582902594e+05
8.566887864442848368e+05
8.561805239360090345e+05
8.352602805886166170e+05
8.578042698995277751e+05
