1.471548248082399368e-02
1.488954573869705200e-02
1.506415475159883499e-02
1.523919124156236649e-02
1.541447080671787262e-02
1.558987889438867569e-02
1.576521433889865875e-02
1.594033651053905487e-02
1.611508242785930634e-02
1.628928817808628082e-02
1.646279729902744293e-02
1.663541607558727264e-02
1.680701598525047302e-02
1.697740703821182251e-02
1.714643277227878571e-02
1.731396093964576721e-02
1.747979409992694855e-02
1.764380186796188354e-02
1.780581474304199219e-02
1.796569116413593292e-02
1.812330819666385651e-02
1.827849261462688446e-02
1.843113452196121216e-02
1.858110725879669189e-02
1.872826553881168365e-02
1.887251250445842743e-02
1.901373825967311859e-02
1.915181241929531097e-02
1.928668096661567688e-02
1.941824331879615784e-02
1.954644173383712769e-02
1.967117190361022949e-02
1.979237981140613556e-02
1.991004869341850281e-02
2.002411149442195892e-02
2.013455703854560852e-02
2.024135924875736237e-02
2.034447900950908661e-02
2.044395357370376587e-02
2.053978480398654938e-02
2.063197456300258636e-02
2.072060294449329376e-02
2.080566249787807465e-02
2.088722772896289825e-02
2.096535265445709229e-02
2.104013226926326752e-02
2.111162245273590088e-02
2.117991819977760315e-02
2.124513499438762665e-02
2.130735851824283600e-02
2.136671356856822968e-02
2.142335101962089539e-02
2.147737704217433929e-02
2.152891084551811218e-02
2.157816104590892792e-02
2.162521146237850189e-02
2.167023532092571259e-02
2.171339839696884155e-02
2.175486460328102112e-02
2.179476618766784668e-02
2.183327637612819672e-02
2.187057398259639740e-02
2.190679684281349182e-02
2.194210886955261230e-02
2.197666093707084656e-02
2.201059833168983459e-02
2.204408682882785797e-02
2.207722887396812439e-02
2.211017534136772156e-02
2.214305289089679718e-02
2.217597141861915588e-02
2.220902591943740845e-02
2.224229648709297180e-02
2.227590605616569519e-02
2.230987884104251862e-02
2.234430983662605286e-02
2.237924002110958099e-02
2.241468802094459534e-02
2.245068550109863281e-02
2.248727157711982727e-02
2.252440340816974640e-02
2.256209217011928558e-02
2.260033600032329559e-02
2.263907715678215027e-02
2.267830632627010345e-02
2.271793410181999207e-02
2.275796048343181610e-02
2.279829047620296478e-02
2.283886633813381195e-02
2.287962287664413452e-02
2.292049862444400787e-02
2.296141348779201508e-02
2.300230413675308228e-02
2.304309979081153870e-02
2.308369986712932587e-02
2.312406152486801147e-02
2.316413633525371552e-02
2.320384047925472260e-02
2.324312739074230194e-02
2.328193187713623047e-02
2.332022972404956818e-02
2.335794642567634583e-02
2.339510433375835419e-02
2.343162335455417633e-02
2.346751838922500610e-02
2.350275777280330658e-02
2.353733591735363007e-02
2.357126213610172272e-02
2.360454201698303223e-02
2.363717555999755859e-02
2.366919443011283875e-02
2.370062656700611115e-02
2.373148873448371887e-02
2.376181259751319885e-02
2.379164658486843109e-02
2.382101863622665405e-02
2.384999580681324005e-02
2.387861534953117371e-02
2.390692755579948425e-02
2.393498085439205170e-02
2.396284602582454681e-02
2.399058453738689423e-02
2.401823922991752625e-02
2.404588833451271057e-02
2.407359145581722260e-02
2.410141006112098694e-02
2.412939630448818207e-02
2.415764145553112030e-02
2.418617345392704010e-02
2.421509474515914917e-02
2.424445189535617828e-02
2.427429333329200745e-02
2.430470474064350128e-02
2.433574944734573364e-02
2.436746843159198761e-02
2.439994737505912781e-02
2.443324029445648193e-02
2.446739189326763153e-02
2.450249530375003815e-02
2.453856170177459717e-02
2.457568980753421783e-02
2.461392618715763092e-02
2.465331740677356720e-02
2.469392307102680206e-02
2.473581209778785706e-02
2.477902546525001526e-02
2.482362277805805206e-02
2.486964687705039978e-02
2.491716854274272919e-02
2.496623620390892029e-02
