7.384759187698364258e-02
7.472887635231018066e-02
7.561326026916503906e-02
7.650014758110046387e-02
7.738861441612243652e-02
7.827809453010559082e-02
7.916757464408874512e-02
8.005633950233459473e-02
8.094358444213867188e-02
8.182847499847412109e-02
8.271020650863647461e-02
8.358782529830932617e-02
8.446064591407775879e-02
8.532774448394775391e-02
8.618828654289245605e-02
8.704161643981933594e-02
8.788672089576721191e-02
8.872294425964355469e-02
8.954939246177673340e-02
9.036535024642944336e-02
9.117019176483154297e-02
9.196299314498901367e-02
9.274321794509887695e-02
9.351018071174621582e-02
9.426313638687133789e-02
9.500157833099365234e-02
9.572491049766540527e-02
9.643247723579406738e-02
9.712395071983337402e-02
9.779882431030273438e-02
9.845677018165588379e-02
9.909722208976745605e-02
9.971991181373596191e-02
1.003247201442718506e-01
1.009112596511840820e-01
1.014794707298278809e-01
1.020292043685913086e-01
1.025602221488952637e-01
1.030727028846740723e-01
1.035666465759277344e-01
1.040420234203338623e-01
1.044992208480834961e-01
1.049382090568542480e-01
1.053593158721923828e-01
1.057628095149993896e-01
1.061491966247558594e-01
1.065187156200408936e-01
1.068718433380126953e-01
1.072091758251190186e-01
1.075311303138732910e-01
1.078383326530456543e-01
1.081315577030181885e-01
1.084113419055938721e-01
1.086783111095428467e-01
1.089334785938262939e-01
1.091773211956024170e-01
1.094107031822204590e-01
1.096344888210296631e-01
1.098495125770568848e-01
1.100564301013946533e-01
1.102561950683593750e-01
1.104496717453002930e-01
1.106375753879547119e-01
1.108208000659942627e-01
1.110000610351562500e-01
1.111761629581451416e-01
1.113499402999877930e-01
1.115218997001647949e-01
1.116928756237030029e-01
1.118634939193725586e-01
1.120343208312988281e-01
1.122058629989624023e-01
1.123785376548767090e-01
1.125529706478118896e-01
1.127293109893798828e-01
1.129080355167388916e-01
1.130893826484680176e-01
1.132734119892120361e-01
1.134603321552276611e-01
1.136503219604492188e-01
1.138431727886199951e-01
1.140389442443847656e-01
1.142376363277435303e-01
1.144389510154724121e-01
1.146428287029266357e-01
1.148488223552703857e-01
1.150569319725036621e-01
1.152666509151458740e-01
1.154777109622955322e-01
1.156897544860839844e-01
1.159024536609649658e-01
1.161154210567474365e-01
1.163282990455627441e-01
1.165407299995422363e-01
1.167522072792053223e-01
1.169624924659729004e-01
1.171713173389434814e-01
1.173782646656036377e-01
1.175830960273742676e-01
1.177854537963867188e-01
1.179852187633514404e-01
1.181820034980773926e-01
1.183758974075317383e-01
1.185665130615234375e-01
1.187539100646972656e-01
1.189379394054412842e-01
1.191185414791107178e-01
1.192957758903503418e-01
1.194696724414825439e-01
1.196402311325073242e-01
1.198076009750366211e-01
1.199719309806823730e-01
1.201333105564117432e-01
1.202919185161590576e-01
1.204479932785034180e-01
1.206016540527343750e-01
1.207532882690429688e-01
1.209030747413635254e-01
1.210512816905975342e-01
1.211981475353240967e-01
1.213440597057342529e-01
1.214893162250518799e-01
1.216341555118560791e-01
1.217789947986602783e-01
1.219241321086883545e-01
1.220698952674865723e-01
1.222165524959564209e-01
1.223645806312561035e-01
1.225141584873199463e-01
1.226657629013061523e-01
1.228196918964385986e-01
1.229761838912963867e-01
1.231356859207153320e-01
1.232985258102416992e-01
1.234649419784545898e-01
1.236353516578674316e-01
1.238100528717041016e-01
1.239893138408660889e-01
1.241735816001892090e-01
1.243629455566406250e-01
1.245579123497009277e-01
1.247587203979492188e-01
1.249656677246093750e-01
1.251790225505828857e-01
1.253991425037384033e-01
1.256262958049774170e-01
1.258607506752014160e-01
1.261027753353118896e-01
1.263527274131774902e-01
1.266108751296997070e-01
