3.325513196480938500e-04
3.848973607038123435e-04
4.244868035190615778e-04
4.614369501466275732e-04
4.909090909090908957e-04
5.366568914956011292e-04
5.700879765395894727e-04
6.149560117302052932e-04
6.450146627565982605e-04
6.859237536656891685e-04
7.145161290322580780e-04
7.573313782991201960e-04
7.903225806451612788e-04
8.219941348973606879e-04
8.486803519061583874e-04
8.872434017595308246e-04
9.297653958944281745e-04
9.766862170087976976e-04
1.002052785923753615e-03
1.042668621700879863e-03
1.079325513196480874e-03
1.121554252199413564e-03
1.194721407624633417e-03
1.260997067448680351e-03
1.329618768328445647e-03
1.373753665689149547e-03
1.417448680351906078e-03
1.460997067448680442e-03
1.501026392961876937e-03
1.584310850439882594e-03
1.731231671554252271e-03
1.843988269794721467e-03
1.878739002932551267e-03
1.932991202346040971e-03
1.978445747800586327e-03
2.006158357771261041e-03
2.044134897360703942e-03
2.101612903225806312e-03
2.130205278592375330e-03
2.165982404692082253e-03
2.202199413489736111e-03
2.283137829912023405e-03
2.385190615835777045e-03
2.432111436950146460e-03
2.470381231671554129e-03
2.498680351906158378e-03
2.536803519061583446e-03
2.605865102639296112e-03
2.655865102639296243e-03
2.704838709677419469e-03
2.742815249266862369e-03
2.798973607038123066e-03
2.855425219941348965e-03
2.916715542521994189e-03
2.965249266862170045e-03
3.052346041055718339e-03
3.104252199413489680e-03
3.135630498533724213e-03
3.223020527859237708e-03
3.256744868035190820e-03
3.323607038123167073e-03
3.412609970674487011e-03
3.501026392961876978e-03
3.595454545454545344e-03
3.647214076246334518e-03
3.680498533724340261e-03
3.755278592375366556e-03
3.823900293255131852e-03
3.886363636363636149e-03
3.957771260997067393e-03
4.043548387096774013e-03
4.106158357771260911e-03
4.195894428152492986e-03
4.275659824046921208e-03
4.354398826979472524e-03
4.442815249266862491e-03
4.546334310850439972e-03
4.635923753665689012e-03
4.695307917888563026e-03
4.855718475073314208e-03
4.963636363636363645e-03
5.022873900293255492e-03
5.109384164222873816e-03
5.201026392961876667e-03
5.349560117302053219e-03
5.472580645161290169e-03
5.628885630498533729e-03
5.771554252199413183e-03
5.810117302052785621e-03
5.906011730205278261e-03
6.166129032258064503e-03
6.407184750733137778e-03
6.615102639296187477e-03
6.895747800586510094e-03
7.092228739002932533e-03
7.305278592375366760e-03
7.501319648093841830e-03
7.630645161290322380e-03
7.944868035190615074e-03
8.185190615835776645e-03
8.448973607038123140e-03
8.736950146627566263e-03
8.909090909090909907e-03
9.248533724340176135e-03
9.514809384164222075e-03
9.823167155425220273e-03
1.010483870967741893e-02
1.053695014662756578e-02
1.084780058651026342e-02
1.115718475073313766e-02
1.138724340175953018e-02
1.156202346041055803e-02
1.202199413489736003e-02
1.231217008797654000e-02
1.268049853372434088e-02
1.295029325513196404e-02
1.340087976539589519e-02
1.373826979472140761e-02
1.401627565982404774e-02
1.438093841642228664e-02
1.455293255131964725e-02
1.507375366568915014e-02
1.532932551319648139e-02
1.564472140762463229e-02
1.580175953079178755e-02
1.606392961876832934e-02
1.631818181818181848e-02
1.651451612903225702e-02
1.691392961876832940e-02
1.717419354838709694e-02
1.748152492668621563e-02
1.771129032258064381e-02
1.784237536656891471e-02
1.810586510263929513e-02
1.828797653958944350e-02
1.865469208211143620e-02
1.885542521994134843e-02
1.913695014662756752e-02
1.934178885630498390e-02
1.946480938416422432e-02
1.972214076246334158e-02
1.991774193548387015e-02
2.027346041055718556e-02
2.035043988269794740e-02
2.070571847507331545e-02
2.082448680351906001e-02
2.091891495601173184e-02
2.116774193548387126e-02
2.135967741935483957e-02
2.170058651026392921e-02
2.186524926686217105e-02
2.208885630498533606e-02
2.230293255131964719e-02
2.248431085043988212e-02
2.273108504398826946e-02
2.290425219941348914e-02
2.314633431085044019e-02
2.330909090909090778e-02
2.368299120234603969e-02
2.380351906158357719e-02
2.391774193548387023e-02
2.403724340175953170e-02
2.420366568914955954e-02
2.449604105571847462e-02
2.464281524926686257e-02
2.483651026392962036e-02
2.504032258064516070e-02
2.527434017595307780e-02
2.555146627565982320e-02
2.570601173020527902e-02
2.597214076246334366e-02
2.619222873900293319e-02
2.650366568914955950e-02
2.665351906158357903e-02
2.675087976539589421e-02
2.699061583577712711e-02
2.712463343108504482e-02
2.732903225806451730e-02
2.752507331378298977e-02
2.783504398826979614e-02
2.803387096774193413e-02
2.813211143695014751e-02
2.830601173020527717e-02
2.851495601173020464e-02
2.868240469208211199e-02
2.885777126099706852e-02
2.905542521994134916e-02
2.931964809384164303e-02
2.964237536656891617e-02
2.993460410557184648e-02
3.020337243401759533e-02
3.049530791788856304e-02
3.070146627565982500e-02
3.097580645161290488e-02
3.140542521994135056e-02
3.158475073313782994e-02
3.180982404692082183e-02
3.214662756598240384e-02
3.235366568914956054e-02
3.260381231671554553e-02
3.299398826979472316e-02
3.337800586510263762e-02
3.369662756598240660e-02
3.398152492668621988e-02
3.423416422287389738e-02
3.469838709677419697e-02
3.508533724340175824e-02
3.560982404692081965e-02
3.606026392961876603e-02
3.627873900293255433e-02
3.663577712609970838e-02
3.702609970674487078e-02
3.737184750733137800e-02
3.772126099706744895e-02
3.774296187683284787e-02
3.810513196480938558e-02
3.838152492668621407e-02
3.882126099706744576e-02
3.920703812316715664e-02
3.941260997067448646e-02
3.993621700879765313e-02
4.054560117302052902e-02
4.132991202346041060e-02
4.167785923753665467e-02
4.211847507331378110e-02
4.269120234604105446e-02
4.315146627565982079e-02
4.378724340175953189e-02
4.449853372434017795e-02
4.544032258064516216e-02
4.611935483870967939e-02
4.663284457478005657e-02
4.722140762463342828e-02
4.765909090909090789e-02
4.824765395894427961e-02
4.874794721407624959e-02
4.955557184750733479e-02
4.987917888563049573e-02
5.017961876832844476e-02
5.050190615835777053e-02
5.126979472140762162e-02
5.205909090909090903e-02
5.273900293255132099e-02
5.354046920821114303e-02
5.441114369501466597e-02
5.538387096774193691e-02
5.574941348973606881e-02
5.645161290322580488e-02
5.723724340175952857e-02
5.768607038123167025e-02
5.827653958944281620e-02
5.931906158357771325e-02
6.050117302052786250e-02
6.134838709677419011e-02
6.264648093841641840e-02
6.352976539589443028e-02
6.483255131964808793e-02
6.647272727272726667e-02
6.763152492668621230e-02
6.935982404692081493e-02
7.072272727272727044e-02
