8.617164492607116699e-01
8.598608374595642090e-01
8.579971790313720703e-01
8.561269044876098633e-01
8.542512059211730957e-01
8.523717522621154785e-01
8.504899740219116211e-01
8.486074209213256836e-01
8.467254042625427246e-01
8.448455929756164551e-01
8.429695367813110352e-01
8.410987854003906250e-01
8.392347693443298340e-01
8.373791575431823730e-01
8.355334997177124023e-01
8.336992859840393066e-01
8.318781852722167969e-01
8.300715684890747070e-01
8.282810449600219727e-01
8.265080451965332031e-01
8.247542381286621094e-01
8.230207562446594238e-01
8.213092088699340820e-01
8.196209669113159180e-01
8.179572820663452148e-01
8.163195848464965820e-01
8.147091269493103027e-01
8.131269216537475586e-01
8.115743398666381836e-01
8.100522756576538086e-01
8.085618615150451660e-01
8.071039915084838867e-01
8.056796789169311523e-01
8.042895793914794922e-01
8.029344677925109863e-01
8.016151189804077148e-01
8.003320097923278809e-01
7.990856170654296875e-01
7.978764772415161133e-01
7.967047691345214844e-01
7.955707311630249023e-01
7.944746017456054688e-01
7.934162616729736328e-01
7.923955917358398438e-01
7.914127111434936523e-01
7.904670834541320801e-01
7.895584702491760254e-01
7.886863946914672852e-01
7.878502607345581055e-01
7.870494127273559570e-01
7.862831354141235352e-01
7.855505943298339844e-01
7.848507165908813477e-01
7.841826677322387695e-01
7.835452556610107422e-01
7.829371690750122070e-01
7.823573350906372070e-01
7.818042635917663574e-01
7.812767028808593750e-01
7.807731628417968750e-01
7.802921533584594727e-01
7.798320055007934570e-01
7.793914079666137695e-01
7.789685726165771484e-01
7.785619497299194336e-01
7.781699895858764648e-01
7.777910828590393066e-01
7.774236202239990234e-01
7.770661711692810059e-01
7.767170667648315430e-01
7.763749361038208008e-01
7.760384082794189453e-01
7.757060527801513672e-01
7.753766775131225586e-01
7.750491499900817871e-01
7.747223377227783203e-01
7.743952870368957520e-01
7.740670442581176758e-01
7.737368941307067871e-01
7.734042406082153320e-01
7.730684280395507812e-01
7.727291584014892578e-01
7.723859548568725586e-01
7.720387578010559082e-01
7.716874480247497559e-01
7.713320255279541016e-01
7.709725499153137207e-01
7.706092596054077148e-01
7.702425718307495117e-01
7.698726654052734375e-01
7.695000171661376953e-01
7.691252231597900391e-01
7.687487602233886719e-01
7.683710455894470215e-01
7.679929733276367188e-01
7.676147818565368652e-01
7.672374248504638672e-01
7.668613195419311523e-01
7.664871215820312500e-01
7.661153078079223633e-01
7.657465338706970215e-01
7.653812170028686523e-01
7.650197744369506836e-01
7.646625041961669922e-01
7.643100619316101074e-01
7.639623880386352539e-01
7.636198997497558594e-01
7.632827162742614746e-01
7.629507780075073242e-01
7.626243233680725098e-01
7.623032331466674805e-01
7.619873881340026855e-01
7.616766691207885742e-01
7.613708972930908203e-01
7.610696554183959961e-01
7.607730031013488770e-01
7.604801654815673828e-01
7.601909637451171875e-01
7.599049806594848633e-01
7.596218585968017578e-01
7.593409419059753418e-01
7.590618133544921875e-01
7.587839365005493164e-01
7.585067749023437500e-01
7.582298517227172852e-01
7.579523921012878418e-01
7.576740384101867676e-01
7.573942542076110840e-01
7.571123242378234863e-01
7.568278312683105469e-01
7.565401196479797363e-01
7.562485933303833008e-01
7.559528350830078125e-01
7.556523084640502930e-01
7.553462982177734375e-01
7.550345659255981445e-01
7.547163963317871094e-01
7.543914318084716797e-01
7.540590763092041016e-01
7.537189722061157227e-01
7.533706426620483398e-01
7.530137300491333008e-01
7.526476383209228516e-01
7.522720098495483398e-01
7.518866062164306641e-01
7.514909505844116211e-01
7.510846257209777832e-01
7.506673336029052734e-01
7.502387762069702148e-01
7.497985959053039551e-01
