9.994229674339294434e-01
9.993925094604492188e-01
9.993484020233154297e-01
9.992884397506713867e-01
9.992134571075439453e-01
9.991298317909240723e-01
9.990468621253967285e-01
9.989706277847290039e-01
9.989022612571716309e-01
9.988383054733276367e-01
9.987745285034179688e-01
9.987083673477172852e-01
9.986394643783569336e-01
9.985691905021667480e-01
9.984994530677795410e-01
9.984320402145385742e-01
9.983668327331542969e-01
9.983029365539550781e-01
9.982388019561767578e-01
9.981726408004760742e-01
9.981027841567993164e-01
9.980283975601196289e-01
9.979485273361206055e-01
9.978631734848022461e-01
9.977724552154541016e-01
9.976769685745239258e-01
9.975771903991699219e-01
9.974741935729980469e-01
9.973685741424560547e-01
9.972611665725708008e-01
9.971526861190795898e-01
9.970436096191406250e-01
9.969343543052673340e-01
9.968250989913940430e-01
9.967160224914550781e-01
9.966067671775817871e-01
9.964975118637084961e-01
9.963880777359008789e-01
9.962781071662902832e-01
9.961674213409423828e-01
9.960561990737915039e-01
9.959441423416137695e-01
9.958314895629882812e-01
9.957183599472045898e-01
9.956048727035522461e-01
9.954912662506103516e-01
9.953780770301818848e-01
9.952650070190429688e-01
9.951528310775756836e-01
9.950412511825561523e-01
9.949305057525634766e-01
9.948204755783081055e-01
9.947112798690795898e-01
9.946022033691406250e-01
9.944934844970703125e-01
9.943844079971313477e-01
9.942746162414550781e-01
9.941636323928833008e-01
9.940509796142578125e-01
9.939363002777099609e-01
9.938189983367919922e-01
9.936988353729248047e-01
9.935753345489501953e-01
9.934483766555786133e-01
9.933179020881652832e-01
9.931834936141967773e-01
9.930454492568969727e-01
9.929039478302001953e-01
9.927588701248168945e-01
9.926105737686157227e-01
9.924590587615966797e-01
9.923048615455627441e-01
9.921480417251586914e-01
9.919886589050292969e-01
9.918267726898193359e-01
9.916627407073974609e-01
9.914964437484741211e-01
9.913274049758911133e-01
9.911558628082275391e-01
9.909811615943908691e-01
9.908029437065124512e-01
9.906204938888549805e-01
9.904329776763916016e-01
9.902393817901611328e-01
9.900383949279785156e-01
9.898284673690795898e-01
9.896077513694763184e-01
9.893740415573120117e-01
9.891248941421508789e-01
9.888579249382019043e-01
9.885706901550292969e-01
9.882615804672241211e-01
9.879299998283386230e-01
9.875768423080444336e-01
9.872049093246459961e-01
9.868175387382507324e-01
9.864184856414794922e-01
9.860100746154785156e-01
9.855918884277343750e-01
9.851617813110351562e-01
9.847160577774047852e-01
9.842513799667358398e-01
9.837656021118164062e-01
9.832586050033569336e-01
9.827314615249633789e-01
9.821862578392028809e-01
9.816250205039978027e-01
9.810496568679809570e-01
9.804610013961791992e-01
9.798600077629089355e-01
9.792468547821044922e-01
9.786221981048583984e-01
9.779869914054870605e-01
9.773429632186889648e-01
9.766925573348999023e-01
9.760392904281616211e-01
9.753869771957397461e-01
9.747401475906372070e-01
9.741029143333435059e-01
9.734789133071899414e-01
9.728707671165466309e-01
9.722799062728881836e-01
9.717063903808593750e-01
9.711493253707885742e-01
9.706063270568847656e-01
9.700750112533569336e-01
9.695522189140319824e-01
9.690355062484741211e-01
9.685226082801818848e-01
9.680121541023254395e-01
9.675031900405883789e-01
9.669958949089050293e-01
9.664906263351440430e-01
9.659882783889770508e-01
9.654899835586547852e-01
9.649966955184936523e-01
9.645091295242309570e-01
9.640279412269592285e-01
9.635531902313232422e-01
9.630846977233886719e-01
9.626219272613525391e-01
9.621645212173461914e-01
9.617115259170532227e-01
9.612627029418945312e-01
9.608172774314880371e-01
9.603751897811889648e-01
9.599361419677734375e-01
9.595001935958862305e-01
9.590675830841064453e-01
9.586386680603027344e-01
9.582134485244750977e-01
9.577922821044921875e-01
9.573750495910644531e-01
9.569618701934814453e-01
9.565523862838745117e-01
9.561462402343750000e-01
9.557426571846008301e-01
9.553410410881042480e-01
9.549405574798583984e-01
9.545402526855468750e-01
9.541392326354980469e-01
9.537368416786193848e-01
9.533320665359497070e-01
9.529242515563964844e-01
9.525133371353149414e-01
9.520987868309020996e-01
9.516808390617370605e-01
9.512599110603332520e-01
9.508371353149414062e-01
9.504137039184570312e-01
9.499912261962890625e-01
9.495718479156494141e-01
9.491572380065917969e-01
9.487490653991699219e-01
9.483478069305419922e-01
9.479537010192871094e-01
9.475655555725097656e-01
9.471817016601562500e-01
9.468001127243041992e-01
9.464180469512939453e-01
9.460334777832031250e-01
9.456446170806884766e-01
9.452497959136962891e-01
9.448478221893310547e-01
9.444376230239868164e-01
9.440186619758605957e-01
9.435903429985046387e-01
9.431521892547607422e-01
9.427040815353393555e-01
9.422460794448852539e-01
9.417781829833984375e-01
9.413011074066162109e-01
9.408159255981445312e-01
9.403233528137207031e-01
9.398248195648193359e-01
9.393213391304016113e-01
9.388135671615600586e-01
9.383012056350708008e-01
9.377826452255249023e-01
9.372546672821044922e-01
9.367119073867797852e-01
9.361475706100463867e-01
9.355545043945312500e-01
9.349269866943359375e-01
9.342633485794067383e-01
9.335682988166809082e-01
9.328528046607971191e-01
9.321322441101074219e-01
9.314215183258056641e-01
9.307310581207275391e-01
9.300640821456909180e-01
9.294173717498779297e-01
9.287834167480468750e-01
9.281527996063232422e-01
9.275157451629638672e-01
9.268637895584106445e-01
9.261900782585144043e-01
9.254892468452453613e-01
9.247572422027587891e-01
9.239912033081054688e-01
9.231890439987182617e-01
9.223494529724121094e-01
9.214713573455810547e-01
9.205547571182250977e-01
9.195997714996337891e-01
9.186075925827026367e-01
9.175803661346435547e-01
9.165209531784057617e-01
9.154340624809265137e-01
9.143252372741699219e-01
9.132014513015747070e-01
9.120699763298034668e-01
9.109382629394531250e-01
9.098119735717773438e-01
9.086939096450805664e-01
9.075819253921508789e-01
9.064675569534301758e-01
9.053351879119873047e-01
9.041631817817687988e-01
9.029280543327331543e-01
9.016121029853820801e-01
9.002121686935424805e-01
8.987462520599365234e-01
8.972501754760742188e-01
8.957647085189819336e-01
8.943184614181518555e-01
8.929182887077331543e-01
8.915500640869140625e-01
8.901882171630859375e-01
8.888058662414550781e-01
8.873811960220336914e-01
8.858978748321533203e-01
8.843431472778320312e-01
8.827031850814819336e-01
8.809622526168823242e-01
8.791021108627319336e-01
8.771046400070190430e-01
8.749555349349975586e-01
8.726468682289123535e-01
8.701794743537902832e-01
8.675629496574401855e-01
