6.078303977847099304e-02
6.078602746129035950e-02
6.078906729817390442e-02
6.079218909144401550e-02
6.079535186290740967e-02
6.079858168959617615e-02
6.080185994505882263e-02
6.080525368452072144e-02
6.080868840217590332e-02
6.081220135092735291e-02
6.081572547554969788e-02
6.081937253475189209e-02
6.082309409976005554e-02
6.082690134644508362e-02
6.083077192306518555e-02
6.083472445607185364e-02
6.083877384662628174e-02
6.084287166595458984e-02
6.084707751870155334e-02
6.085135787725448608e-02
6.085575744509696960e-02
6.086024269461631775e-02
6.086482107639312744e-02
6.086950004100799561e-02
6.087426468729972839e-02
6.087913364171981812e-02
6.088412553071975708e-02
6.088921055197715759e-02
6.089444458484649658e-02
6.089976057410240173e-02
6.090517342090606689e-02
6.091074272990226746e-02
6.091645359992980957e-02
6.092225015163421631e-02
6.092818453907966614e-02
6.093428283929824829e-02
6.094052270054817200e-02
6.094688177108764648e-02
6.095340847969055176e-02
6.096007674932479858e-02
6.096691265702247620e-02
6.097388640046119690e-02
6.098103523254394531e-02
6.098838523030281067e-02
6.099587678909301758e-02
6.100358068943023682e-02
6.101143732666969299e-02
6.101953238248825073e-02
6.102779880166053772e-02
6.103628128767013550e-02
6.104497611522674561e-02
6.105386838316917419e-02
6.106301769614219666e-02
6.107237935066223145e-02
6.108200550079345703e-02
6.109188497066497803e-02
6.110198050737380981e-02
6.111238151788711548e-02
6.112302467226982117e-02
6.113397330045700073e-02
6.114522367715835571e-02
6.115677580237388611e-02
6.116860732436180115e-02
6.118079274892807007e-02
6.119332462549209595e-02
6.120619550347328186e-02
6.121944636106491089e-02
6.123304739594459534e-02
6.124705448746681213e-02
6.126145273447036743e-02
6.127628684043884277e-02
6.129153072834014893e-02
6.130722537636756897e-02
6.132340431213378906e-02
6.134007126092910767e-02
6.135721877217292786e-02
6.137493252754211426e-02
6.139316037297248840e-02
6.141195818781852722e-02
6.143135577440261841e-02
6.145137175917625427e-02
6.147200986742973328e-02
6.149332225322723389e-02
6.151532754302024841e-02
6.153805553913116455e-02
6.156155467033386230e-02
6.158581003546714783e-02
6.161090731620788574e-02
6.163686886429786682e-02
6.166369095444679260e-02
6.169150024652481079e-02
6.172026693820953369e-02
6.175004318356513977e-02
6.178092584013938904e-02
6.181289255619049072e-02
6.184604763984680176e-02
6.188044324517250061e-02
6.191613525152206421e-02
6.195317208766937256e-02
6.199165806174278259e-02
6.203160062432289124e-02
6.207312643527984619e-02
6.211632490158081055e-02
6.216120719909667969e-02
6.220796704292297363e-02
6.225663051009178162e-02
6.230732798576354980e-02
6.236010789871215820e-02
6.241517886519432068e-02
6.247263774275779724e-02
6.253261119127273560e-02
6.259518861770629883e-02
6.266057491302490234e-02
6.272893399000167847e-02
6.280039250850677490e-02
6.287521123886108398e-02
6.295348703861236572e-02
6.303551048040390015e-02
6.312146037817001343e-02
6.321161985397338867e-02
6.330617517232894897e-02
6.340544670820236206e-02
6.350972503423690796e-02
6.361933052539825439e-02
6.373458355665206909e-02
6.385581940412521362e-02
6.398350745439529419e-02
6.411799043416976929e-02
6.425973027944564819e-02
6.440922617912292480e-02
6.456694751977920532e-02
6.473348289728164673e-02
6.490942090749740601e-02
6.509529799222946167e-02
6.529191881418228149e-02
6.549994647502899170e-02
6.572012603282928467e-02
6.595332175493240356e-02
6.620039790868759155e-02
6.646227836608886719e-02
6.673996895551681519e-02
6.703456491231918335e-02
6.734716892242431641e-02
6.767904758453369141e-02
6.803139299154281616e-02
6.840566545724868774e-02
6.880319118499755859e-02
6.922557204961776733e-02
6.967433542013168335e-02
7.015119493007659912e-02
7.065788656473159790e-02
7.119618356227874756e-02
7.176799327135086060e-02
7.237531244754791260e-02
7.302007079124450684e-02
7.370437681674957275e-02
7.443024218082427979e-02
7.519986480474472046e-02
7.601521164178848267e-02
7.687845826148986816e-02
7.779166847467422485e-02
7.875676453113555908e-02
7.977567613124847412e-02
8.085020631551742554e-02
8.198197185993194580e-02
8.317252993583679199e-02
8.442313969135284424e-02
8.573489636182785034e-02
8.710861951112747192e-02
8.854494988918304443e-02
9.004426747560501099e-02
9.160659462213516235e-02
9.323183447122573853e-02
9.491947293281555176e-02
9.666887670755386353e-02
9.847927093505859375e-02
1.003495827317237854e-01
1.022787243127822876e-01
1.042655259370803833e-01
1.063088104128837585e-01
1.084074527025222778e-01
1.105605438351631165e-01
1.127672269940376282e-01
1.150271743535995483e-01
1.173401623964309692e-01
1.197064444422721863e-01
1.221266537904739380e-01
1.246020272374153137e-01
1.271342635154724121e-01
1.297256052494049072e-01
1.323789060115814209e-01
1.350975632667541504e-01
1.378856152296066284e-01
1.407475024461746216e-01
1.436884999275207520e-01
1.467142701148986816e-01
1.498310267925262451e-01
1.530455052852630615e-01
1.563648730516433716e-01
1.597966998815536499e-01
1.633489727973937988e-01
1.670300215482711792e-01
1.708483546972274780e-01
1.748127937316894531e-01
1.789322197437286377e-01
1.832154840230941772e-01
1.876715719699859619e-01
1.923092454671859741e-01
1.971369534730911255e-01
2.021627575159072876e-01
2.073943763971328735e-01
2.128385603427886963e-01
2.185014039278030396e-01
2.243880778551101685e-01
2.305024117231369019e-01
2.368470728397369385e-01
2.434232831001281738e-01
2.502304613590240479e-01
2.572663128376007080e-01
2.645269334316253662e-01
2.720063328742980957e-01
2.796966433525085449e-01
2.875883281230926514e-01
2.956696450710296631e-01
3.039276599884033203e-01
3.123479485511779785e-01
3.209151029586791992e-01
3.296133875846862793e-01
3.384272158145904541e-01
3.473416268825531006e-01
3.563444912433624268e-01
3.654266595840454102e-01
3.745842278003692627e-01
3.838197588920593262e-01
3.931437730789184570e-01
4.025763869285583496e-01
4.121469259262084961e-01
4.218949377536773682e-01
4.318677484989166260e-01
4.421182274818420410e-01
4.527010321617126465e-01
4.636682868003845215e-01
4.750643372535705566e-01
4.869216382503509521e-01
4.992571175098419189e-01
5.120692849159240723e-01
5.253373980522155762e-01
5.390221476554870605e-01
5.530663728713989258e-01
5.673994421958923340e-01
5.819395780563354492e-01
5.965982675552368164e-01
6.112838387489318848e-01
6.259056329727172852e-01
6.403757333755493164e-01
6.546133160591125488e-01
6.685457229614257812e-01
6.821091175079345703e-01
6.952504515647888184e-01
7.079269289970397949e-01
7.201057076454162598e-01
