6.777477264404296875e-02
7.378735393285751343e-02
8.104941993951797485e-02
8.979889005422592163e-02
1.002835482358932495e-01
1.127356588840484619e-01
1.273367702960968018e-01
1.441777050495147705e-01
1.632239073514938354e-01
1.843001544475555420e-01
2.071049660444259644e-01
2.312521785497665405e-01
2.563280761241912842e-01
2.819496691226959229e-01
3.078078031539916992e-01
3.336907923221588135e-01
3.594882786273956299e-01
3.851820230484008789e-01
4.108223021030426025e-01
4.365023970603942871e-01
4.623267352581024170e-01
4.883813560009002686e-01
5.147060751914978027e-01
5.412744879722595215e-01
5.679819583892822266e-01
5.946428775787353516e-01
6.210034489631652832e-01
6.467611789703369141e-01
6.715911030769348145e-01
6.951758861541748047e-01
7.172310948371887207e-01
7.375230789184570312e-01
7.558817863464355469e-01
7.722031474113464355e-01
7.864487171173095703e-01
7.986409068107604980e-01
8.088607192039489746e-01
8.172445297241210938e-01
8.239840865135192871e-01
8.293255567550659180e-01
8.335636854171752930e-01
8.370273113250732422e-01
8.400536775588989258e-01
8.429534435272216797e-01
8.459767103195190430e-01
8.492913842201232910e-01
8.529800772666931152e-01
8.570563793182373047e-01
8.614880442619323730e-01
8.662216067314147949e-01
8.711990118026733398e-01
8.763661384582519531e-01
8.816743493080139160e-01
8.870773315429687500e-01
8.925269246101379395e-01
8.979687094688415527e-01
9.033401608467102051e-01
9.085719585418701172e-01
9.135916829109191895e-01
9.183291196823120117e-01
9.227233529090881348e-01
9.267274141311645508e-01
9.303124547004699707e-01
9.334676265716552734e-01
9.361991286277770996e-01
9.385260939598083496e-01
9.404774308204650879e-01
9.420874714851379395e-01
9.433931112289428711e-01
9.444307684898376465e-01
9.452359676361083984e-01
9.458411931991577148e-01
9.462765455245971680e-01
9.465692043304443359e-01
9.467435479164123535e-01
9.468216896057128906e-01
9.468232989311218262e-01
9.467661976814270020e-01
9.466661810874938965e-01
9.465371370315551758e-01
9.463915228843688965e-01
9.462398290634155273e-01
9.460915923118591309e-01
9.459545016288757324e-01
9.458353519439697266e-01
9.457396864891052246e-01
9.456723928451538086e-01
9.456373453140258789e-01
9.456378817558288574e-01
9.456769227981567383e-01
9.457568526268005371e-01
9.458799362182617188e-01
9.460480213165283203e-01
9.462628364562988281e-01
9.465255141258239746e-01
9.468372464179992676e-01
9.471987485885620117e-01
9.476100206375122070e-01
9.480707645416259766e-01
9.485799074172973633e-01
9.491354227066040039e-01
9.497346282005310059e-01
9.503739476203918457e-01
9.510487914085388184e-01
9.517537355422973633e-01
9.524826407432556152e-01
9.532288312911987305e-01
9.539850354194641113e-01
9.547439813613891602e-01
9.554986357688903809e-01
9.562419056892395020e-01
9.569674134254455566e-01
9.576697945594787598e-01
9.583441019058227539e-01
9.589864015579223633e-01
9.595940709114074707e-01
9.601649641990661621e-01
9.606980681419372559e-01
9.611930847167968750e-01
9.616504907608032227e-01
9.620710015296936035e-01
9.624561667442321777e-01
9.628076553344726562e-01
9.631272554397583008e-01
9.634171724319458008e-01
9.636794328689575195e-01
9.639161825180053711e-01
9.641296863555908203e-01
9.643216729164123535e-01
9.644941687583923340e-01
9.646491408348083496e-01
9.647881388664245605e-01
9.649126529693603516e-01
9.650242328643798828e-01
9.651242494583129883e-01
9.652137756347656250e-01
9.652938246726989746e-01
9.653655886650085449e-01
9.654299020767211914e-01
9.654874801635742188e-01
9.655389189720153809e-01
9.655851721763610840e-01
9.656265377998352051e-01
9.656635522842407227e-01
9.656967520713806152e-01
9.657265543937683105e-01
9.657532572746276855e-01
9.657772779464721680e-01
9.657988548278808594e-01
9.658180475234985352e-01
9.658353924751281738e-01
9.658508896827697754e-01
9.658648967742919922e-01
9.658774733543395996e-01
9.658886790275573730e-01
9.658986926078796387e-01
9.659076929092407227e-01
9.659157991409301758e-01
9.659230709075927734e-01
9.659296274185180664e-01
9.659354090690612793e-01
9.659405350685119629e-01
9.659451842308044434e-01
9.659492969512939453e-01
9.659529924392700195e-01
9.659562110900878906e-01
9.659590721130371094e-01
9.659616351127624512e-01
9.659639000892639160e-01
9.659657478332519531e-01
9.659674167633056641e-01
9.659689068794250488e-01
9.659702181816101074e-01
9.659712314605712891e-01
9.659721255302429199e-01
9.659729003906250000e-01
9.659734368324279785e-01
9.659738540649414062e-01
9.659742116928100586e-01
9.659744501113891602e-01
9.659746885299682617e-01
9.659746885299682617e-01
9.659746885299682617e-01
9.659745693206787109e-01
9.659743309020996094e-01
9.659740924835205078e-01
9.659738540649414062e-01
9.659735560417175293e-01
9.659731984138488770e-01
9.659727811813354492e-01
9.659723043441772461e-01
9.659718871116638184e-01
9.659713506698608398e-01
9.659707546234130859e-01
9.659702181816101074e-01
9.659696817398071289e-01
9.659690856933593750e-01
9.659684300422668457e-01
9.659678936004638672e-01
9.659672379493713379e-01
9.659665226936340332e-01
9.659658670425415039e-01
9.659652113914489746e-01
9.659645557403564453e-01
9.659639000892639160e-01
9.659630656242370605e-01
9.659624099731445312e-01
9.659617543220520020e-01
9.659609794616699219e-01
9.659603238105773926e-01
9.659596681594848633e-01
9.659588932991027832e-01
9.659581780433654785e-01
9.659575223922729492e-01
9.659568667411804199e-01
9.659560918807983398e-01
9.659554362297058105e-01
9.659547805786132812e-01
9.659539461135864258e-01
9.659532904624938965e-01
9.659526348114013672e-01
9.659519791603088379e-01
9.659513235092163086e-01
9.659506082534790039e-01
9.659499526023864746e-01
9.659492969512939453e-01
9.659486413002014160e-01
9.659479856491088867e-01
9.659472703933715820e-01
9.659467339515686035e-01
9.659460783004760742e-01
9.659454226493835449e-01
9.659447669982910156e-01
9.659441709518432617e-01
9.659435153007507324e-01
9.659429788589477539e-01
9.659422636032104492e-01
9.659417271614074707e-01
9.659410715103149414e-01
9.659405350685119629e-01
9.659399390220642090e-01
9.659394025802612305e-01
9.659388661384582520e-01
9.659381508827209473e-01
9.659376144409179688e-01
9.659370779991149902e-01
9.659364819526672363e-01
9.659360647201538086e-01
9.659355282783508301e-01
9.659349322319030762e-01
9.659343957901000977e-01
9.659338593482971191e-01
9.659333825111389160e-01
9.659328460693359375e-01
9.659323096275329590e-01
9.659318327903747559e-01
9.659312963485717773e-01
9.659308195114135742e-01
9.659302830696105957e-01
9.659298062324523926e-01
9.659293889999389648e-01
