5.566932377405464649e-04
6.074960692785680294e-04
6.635449244640767574e-04
7.225735462270677090e-04
7.832921692170202732e-04
8.450243622064590454e-04
9.069116786122322083e-04
9.677826892584562302e-04
1.026611542329192162e-03
1.082893810234963894e-03
1.136627979576587677e-03
1.188074587844312191e-03
1.237514195963740349e-03
1.285138307139277458e-03
1.331027131527662277e-03
1.375167863443493843e-03
1.417518127709627151e-03
1.458038808777928352e-03
1.496721175499260426e-03
1.533596660010516644e-03
1.568727311678230762e-03
1.602196483872830868e-03
1.634085201658308506e-03
1.664461451582610607e-03
1.693375059403479099e-03
1.720845233649015427e-03
1.746883383020758629e-03
1.771491602994501591e-03
1.794668962247669697e-03
1.816433737985789776e-03
1.836807350628077984e-03
1.855835202150046825e-03
1.873575500212609768e-03
1.890096114948391914e-03
1.905475393868982792e-03
1.919796457514166832e-03
1.933143706992268562e-03
1.945601077750325203e-03
1.957253552973270416e-03
1.968173775821924210e-03
1.978432992473244667e-03
1.988100819289684296e-03
1.997232669964432716e-03
2.005882328376173973e-03
2.014098921790719032e-03
2.021923428401350975e-03
2.029390074312686920e-03
2.036530757322907448e-03
2.043377375230193138e-03
2.049946459010243416e-03
2.056262688711285591e-03
2.062339102849364281e-03
2.068191301077604294e-03
2.073832321912050247e-03
2.079271012917160988e-03
2.084517618641257286e-03
2.089577494189143181e-03
2.094457158818840981e-03
2.099165692925453186e-03
2.103706356137990952e-03
2.108086366206407547e-03
2.112308517098426819e-03
2.116374205797910690e-03
2.120295073837041855e-03
2.124071586877107620e-03
2.127708168700337410e-03
2.131209010258316994e-03
2.134579233825206757e-03
2.137821633368730545e-03
2.140943659469485283e-03
2.143946941941976547e-03
2.146835671737790108e-03
2.149615203961730003e-03
2.152288332581520081e-03
2.154861344024538994e-03
2.157334703952074051e-03
2.159716561436653137e-03
2.162005053833127022e-03
2.164208795875310898e-03
2.166328951716423035e-03
2.168370643630623817e-03
2.170334104448556900e-03
2.172227716073393822e-03
2.174048451706767082e-03
2.175802597776055336e-03
2.177492715418338776e-03
2.179121831431984901e-03
2.180692274123430252e-03
2.182207535952329636e-03
2.183669013902544975e-03
2.185077173635363579e-03
2.186437603086233139e-03
2.187750767916440964e-03
2.189018996432423592e-03
2.190246246755123138e-03
2.191430423408746719e-03
2.192576648667454720e-03
2.193685853853821754e-03
2.194756874814629555e-03
2.195796230807900429e-03
2.196803689002990723e-03
2.197775989770889282e-03
2.198722446337342262e-03
2.199640031903982162e-03
2.200530841946601868e-03
2.201396971940994263e-03
2.202238189056515694e-03
2.203054493293166161e-03
2.203849144279956818e-03
2.204624237492680550e-03
2.205376280471682549e-03
2.206111093983054161e-03
2.206827048212289810e-03
2.207524375990033150e-03
2.208207268267869949e-03
2.208873396739363670e-03
2.209523925557732582e-03
2.210163278505206108e-03
2.210785867646336555e-03
2.211395883932709694e-03
2.211996819823980331e-03
2.212583087384700775e-03
2.213158877566456795e-03
2.213726518675684929e-03
2.214283915236592293e-03
2.214830834418535233e-03
2.215371234342455864e-03
2.215902553871273994e-03
2.216428751125931740e-03
2.216947730630636215e-03
2.217457164078950882e-03
2.217963570728898048e-03
2.218462759628891945e-03
2.218957990407943726e-03
2.219447866082191467e-03
2.219935646280646324e-03
2.220417605713009834e-03
2.220894908532500267e-03
2.221370581537485123e-03
2.221846021711826324e-03
2.222317736595869064e-03
2.222787123173475266e-03
2.223255578428506851e-03
2.223721239715814590e-03
2.224187832325696945e-03
2.224652329459786415e-03
2.225119154900312424e-03
2.225583884865045547e-03
2.226050011813640594e-03
2.226514974609017372e-03
2.226983197033405304e-03
2.227451652288436890e-03
2.227922203019261360e-03
2.228393917903304100e-03
2.228866796940565109e-03
2.229342004284262657e-03
2.229821402579545975e-03
2.230301033705472946e-03
2.230782760307192802e-03
2.231271238997578621e-03
2.231759484857320786e-03
2.232252154499292374e-03
2.232749480754137039e-03
2.233247505500912666e-03
2.233751118183135986e-03
2.234257059171795845e-03
2.234767423942685127e-03
2.235282212495803833e-03
2.235797932371497154e-03
2.236321335658431053e-03
2.236845903098583221e-03
2.237379085272550583e-03
2.237913431599736214e-03
2.238452434539794922e-03
2.238996792584657669e-03
2.239545341581106186e-03
2.240097615867853165e-03
2.240655012428760529e-03
2.241216832771897316e-03
2.241783076897263527e-03
2.242354908958077431e-03
2.242930000647902489e-03
2.243512775748968124e-03
2.244098810479044914e-03
2.244690200313925743e-03
2.245287410914897919e-03
2.245887881144881248e-03
2.246496733278036118e-03
2.247110474854707718e-03
2.247731667011976242e-03
2.248357282951474190e-03
2.248988486826419830e-03
2.249627374112606049e-03
2.250273013487458229e-03
2.250927034765481949e-03
2.251589205116033554e-03
2.252257429063320160e-03
2.252937061712145805e-03
2.253623213618993759e-03
2.254321239888668060e-03
2.255027182400226593e-03
2.255746163427829742e-03
2.256472595036029816e-03
2.257211366668343544e-03
2.257965505123138428e-03
2.258731517940759659e-03
2.259510569274425507e-03
2.260306384414434433e-03
2.261118264868855476e-03
2.261942485347390175e-03
2.262787660583853722e-03
2.263650996610522270e-03
2.264532260596752167e-03
2.265435410663485527e-03
2.266359282657504082e-03
2.267305972054600716e-03
2.268275944516062737e-03
2.269272226840257645e-03
2.270293654873967171e-03
2.271344885230064392e-03
2.272425685077905655e-03
2.273537218570709229e-03
2.274681115522980690e-03
2.275858772918581963e-03
2.277072751894593239e-03
2.278325380757451057e-03
2.279614564031362534e-03
2.280947985127568245e-03
2.282325411215424538e-03
2.283746143803000450e-03
2.285215537995100021e-03
2.286734757944941521e-03
2.288306364789605141e-03
2.289931289851665497e-03
2.291613956913352013e-03
2.293356694281101227e-03
2.295160898938775063e-03
2.297029830515384674e-03
2.298966981470584869e-03
2.300975844264030457e-03
2.303055720403790474e-03
2.305212896317243576e-03
2.307451330125331879e-03
2.309771953150629997e-03
2.312177559360861778e-03
2.314671408385038376e-03
2.317260485142469406e-03
2.319947583600878716e-03
2.322729444131255150e-03
2.325617475435137749e-03
2.328613074496388435e-03
2.331721363589167595e-03
2.334942808374762535e-03
2.338282996788620949e-03
2.341747283935546875e-03
2.345334971323609352e-03
2.349056536331772804e-03
2.352911513298749924e-03
2.356905490159988403e-03
2.361040562391281128e-03
2.365324879065155983e-03
