4.191355314105749130e-03
4.157031886279582977e-03
4.111332818865776062e-03
4.048594739288091660e-03
3.961799666285514832e-03
3.844214603304862976e-03
3.693163627758622169e-03
3.514852141961455345e-03
3.325217403471469879e-03
3.142256522551178932e-03
2.974994247779250145e-03
2.820230089128017426e-03
2.669275039806962013e-03
2.517112996429204941e-03
2.366312080994248390e-03
2.223469316959381104e-03
2.093056682497262955e-03
1.974994782358407974e-03
1.866408041678369045e-03
1.764066633768379688e-03
1.665678108111023903e-03
1.570271910168230534e-03
1.478067482821643353e-03
1.389769371598958969e-03
1.305617857724428177e-03
1.224915147759020329e-03
1.146429218351840973e-03
1.069266931153833866e-03
9.935020934790372849e-04
9.201671928167343140e-04
8.507261518388986588e-04
7.864269427955150604e-04
7.279192795976996422e-04
6.751990295015275478e-04
6.277941865846514702e-04
5.850169691257178783e-04
5.461733671836555004e-04
5.106977769173681736e-04
4.781958123203366995e-04
4.484249802771955729e-04
4.212491039652377367e-04
3.965770883951336145e-04
3.743141132872551680e-04
3.543297643773257732e-04
3.364377771504223347e-04
3.204021195415407419e-04
3.059439477510750294e-04
2.927670720964670181e-04
2.805865951813757420e-04
2.691491972655057907e-04
2.582572051323950291e-04
2.477747038938105106e-04
2.376262127654626966e-04
2.277858002344146371e-04
2.182624448323622346e-04
2.090829366352409124e-04
2.002764376811683178e-04
1.918660418596118689e-04
1.838613534346222878e-04
1.762580941431224346e-04
1.690389763098210096e-04
1.621770497877150774e-04
1.556393108330667019e-04
1.493911549914628267e-04
1.433985889889299870e-04
1.376319269184023142e-04
1.320656592724844813e-04
1.266812032554298639e-04
1.214643780258484185e-04
1.164070636150427163e-04
1.115055201807990670e-04
1.067590128513984382e-04
1.021698044496588409e-04
9.774122008820995688e-05
9.347747254651039839e-05
8.938248356571421027e-05
8.545962191419675946e-05
8.171125227818265557e-05
7.813822594471275806e-05
7.474039011867716908e-05
7.151572208385914564e-05
6.846085307188332081e-05
6.557160668307915330e-05
6.284184200922027230e-05
6.026558185112662613e-05
5.783523374702781439e-05
5.554340532398782670e-05
5.338197297533042729e-05
5.134316597832366824e-05
4.941910810885019600e-05
4.760218871524557471e-05
4.588499723467975855e-05
4.426071973284706473e-05
4.272289515938609838e-05
4.126549174543470144e-05
3.988311800640076399e-05
3.857073534163646400e-05
3.732388358912430704e-05
3.613845547079108655e-05
3.501072933431714773e-05
3.393751831026747823e-05
3.291580651421099901e-05
3.194294549757614732e-05
3.101652328041382134e-05
3.013440618815366179e-05
2.929460242739878595e-05
2.849529664672445506e-05
2.773492997221183032e-05
2.701182165765203536e-05
2.632458199514076114e-05
2.567176488810218871e-05
2.505211523384787142e-05
2.446435428282711655e-05
2.390720328548923135e-05
2.337938894925173372e-05
2.287986899318639189e-05
2.240736284875310957e-05
2.196067362092435360e-05
2.153875720978248864e-05
2.114050766977015883e-05
2.076478267554193735e-05
2.041048719547688961e-05
2.007662624237127602e-05
1.976220846700016409e-05
1.946609154401812702e-05
1.918747329909820110e-05
1.892536420200485736e-05
1.867889113782439381e-05
1.844721919042058289e-05
1.822945523599628359e-05
1.802491715352516621e-05
1.783280640665907413e-05
1.765246815921273082e-05
1.748320755723398179e-05
1.732442251523025334e-05
1.717551276669837534e-05
1.703593989077489823e-05
1.690520548436325043e-05
1.678283297223970294e-05
1.666835851210635155e-05
1.656134190852753818e-05
1.646144664846360683e-05
1.636827437323518097e-05
1.628154313948471099e-05
1.620095645193941891e-05
1.612617961654905230e-05
1.605703255336266011e-05
1.599324241396971047e-05
1.593462911841925234e-05
1.588101622473914176e-05
1.583224911883007735e-05
1.578817864356096834e-05
1.574871748744044453e-05
1.571370376041159034e-05
1.568317748024128377e-05
1.565698039485141635e-05
1.563509249535854906e-05
1.561752287670969963e-05
1.560421333124395460e-05
1.559527299832552671e-05
1.559072188683785498e-05
1.559051270305644721e-05
1.559479642310179770e-05
1.560366217745468020e-05
1.561726821819320321e-05
1.563564364914782345e-05
1.565902675793040544e-05
1.568754669278860092e-05
1.572137807670515031e-05
1.576075374032370746e-05
1.580587741045746952e-05
1.585702921147458255e-05
1.591444561199750751e-05
1.597837763256393373e-05
1.604911813046783209e-05
1.612702726561110467e-05
1.621234696358442307e-05
1.630539554753340781e-05
1.640650043555069715e-05
1.651593447604682297e-05
1.663404145801905543e-05
1.676108149695210159e-05
1.689730743237305433e-05
1.704289388726465404e-05
1.719803367450367659e-05
1.736295962473377585e-05
1.753762990119867027e-05
1.772204814187716693e-05
1.791615977708715945e-05
1.811984657251741737e-05
1.833273381635081023e-05
1.855457776400726289e-05
1.878487637441139668e-05
1.902311305457260460e-05
1.926859658851753920e-05
1.952063576027285308e-05
1.977844112843740731e-05
2.004112138820346445e-05
2.030779796768911183e-05
2.057749043160583824e-05
2.084935294988099486e-05
2.112243055307772011e-05
2.139594107575248927e-05
2.166908780054654926e-05
2.194116132159251720e-05
2.221162867499515414e-05
2.248009150207508355e-05
2.274622238473966718e-05
2.300988671777304262e-05
2.327114816580433398e-05
2.353016861889045686e-05
2.378730641794390976e-05
2.404303813818842173e-05
2.429803862469270825e-05
2.455312278470955789e-05
2.480923103576060385e-05
2.506733835616614670e-05
2.532875987526495010e-05
2.559468885010574013e-05
2.586659138614777476e-05
2.614592085592448711e-05
2.643429252202622592e-05
2.673331073310691863e-05
2.704478902160190046e-05
2.737046634138096124e-05
2.771232539089396596e-05
2.807228702295105904e-05
2.845239214366301894e-05
2.885474896174855530e-05
2.928153116954490542e-05
2.973492337332572788e-05
3.021716474904678762e-05
3.073069819947704673e-05
3.127770469291135669e-05
3.186065441695973277e-05
3.248193388571962714e-05
3.314392233733087778e-05
3.384888987056910992e-05
3.459932850091718137e-05
3.539727549650706351e-05
3.624503005994483829e-05
3.714438935276120901e-05
3.809729241766035557e-05
3.910513623850420117e-05
4.016939419670961797e-05
4.129084118176251650e-05
4.247015021974220872e-05
4.370760507299564779e-05
4.500269278651103377e-05
4.635484219761565328e-05
4.776283458340913057e-05
4.922481093672104180e-05
5.073859210824593902e-05
5.230152237345464528e-05
5.391048398450948298e-05
5.556184260058216751e-05
5.725159644498489797e-05
5.897553637623786926e-05
6.072930045775137842e-05
6.250839942367747426e-05
6.430813664337620139e-05
