1.902683638036251068e-02
1.899240724742412567e-02
1.895541511476039886e-02
1.891549304127693176e-02
1.887223869562149048e-02
1.882511749863624573e-02
1.877348497509956360e-02
1.871657371520996094e-02
1.865340024232864380e-02
1.858276687562465668e-02
1.850309036672115326e-02
1.841242238879203796e-02
1.830821298062801361e-02
1.818731240928173065e-02
1.804564148187637329e-02
1.787812821567058563e-02
1.767847314476966858e-02
1.743909344077110291e-02
1.715123280882835388e-02
1.680536381900310516e-02
1.639215089380741119e-02
1.590395905077457428e-02
1.533662714064121246e-02
1.469106599688529968e-02
1.397363562136888504e-02
1.319523155689239502e-02
1.236953400075435638e-02
1.151165366172790527e-02
1.063798740506172180e-02
9.766359813511371613e-03
8.916198275983333588e-03
8.107503876090049744e-03
7.359082344919443130e-03
6.686674896627664566e-03
6.101736333221197128e-03
5.611118860542774200e-03
5.217353347688913345e-03
4.919797182083129883e-03
4.716410301625728607e-03
4.605428315699100494e-03
4.584329202771186829e-03
4.643972497433423996e-03
4.758931696414947510e-03
4.882947076112031937e-03
4.961183760315179825e-03
4.956073127686977386e-03
4.863813519477844238e-03
4.707538988441228867e-03
4.518423695117235184e-03
4.321436863392591476e-03
4.130751825869083405e-03
3.951209131628274918e-03
3.781438572332262993e-03
3.616649191826581955e-03
3.450587159022688866e-03
3.277194686233997345e-03
3.092250088229775429e-03
2.895280020311474800e-03
2.690997440367937088e-03
2.488986356183886528e-03
2.300818217918276787e-03
2.135947812348604202e-03
1.999055501073598862e-03
1.890043145976960659e-03
1.805769745260477066e-03
1.741929445415735245e-03
1.694291830062866211e-03
1.659265253692865372e-03
1.634030137211084366e-03
1.616466790437698364e-03
1.605002209544181824e-03
1.598457922227680683e-03
1.595919020473957062e-03
1.596621936187148094e-03
1.599887851625680923e-03
1.605087658390402794e-03
1.611617510206997395e-03
1.618895679712295532e-03
1.626395038329064846e-03
1.633631763979792595e-03
1.640200265683233738e-03
1.645771437324583530e-03
1.650090096518397331e-03
1.652981736697256565e-03
1.654337393119931221e-03
1.654098858125507832e-03
1.652256469242274761e-03
1.648835488595068455e-03
1.643889117985963821e-03
1.637484529055655003e-03
1.629711478017270565e-03
1.620663097128272057e-03
1.610445557162165642e-03
1.599162002094089985e-03
1.586928148753941059e-03
1.573858316987752914e-03
1.560061704367399216e-03
1.545653329230844975e-03
1.530746580101549625e-03
1.515443553216755390e-03
1.499845646321773529e-03
1.484050997532904148e-03
1.468143542297184467e-03
1.452203723601996899e-03
1.436297199688851833e-03
1.420486369170248508e-03
1.404814189299941063e-03
1.389318262226879597e-03
1.374030252918601036e-03
1.358964596875011921e-03
1.344132469967007637e-03
1.329539692960679531e-03
1.315188594162464142e-03
1.301081385463476181e-03
1.287222141399979591e-03
1.273623667657375336e-03
1.260297955013811588e-03
1.247268053703010082e-03
1.234566676430404186e-03
1.222230377607047558e-03
1.210301299579441547e-03
1.198825426399707794e-03
1.187847810797393322e-03
1.177414669655263424e-03
1.167562324553728104e-03
1.158323488198220730e-03
1.149724354036152363e-03
1.141782617196440697e-03
1.134507823735475540e-03
1.127902185544371605e-03
1.121961278840899467e-03
1.116681029088795185e-03
1.112052123062312603e-03
1.108059776015579700e-03
1.104694441892206669e-03
1.101943315006792545e-03
1.099796034395694733e-03
1.098246080800890923e-03
1.097288681194186211e-03
1.096922322176396847e-03
1.097149681299924850e-03
1.097976113669574261e-03
1.099413842894136906e-03
1.101474277675151825e-03
1.104179420508444309e-03
1.107549527660012245e-03
1.111612073145806789e-03
1.116398139856755733e-03
1.121941371820867062e-03
1.128279953263700008e-03
1.135456026531755924e-03
1.143509987741708755e-03
1.152490382082760334e-03
1.162440283223986626e-03
1.173409167677164078e-03
1.185441855341196060e-03
1.198582700453698635e-03
1.212872564792633057e-03
1.228351262398064137e-03
1.245049061253666878e-03
1.262995065189898014e-03
1.282205223105847836e-03
1.302698859944939613e-03
1.324477954767644405e-03
1.347543206065893173e-03
1.371883321553468704e-03
1.397478627040982246e-03
1.424306887201964855e-03
1.452331547625362873e-03
1.481506507843732834e-03
1.511774840764701366e-03
1.543071120977401733e-03
1.575316302478313446e-03
1.608425867743790150e-03
1.642312970943748951e-03
1.676891231909394264e-03
1.712094410322606564e-03
1.747883972711861134e-03
1.784252119250595570e-03
1.821232610382139683e-03
1.858893199823796749e-03
1.897324458695948124e-03
1.936623593792319298e-03
1.976872561499476433e-03
2.018115716055035591e-03
2.060357714071869850e-03
2.103560138493776321e-03
2.147656166926026344e-03
2.192564075812697411e-03
2.238196786493062973e-03
2.284496091306209564e-03
2.331426367163658142e-03
2.378985751420259476e-03
2.427223371341824532e-03
2.476210705935955048e-03
2.526057651266455650e-03
2.576909260824322701e-03
2.628911985084414482e-03
2.682230202481150627e-03
2.737029222771525383e-03
2.793474588543176651e-03
2.851720433682203293e-03
2.911908552050590515e-03
2.974164206534624100e-03
3.038593335077166557e-03
3.105277428403496742e-03
3.174272831529378891e-03
3.245602594688534737e-03
3.319265088066458702e-03
3.395219566300511360e-03
3.473401069641113281e-03
3.553716233000159264e-03
3.636056091636419296e-03
3.720299573615193367e-03
3.806352848187088966e-03
3.894149325788021088e-03
3.983679227530956268e-03
4.075019620358943939e-03
4.168345592916011810e-03
4.263946320861577988e-03
4.362191539257764816e-03
4.463505931198596954e-03
4.568282049149274826e-03
4.676814656704664230e-03
4.789149854332208633e-03
4.905091598629951477e-03
5.024155136197805405e-03
5.145734641700983047e-03
5.269285757094621658e-03
5.394579842686653137e-03
5.521873012185096741e-03
5.652016028761863708e-03
5.786352325230836868e-03
5.926539190113544464e-03
6.074273958802223206e-03
6.231058388948440552e-03
6.397968158125877380e-03
6.575611885637044907e-03
6.764088291674852371e-03
6.963162682950496674e-03
7.172347512096166611e-03
7.391134742647409439e-03
7.619057316333055496e-03
7.856007665395736694e-03
8.102402091026306152e-03
8.359330706298351288e-03
8.628411218523979187e-03
8.911219425499439240e-03
9.208409115672111511e-03
9.518722072243690491e-03
9.838636964559555054e-03
1.016263291239738464e-02
1.048429217189550400e-02
1.079777628183364868e-02
1.109890453517436981e-02
1.138567086309194565e-02
1.165819726884365082e-02
1.191814988851547241e-02
1.216808427125215530e-02
1.241100393235683441e-02
1.264981925487518311e-02
