1.176407560706138611e-02
1.216108258813619614e-02
1.257302705198526382e-02
1.299764029681682587e-02
1.343229785561561584e-02
1.387402974069118500e-02
1.431966945528984070e-02
1.476593594998121262e-02
1.520957518368959427e-02
1.564745418727397919e-02
1.607669517397880554e-02
1.649476587772369385e-02
1.689948141574859619e-02
1.728914678096771240e-02
1.766244135797023773e-02
1.801855862140655518e-02
1.835702359676361084e-02
1.867777481675148010e-02
1.898106001317501068e-02
1.926732249557971954e-02
1.953725330531597137e-02
1.979167945683002472e-02
2.003146335482597351e-02
2.025757730007171631e-02
2.047096937894821167e-02
2.067261002957820892e-02
2.086340449750423431e-02
2.104424126446247101e-02
2.121593989431858063e-02
2.137926593422889709e-02
2.153496257960796356e-02
2.168363891541957855e-02
2.182591520249843597e-02
2.196232788264751434e-02
2.209336683154106140e-02
2.221943438053131104e-02
2.234096080064773560e-02
2.245825342833995819e-02
2.257161028683185577e-02
2.268129959702491760e-02
2.278755232691764832e-02
2.289054729044437408e-02
2.299046516418457031e-02
2.308743633329868317e-02
2.318157628178596497e-02
2.327299863100051880e-02
2.336177043616771698e-02
2.344796247780323029e-02
2.353162877261638641e-02
2.361283451318740845e-02
2.369160391390323639e-02
2.376792766153812408e-02
2.384191192686557770e-02
2.391353249549865723e-02
2.398283407092094421e-02
2.404984645545482635e-02
2.411459572613239288e-02
2.417711541056632996e-02
2.423747070133686066e-02
2.429570071399211884e-02
2.435185201466083527e-02
2.440602146089076996e-02
2.445827797055244446e-02
2.450869046151638031e-02
2.455739490687847137e-02
2.460445649921894073e-02
2.465003915131092072e-02
2.469422109425067902e-02
2.473714388906955719e-02
2.477898076176643372e-02
2.481981366872787476e-02
2.485982328653335571e-02
2.489914931356906891e-02
2.493790537118911743e-02
2.497625909745693207e-02
2.501431852579116821e-02
2.505219355225563049e-02
2.509002387523651123e-02
2.512788027524948120e-02
2.516589500010013580e-02
2.520408853888511658e-02
2.524255402386188507e-02
2.528132498264312744e-02
2.532042376697063446e-02
2.535990625619888306e-02
2.539971470832824707e-02
2.543988265097141266e-02
2.548037096858024597e-02
2.552115917205810547e-02
2.556218020617961884e-02
2.560338377952575684e-02
2.564473077654838562e-02
2.568615600466728210e-02
2.572759054601192474e-02
2.576895616948604584e-02
2.581019885838031769e-02
2.585123851895332336e-02
2.589202113449573517e-02
2.593247964978218079e-02
2.597256377339363098e-02
2.601221017539501190e-02
2.605137787759304047e-02
2.609003894031047821e-02
2.612811699509620667e-02
2.616563998162746429e-02
2.620254643261432648e-02
2.623883448541164398e-02
2.627449482679367065e-02
2.630952931940555573e-02
2.634391374886035919e-02
2.637770399451255798e-02
2.641088142991065979e-02
2.644345909357070923e-02
2.647547796368598938e-02
2.650695107877254486e-02
2.653791755437850952e-02
2.656838856637477875e-02
2.659841813147068024e-02
2.662804350256919861e-02
2.665728144347667694e-02
2.668618783354759216e-02
2.671479433774948120e-02
2.674314938485622406e-02
2.677128091454505920e-02
2.679923735558986664e-02
2.682705782353878021e-02
2.685476467013359070e-02
2.688241936266422272e-02
2.691004611551761627e-02
2.693767100572586060e-02
2.696534804999828339e-02
2.699307166039943695e-02
2.702093124389648438e-02
2.704889699816703796e-02
2.707705087959766388e-02
2.710537612438201904e-02
2.713390812277793884e-02
2.716269344091415405e-02
2.719171345233917236e-02
2.722101658582687378e-02
2.725061774253845215e-02
2.728052064776420593e-02
2.731074020266532898e-02
2.734132111072540283e-02
2.737223543226718903e-02
2.740353159606456757e-02
2.743520960211753845e-02
2.746725827455520630e-02
2.749971672892570496e-02
2.753258310258388519e-02
2.756585180759429932e-02
2.759954147040843964e-02
2.763366512954235077e-02
2.766822464764118195e-02
2.770323492586612701e-02
2.773867361247539520e-02
2.777458727359771729e-02
2.781096100807189941e-02
2.784780412912368774e-02
2.788510546088218689e-02
2.792291156947612762e-02
2.796118892729282379e-02
2.799997851252555847e-02
2.803926169872283936e-02
2.807905711233615875e-02
2.811937220394611359e-02
2.816022932529449463e-02
2.820162847638130188e-02
2.824356220662593842e-02
2.828606031835079193e-02
2.832913212478160858e-02
2.837278880178928375e-02
2.841706946492195129e-02
2.846193127334117889e-02
2.850743569433689117e-02
2.855357713997364044e-02
2.860038727521896362e-02
2.864789217710494995e-02
2.869609557092189789e-02
2.874501049518585205e-02
2.879467420279979706e-02
2.884511463344097137e-02
2.889634482562541962e-02
2.894840948283672333e-02
2.900131978094577789e-02
2.905510552227497101e-02
2.910982072353363037e-02
2.916549704968929291e-02
2.922217361629009247e-02
2.927986346185207367e-02
2.933865226805210114e-02
2.939854748547077179e-02
2.945963852107524872e-02
2.952196076512336731e-02
2.958555147051811218e-02
2.965051494538784027e-02
2.971688285470008850e-02
2.978476509451866150e-02
2.985420078039169312e-02
2.992529235780239105e-02
2.999811619520187378e-02
3.007279336452484131e-02
3.014940395951271057e-02
3.022805042564868927e-02
3.030887432396411896e-02
3.039198555052280426e-02
3.047752194106578827e-02
3.056562505662441254e-02
3.065645880997180939e-02
3.075015172362327576e-02
3.084687888622283936e-02
3.094682656228542328e-02
3.105017915368080139e-02
3.115714527666568756e-02
3.126790001988410950e-02
3.138265386223793030e-02
3.150165081024169922e-02
3.162506222724914551e-02
3.175314888358116150e-02
3.188611194491386414e-02
3.202417492866516113e-02
3.216757625341415405e-02
3.231651335954666138e-02
3.247119113802909851e-02
3.263178840279579163e-02
3.279852122068405151e-02
3.297156095504760742e-02
3.315103054046630859e-02
3.333706408739089966e-02
3.352980315685272217e-02
3.372931107878684998e-02
3.393566608428955078e-02
3.414892777800559998e-02
3.436908498406410217e-02
3.459617868065834045e-02
3.483018279075622559e-02
3.507107496261596680e-02
3.531879931688308716e-02
3.557332605123519897e-02
3.583460301160812378e-02
3.610255569219589233e-02
3.637714311480522156e-02
3.665830940008163452e-02
3.694597631692886353e-02
3.724013641476631165e-02
3.754075616598129272e-02
3.784780204296112061e-02
3.816129267215728760e-02
3.848121315240859985e-02
3.880766406655311584e-02
3.914058208465576172e-02
3.948011621832847595e-02
3.982632234692573547e-02
4.017929360270500183e-02
4.053918272256851196e-02
4.090604186058044434e-02
4.128008335828781128e-02
4.166147857904434204e-02
4.205035790801048279e-02
4.244695976376533508e-02
4.285146296024322510e-02
