1.243221294134855270e-02
1.264922972768545151e-02
1.287343911826610565e-02
1.310490630567073822e-02
1.334363594651222229e-02
1.358961965888738632e-02
1.384278945624828339e-02
1.410301402211189270e-02
1.437010709196329117e-02
1.464381162077188492e-02
1.492379419505596161e-02
1.520963385701179504e-02
1.550079602748155594e-02
1.579665578901767731e-02
1.609647646546363831e-02
1.639940962195396423e-02
1.670444570481777191e-02
1.701047830283641815e-02
1.731629110872745514e-02
1.762052625417709351e-02
1.792175881564617157e-02
1.821847632527351379e-02
1.850906573235988617e-02
1.879200711846351624e-02
1.906575076282024384e-02
1.932885870337486267e-02
1.958004571497440338e-02
1.981827989220619202e-02
2.004279009997844696e-02
2.025312557816505432e-02
2.044929005205631256e-02
2.063165791332721710e-02
2.080101333558559418e-02
2.095851115882396698e-02
2.110565267503261566e-02
2.124416269361972809e-02
2.137588337063789368e-02
2.150264196097850800e-02
2.162615023553371429e-02
2.174790203571319580e-02
2.186908200383186340e-02
2.199051342904567719e-02
2.211268432438373566e-02
2.223566360771656036e-02
2.235927246510982513e-02
2.248308062553405762e-02
2.260645106434822083e-02
2.272868528962135315e-02
2.284904010593891144e-02
2.296677045524120331e-02
2.308124117553234100e-02
2.319188974797725677e-02
2.329824864864349365e-02
2.340002357959747314e-02
2.349698171019554138e-02
2.358906157314777374e-02
2.367627993226051331e-02
2.375874668359756470e-02
2.383665740489959717e-02
2.391028404235839844e-02
2.397991716861724854e-02
2.404594235122203827e-02
2.410869859158992767e-02
2.416857145726680756e-02
2.422597073018550873e-02
2.428127080202102661e-02
2.433480694890022278e-02
2.438692934811115265e-02
2.443796023726463318e-02
2.448813989758491516e-02
2.453771606087684631e-02
2.458690479397773743e-02
2.463585138320922852e-02
2.468469180166721344e-02
2.473351731896400452e-02
2.478238381445407867e-02
2.483134530484676361e-02
2.488041482865810394e-02
2.492955885827541351e-02
2.497880347073078156e-02
2.502807043492794037e-02
2.507734112441539764e-02
2.512657269835472107e-02
2.517571486532688141e-02
2.522471360862255096e-02
2.527351677417755127e-02
2.532208710908889771e-02
2.537037618458271027e-02
2.541833557188510895e-02
2.546594105660915375e-02
2.551319077610969543e-02
2.556001767516136169e-02
2.560640685260295868e-02
2.565237693488597870e-02
2.569786459207534790e-02
2.574290893971920013e-02
2.578743919730186462e-02
2.583150938153266907e-02
2.587508969008922577e-02
2.591816894710063934e-02
2.596073970198631287e-02
2.600282244384288788e-02
2.604441158473491669e-02
2.608547732234001160e-02
2.612608298659324646e-02
2.616618014872074127e-02
2.620577253401279449e-02
2.624488063156604767e-02
2.628351747989654541e-02
2.632165513932704926e-02
2.635931782424449921e-02
2.639652043581008911e-02
2.643325366079807281e-02
2.646953985095024109e-02
2.650537528097629547e-02
2.654077671468257904e-02
2.657575905323028564e-02
2.661031298339366913e-02
2.664448507130146027e-02
2.667827345430850983e-02
2.671167440712451935e-02
2.674472145736217499e-02
2.677743881940841675e-02
2.680980227887630463e-02
2.684188634157180786e-02
2.687368355691432953e-02
2.690519392490386963e-02
2.693645842373371124e-02
2.696749754250049591e-02
2.699832059442996979e-02
2.702895179390907288e-02
2.705941908061504364e-02
2.708974294364452362e-02
2.711994014680385590e-02
2.715001627802848816e-02
2.718002721667289734e-02
2.721000276505947113e-02
2.723989263176918030e-02
2.726977877318859100e-02
2.729968167841434479e-02
2.732962556183338165e-02
2.735959924757480621e-02
2.738966047763824463e-02
2.741981856524944305e-02
2.745009399950504303e-02
2.748051472008228302e-02
2.751109749078750610e-02
2.754186280071735382e-02
2.757283858954906464e-02
2.760405652225017548e-02
2.763551846146583557e-02
2.766725793480873108e-02
2.769929915666580200e-02
2.773167192935943604e-02
2.776437066495418549e-02
2.779745310544967651e-02
2.783090434968471527e-02
2.786478586494922638e-02
2.789909578859806061e-02
2.793387509882450104e-02
2.796911448240280151e-02
2.800487726926803589e-02
2.804116718471050262e-02
2.807799540460109711e-02
2.811541780829429626e-02
2.815343439579010010e-02
2.819206193089485168e-02
2.823135815560817719e-02
2.827131375670433044e-02
2.831200882792472839e-02
2.835339680314064026e-02
2.839555032551288605e-02
2.843848243355751038e-02
2.848222292959690094e-02
2.852680906653404236e-02
2.857226319611072540e-02
2.861860953271389008e-02
2.866588905453681946e-02
2.871412597596645355e-02
2.876334451138973236e-02
2.881360985338687897e-02
2.886491268873214722e-02
2.891732938587665558e-02
2.897085435688495636e-02
2.902554161846637726e-02
2.908145636320114136e-02
2.913858927786350250e-02
2.919702418148517609e-02
2.925677783787250519e-02
2.931789495050907135e-02
2.938044816255569458e-02
2.944443747401237488e-02
2.950992621481418610e-02
2.957697957754135132e-02
2.964563295245170593e-02
2.971594966948032379e-02
2.978797443211078644e-02
2.986175753176212311e-02
2.993739023804664612e-02
3.001488745212554932e-02
3.009434416890144348e-02
3.017581813037395477e-02
3.025936335325241089e-02
3.034508787095546722e-02
3.043301962316036224e-02
3.052325174212455750e-02
3.061586804687976837e-02
3.071094304323196411e-02
3.080857545137405396e-02
3.090883418917655945e-02
3.101183846592903137e-02
3.111765533685684204e-02
3.122641518712043762e-02
3.133818507194519043e-02
3.145310282707214355e-02
3.157129138708114624e-02
3.169283643364906311e-02
3.181787952780723572e-02
3.194653615355491638e-02
3.207895904779434204e-02
3.221527114510536194e-02
3.235564753413200378e-02
3.250022977590560913e-02
3.264915570616722107e-02
3.280259668827056885e-02
3.296075388789176941e-02
3.312382102012634277e-02
3.329192101955413818e-02
3.346534073352813721e-02
3.364422917366027832e-02
3.382882848381996155e-02
3.401935845613479614e-02
3.421609103679656982e-02
3.441924601793289185e-02
3.462910279631614685e-02
3.484594821929931641e-02
3.507006168365478516e-02
3.530175983905792236e-02
3.554135560989379883e-02
3.578918427228927612e-02
3.604563325643539429e-02
3.631107509136199951e-02
3.658585622906684875e-02
3.687042370438575745e-02
3.716523572802543640e-02
3.747071698307991028e-02
3.778735920786857605e-02
3.811568766832351685e-02
3.845623880624771118e-02
3.880957514047622681e-02
3.917628154158592224e-02
3.955699875950813293e-02
3.995242714881896973e-02
4.036323726177215576e-02
4.079016670584678650e-02
4.123402759432792664e-02
4.169563576579093933e-02
4.217588156461715698e-02
4.267570003867149353e-02
4.319605231285095215e-02
4.373804107308387756e-02
