9.625430218875408173e-03
1.025314163416624069e-02
1.088308077305555344e-02
1.150152180343866348e-02
1.210024952888488770e-02
1.269673183560371399e-02
1.327800843864679337e-02
1.380754448473453522e-02
1.430476270616054535e-02
1.477301586419343948e-02
1.521505787968635559e-02
1.564135029911994934e-02
1.604110933840274811e-02
1.643166504800319672e-02
1.683038659393787384e-02
1.721075549721717834e-02
1.758382655680179596e-02
1.794517971575260162e-02
1.828868873417377472e-02
1.862238533794879913e-02
1.893324032425880432e-02
1.921851187944412231e-02
1.949808560311794281e-02
1.975884847342967987e-02
2.000567875802516937e-02
2.024149149656295776e-02
2.046816796064376831e-02
2.069115452468395233e-02
2.090158686041831970e-02
2.109131962060928345e-02
2.126501500606536865e-02
2.142535708844661713e-02
2.157200872898101807e-02
2.171183750033378601e-02
2.184606902301311493e-02
2.197487838566303253e-02
2.209984324872493744e-02
2.222373522818088531e-02
2.234548516571521759e-02
2.246368117630481720e-02
2.257894910871982574e-02
2.269254997372627258e-02
2.280043810606002808e-02
2.290352806448936462e-02
2.300221472978591919e-02
2.310018427670001984e-02
2.320096082985401154e-02
2.330124564468860626e-02
2.340336702764034271e-02
2.349817380309104919e-02
2.359382994472980499e-02
2.368384040892124176e-02
2.376665733754634857e-02
2.384273707866668701e-02
2.391698211431503296e-02
2.398719452321529388e-02
2.406116575002670288e-02
2.412695623934268951e-02
2.418883517384529114e-02
2.424862235784530640e-02
2.430434152483940125e-02
2.435834705829620361e-02
2.441178821027278900e-02
2.446121536195278168e-02
2.450807578861713409e-02
2.455239929258823395e-02
2.459403872489929199e-02
2.463579550385475159e-02
2.467670291662216187e-02
2.471731975674629211e-02
2.475676313042640686e-02
2.479618787765502930e-02
2.483546175062656403e-02
2.487495727837085724e-02
2.491363510489463806e-02
2.495241537690162659e-02
2.499106153845787048e-02
2.503004483878612518e-02
2.506838180124759674e-02
2.510714717209339142e-02
2.514456585049629211e-02
2.518120221793651581e-02
2.521789073944091797e-02
2.525508776307106018e-02
2.529289945960044861e-02
2.533171325922012329e-02
2.537079900503158569e-02
2.541187591850757599e-02
2.545157261192798615e-02
2.548980899155139923e-02
2.552722766995429993e-02
2.556456252932548523e-02
2.560221962630748749e-02
2.564055845141410828e-02
2.567848935723304749e-02
2.571764402091503143e-02
2.575916238129138947e-02
2.580187097191810608e-02
2.584544941782951355e-02
2.588805556297302246e-02
2.593069709837436676e-02
2.597374655306339264e-02
2.601866610348224640e-02
2.606285549700260162e-02
2.610621042549610138e-02
2.614818885922431946e-02
2.618911303579807281e-02
2.622818201780319214e-02
2.626541443169116974e-02
2.630065754055976868e-02
2.633482776582241058e-02
2.636840380728244781e-02
2.640048041939735413e-02
2.643208205699920654e-02
2.646298892796039581e-02
2.649329975247383118e-02
2.652296237647533417e-02
2.655323781073093414e-02
2.658346295356750488e-02
2.661426551640033722e-02
2.664292603731155396e-02
2.667173929512500763e-02
2.670082449913024902e-02
2.672978863120079041e-02
2.675827778875827789e-02
2.678671665489673615e-02
2.681450918316841125e-02
2.684359438717365265e-02
2.687305212020874023e-02
2.690230868756771088e-02
2.693193778395652771e-02
2.696139551699161530e-02
2.699095755815505981e-02
2.702091075479984283e-02
2.705122157931327820e-02
2.708045952022075653e-02
2.710886485874652863e-02
2.713684551417827606e-02
2.716456912457942963e-02
2.719246409833431244e-02
2.721976116299629211e-02
2.724706009030342102e-02
2.727531269192695618e-02
2.730434574186801910e-02
2.733385749161243439e-02
2.736323140561580658e-02
2.739320136606693268e-02
2.742342650890350342e-02
2.745385654270648956e-02
2.748357132077217102e-02
2.751326747238636017e-02
2.754211425781250000e-02
2.757143788039684296e-02
2.760113403201103210e-02
2.762921527028083801e-02
2.765896357595920563e-02
2.769009023904800415e-02
2.772206626832485199e-02
2.775543741881847382e-02
2.778959088027477264e-02
2.782454527914524078e-02
2.786315605044364929e-02
2.790081314742565155e-02
2.793872356414794922e-02
2.797714807093143463e-02
2.801507897675037384e-02
2.805224247276782990e-02
2.808777242898941040e-02
2.812464907765388489e-02
2.816266193985939026e-02
2.820341475307941437e-02
2.824624441564083099e-02
2.829197980463504791e-02
2.833979390561580658e-02
2.839141525328159332e-02
2.844172902405261993e-02
2.849683724343776703e-02
2.855286560952663422e-02
2.861125580966472626e-02
2.867204695940017700e-02
2.873278409242630005e-02
2.879272215068340302e-02
2.885825745761394501e-02
2.892176620662212372e-02
2.898459881544113159e-02
2.904588170349597931e-02
2.910595759749412537e-02
2.916666306555271149e-02
2.922644838690757751e-02
2.928199991583824158e-02
2.933792583644390106e-02
2.939447946846485138e-02
2.945237793028354645e-02
2.950990013778209686e-02
2.956832572817802429e-02
2.962897904217243195e-02
2.969147078692913055e-02
2.975414693355560303e-02
2.981806546449661255e-02
2.988460473716259003e-02
2.995282784104347229e-02
3.002135641872882843e-02
3.008900023996829987e-02
3.015783429145812988e-02
3.022905066609382629e-02
3.030247800052165985e-02
3.037354163825511932e-02
3.044543787837028503e-02
3.051769174635410309e-02
3.059225715696811676e-02
3.067121282219886780e-02
3.075288981199264526e-02
3.084014542400836945e-02
3.093624487519264221e-02
3.103887476027011871e-02
3.114898875355720520e-02
3.126410394906997681e-02
3.138927370309829712e-02
3.152614086866378784e-02
3.167023882269859314e-02
3.182051330804824829e-02
3.197859600186347961e-02
3.213978558778762817e-02
3.230278193950653076e-02
3.247063979506492615e-02
3.264082968235015869e-02
3.281461074948310852e-02
3.299449384212493896e-02
3.317910432815551758e-02
3.336812555789947510e-02
3.356139361858367920e-02
3.376284614205360413e-02
3.397023305296897888e-02
3.418806567788124084e-02
3.438800200819969177e-02
3.459685668349266052e-02
3.481419757008552551e-02
3.504133224487304688e-02
3.527673706412315369e-02
3.553027287125587463e-02
3.579467535018920898e-02
3.609426692128181458e-02
3.640253841876983643e-02
3.671240434050559998e-02
3.702277690172195435e-02
3.734188154339790344e-02
3.765952214598655701e-02
3.797898069024085999e-02
3.830295056104660034e-02
3.862977400422096252e-02
3.896200656890869141e-02
3.930135443806648254e-02
3.964515030384063721e-02
3.999932482838630676e-02
4.034794121980667114e-02
4.067581892013549805e-02
4.101143404841423035e-02
4.135310649871826172e-02
4.169777408242225647e-02
4.205543547868728638e-02
4.242030531167984009e-02
