9.745138287544250488e-01
9.738945960998535156e-01
9.732571840286254883e-01
9.726024866104125977e-01
9.719313383102416992e-01
9.712447524070739746e-01
9.705442190170288086e-01
9.698312878608703613e-01
9.691076874732971191e-01
9.683755040168762207e-01
9.676368236541748047e-01
9.668940305709838867e-01
9.661496877670288086e-01
9.654063582420349121e-01
9.646670818328857422e-01
9.639346003532409668e-01
9.632119536399841309e-01
9.625017642974853516e-01
9.618070721626281738e-01
9.611304402351379395e-01
9.604745507240295410e-01
9.598416686058044434e-01
9.592334628105163574e-01
9.586519598960876465e-01
9.580982327461242676e-01
9.575731754302978516e-01
9.570770263671875000e-01
9.566097855567932129e-01
9.561710357666015625e-01
9.557596445083618164e-01
9.553745388984680176e-01
9.550141096115112305e-01
9.546763300895690918e-01
9.543590545654296875e-01
9.540604352951049805e-01
9.537780880928039551e-01
9.535101056098937988e-01
9.532542824745178223e-01
9.530089497566223145e-01
9.527727961540222168e-01
9.525442719459533691e-01
9.523226022720336914e-01
9.521069526672363281e-01
9.518970251083374023e-01
9.516925215721130371e-01
9.514935612678527832e-01
9.513000845909118652e-01
9.511125087738037109e-01
9.509310722351074219e-01
9.507560133934020996e-01
9.505877494812011719e-01
9.504262804985046387e-01
9.502719044685363770e-01
9.501246809959411621e-01
9.499844908714294434e-01
9.498512148857116699e-01
9.497244954109191895e-01
9.496043324470520020e-01
9.494900703430175781e-01
9.493812918663024902e-01
9.492777585983276367e-01
9.491786360740661621e-01
9.490835666656494141e-01
9.489920735359191895e-01
9.489035010337829590e-01
9.488175511360168457e-01
9.487336277961730957e-01
9.486514329910278320e-01
9.485704898834228516e-01
9.484904408454895020e-01
9.484109878540039062e-01
9.483319520950317383e-01
9.482529759407043457e-01
9.481739997863769531e-01
9.480947852134704590e-01
9.480153918266296387e-01
9.479353427886962891e-01
9.478550553321838379e-01
9.477741718292236328e-01
9.476928114891052246e-01
9.476109147071838379e-01
9.475286006927490234e-01
9.474458694458007812e-01
9.473628401756286621e-01
9.472793936729431152e-01
9.471958279609680176e-01
9.471120238304138184e-01
9.470281600952148438e-01
9.469444751739501953e-01
9.468606710433959961e-01
9.467771053314208984e-01
9.466938972473144531e-01
9.466108679771423340e-01
9.465281963348388672e-01
9.464460611343383789e-01
9.463645219802856445e-01
9.462833404541015625e-01
9.462029933929443359e-01
9.461231827735900879e-01
9.460440874099731445e-01
9.459657669067382812e-01
9.458882212638854980e-01
9.458115696907043457e-01
9.457355141639709473e-01
9.456603527069091797e-01
9.455860853195190430e-01
9.455126523971557617e-01
9.454399347305297852e-01
9.453682303428649902e-01
9.452971816062927246e-01
9.452270865440368652e-01
9.451577663421630859e-01
9.450892210006713867e-01
9.450213909149169922e-01
9.449543356895446777e-01
9.448879957199096680e-01
9.448224306106567383e-01
9.447575211524963379e-01
9.446931481361389160e-01
9.446294307708740234e-01
9.445663690567016602e-01
9.445039629936218262e-01
9.444418549537658691e-01
9.443804025650024414e-01
9.443193674087524414e-01
9.442587494850158691e-01
9.441984891891479492e-01
9.441387057304382324e-01
9.440791010856628418e-01
9.440197944641113281e-01
9.439608454704284668e-01
9.439020156860351562e-01
9.438433647155761719e-01
9.437848329544067383e-01
9.437264800071716309e-01
9.436681866645812988e-01
9.436098933219909668e-01
9.435515999794006348e-01
9.434932470321655273e-01
9.434348940849304199e-01
9.433763027191162109e-01
9.433175325393676758e-01
9.432587027549743652e-01
9.431996345520019531e-01
9.431401491165161133e-01
9.430804252624511719e-01
9.430204033851623535e-01
9.429600238800048828e-01
9.428991675376892090e-01
9.428377747535705566e-01
9.427760243415832520e-01
9.427137374877929688e-01
9.426506757736206055e-01
9.425871372222900391e-01
9.425229430198669434e-01
9.424580335617065430e-01
9.423922896385192871e-01
9.423258304595947266e-01
9.422584772109985352e-01
9.421903491020202637e-01
9.421212673187255859e-01
9.420512318611145020e-01
9.419801235198974609e-01
9.419080018997192383e-01
9.418346881866455078e-01
9.417603611946105957e-01
9.416847825050354004e-01
9.416079521179199219e-01
9.415296912193298340e-01
9.414502382278442383e-01
9.413693547248840332e-01
9.412869215011596680e-01
9.412030577659606934e-01
9.411175251007080078e-01
9.410304427146911621e-01
9.409415721893310547e-01
9.408510327339172363e-01
9.407585859298706055e-01
9.406642913818359375e-01
9.405680894851684570e-01
9.404698014259338379e-01
9.403694272041320801e-01
9.402669072151184082e-01
9.401621222496032715e-01
9.400550723075866699e-01
9.399455785751342773e-01
9.398335814476013184e-01
9.397190809249877930e-01
9.396018981933593750e-01
9.394820332527160645e-01
9.393593668937683105e-01
9.392337799072265625e-01
9.391050934791564941e-01
9.389733672142028809e-01
9.388384819030761719e-01
9.387001991271972656e-01
9.385586380958557129e-01
9.384133219718933105e-01
9.382644891738891602e-01
9.381117820739746094e-01
9.379553198814392090e-01
9.377946853637695312e-01
9.376298785209655762e-01
9.374609589576721191e-01
9.372873902320861816e-01
9.371094107627868652e-01
9.369265437126159668e-01
9.367388486862182617e-01
9.365461468696594238e-01
9.363481402397155762e-01
9.361446499824523926e-01
9.359356760978698730e-01
9.357209205627441406e-01
9.355000853538513184e-01
9.352731704711914062e-01
9.350398182868957520e-01
9.347998499870300293e-01
9.345530271530151367e-01
9.342990517616271973e-01
9.340378642082214355e-01
9.337689876556396484e-01
9.334922432899475098e-01
9.332073926925659180e-01
9.329141378402709961e-01
9.326121211051940918e-01
9.323009252548217773e-01
9.319804906845092773e-01
9.316502809524536133e-01
9.313099980354309082e-01
9.309592247009277344e-01
9.305975437164306641e-01
9.302245974540710449e-01
9.298399686813354492e-01
9.294432401657104492e-01
9.290338754653930664e-01
9.286113381385803223e-01
9.281753301620483398e-01
9.277250766754150391e-01
9.272602200508117676e-01
9.267800450325012207e-01
9.262840151786804199e-01
9.257713556289672852e-01
9.252416491508483887e-01
9.246938228607177734e-01
9.241275787353515625e-01
9.235418438911437988e-01
9.229358434677124023e-01
9.223088026046752930e-01
9.216597676277160645e-01
9.209878444671630859e-01
9.202921390533447266e-01
9.195713996887207031e-01
9.188247323036193848e-01
9.180508852005004883e-01
9.172486662864685059e-01
9.164168834686279297e-01
9.155542254447937012e-01
9.146591424942016602e-01
9.137303233146667480e-01
9.127662181854248047e-01
9.117650985717773438e-01
