9.796210527420043945e-01
9.782983064651489258e-01
9.769837260246276855e-01
9.756997823715209961e-01
9.744372367858886719e-01
9.731922745704650879e-01
9.720143675804138184e-01
9.709219932556152344e-01
9.698929190635681152e-01
9.689214229583740234e-01
9.679945707321166992e-01
9.671126604080200195e-01
9.662693142890930176e-01
9.654305577278137207e-01
9.646051526069641113e-01
9.638077616691589355e-01
9.630308151245117188e-01
9.622846245765686035e-01
9.615682363510131836e-01
9.608870744705200195e-01
9.602559804916381836e-01
9.596577882766723633e-01
9.590854048728942871e-01
9.585475921630859375e-01
9.580363631248474121e-01
9.575465917587280273e-01
9.570708274841308594e-01
9.566131830215454102e-01
9.561901092529296875e-01
9.558051824569702148e-01
9.554510712623596191e-01
9.551253914833068848e-01
9.548217058181762695e-01
9.545317888259887695e-01
9.542537331581115723e-01
9.539859294891357422e-01
9.537243247032165527e-01
9.534671306610107422e-01
9.532163143157958984e-01
9.529722929000854492e-01
9.527333378791809082e-01
9.525025486946105957e-01
9.522828459739685059e-01
9.520723819732666016e-01
9.518674015998840332e-01
9.516608119010925293e-01
9.514522552490234375e-01
9.512428641319274902e-01
9.510391950607299805e-01
9.508422613143920898e-01
9.506505727767944336e-01
9.504718184471130371e-01
9.503074884414672852e-01
9.501518011093139648e-01
9.500021338462829590e-01
9.498529434204101562e-01
9.497081637382507324e-01
9.495756030082702637e-01
9.494491815567016602e-01
9.493291378021240234e-01
9.492151737213134766e-01
9.491037726402282715e-01
9.489967823028564453e-01
9.488965272903442383e-01
9.488015770912170410e-01
9.487120509147644043e-01
9.486251473426818848e-01
9.485393762588500977e-01
9.484546184539794922e-01
9.483717679977416992e-01
9.482904076576232910e-01
9.482093453407287598e-01
9.481282830238342285e-01
9.480479955673217773e-01
9.479683637619018555e-01
9.478887915611267090e-01
9.478090405464172363e-01
9.477295279502868652e-01
9.476503133773803711e-01
9.475721120834350586e-01
9.474959373474121094e-01
9.474205374717712402e-01
9.473447799682617188e-01
9.472680091857910156e-01
9.471897482872009277e-01
9.471102356910705566e-01
9.470285177230834961e-01
9.469462633132934570e-01
9.468669891357421875e-01
9.467901587486267090e-01
9.467142224311828613e-01
9.466382265090942383e-01
9.465611577033996582e-01
9.464839100837707520e-01
9.464060068130493164e-01
9.463244080543518066e-01
9.462392926216125488e-01
9.461519718170166016e-01
9.460647702217102051e-01
9.459785223007202148e-01
9.458917975425720215e-01
9.458026885986328125e-01
9.457124471664428711e-01
9.456237554550170898e-01
9.455374479293823242e-01
9.454535245895385742e-01
9.453725814819335938e-01
9.452953934669494629e-01
9.452221393585205078e-01
9.451518654823303223e-01
9.450832009315490723e-01
9.450167417526245117e-01
9.449521303176879883e-01
9.448887705802917480e-01
9.448267817497253418e-01
9.447659850120544434e-01
9.447053670883178711e-01
9.446443319320678711e-01
9.445827007293701172e-01
9.445227980613708496e-01
9.444648027420043945e-01
9.444064497947692871e-01
9.443480372428894043e-01
9.442900419235229492e-01
9.442327022552490234e-01
9.441760182380676270e-01
9.441185593605041504e-01
9.440596699714660645e-01
9.440005421638488770e-01
9.439412951469421387e-01
9.438817501068115234e-01
9.438223838806152344e-01
9.437624812126159668e-01
9.437018632888793945e-01
9.436418414115905762e-01
9.435837864875793457e-01
9.435269832611083984e-01
9.434708952903747559e-01
9.434148669242858887e-01
9.433591365814208984e-01
9.433040022850036621e-01
9.432479143142700195e-01
9.431901574134826660e-01
9.431310892105102539e-01
9.430716037750244141e-01
9.430117607116699219e-01
9.429512023925781250e-01
9.428901672363281250e-01
9.428296685218811035e-01
9.427698254585266113e-01
9.427109956741333008e-01
9.426523447036743164e-01
9.425927996635437012e-01
9.425345063209533691e-01
9.424763321876525879e-01
9.424150586128234863e-01
9.423515200614929199e-01
9.422858357429504395e-01
9.422178268432617188e-01
9.421483874320983887e-01
9.420744776725769043e-01
9.419978857040405273e-01
9.419217109680175781e-01
9.418449401855468750e-01
9.417681097984313965e-01
9.416925311088562012e-01
9.416192770004272461e-01
9.415464401245117188e-01
9.414709806442260742e-01
9.413918256759643555e-01
9.413077831268310547e-01
9.412187337875366211e-01
9.411247372627258301e-01
9.410248994827270508e-01
9.409225583076477051e-01
9.408166408538818359e-01
9.407049417495727539e-01
9.405899643898010254e-01
9.404702186584472656e-01
9.403481483459472656e-01
9.402267932891845703e-01
9.401007294654846191e-01
9.399712085723876953e-01
9.398443698883056641e-01
9.397197961807250977e-01
9.395979046821594238e-01
9.394767284393310547e-01
9.393557310104370117e-01
9.392399191856384277e-01
9.391278624534606934e-01
9.390147924423217773e-01
9.388996362686157227e-01
9.387834072113037109e-01
9.386667013168334961e-01
9.385468363761901855e-01
9.384230375289916992e-01
9.382970929145812988e-01
9.381697773933410645e-01
9.380386471748352051e-01
9.379032850265502930e-01
9.377660155296325684e-01
9.376292824745178223e-01
9.374922513961791992e-01
9.373516440391540527e-01
9.372063875198364258e-01
9.370613694190979004e-01
9.369177222251892090e-01
9.367728829383850098e-01
9.366252422332763672e-01
9.364708065986633301e-01
9.363092780113220215e-01
9.361392259597778320e-01
9.359548091888427734e-01
9.357549548149108887e-01
9.355409145355224609e-01
9.353144764900207520e-01
9.350731372833251953e-01
9.348101019859313965e-01
9.345281124114990234e-01
9.342325925827026367e-01
9.339232444763183594e-01
9.336030483245849609e-01
9.332777261734008789e-01
9.329456686973571777e-01
9.326063990592956543e-01
9.322611093521118164e-01
9.319062829017639160e-01
9.315407276153564453e-01
9.311658143997192383e-01
9.307824373245239258e-01
9.303865432739257812e-01
9.299763441085815430e-01
9.295498132705688477e-01
9.291307330131530762e-01
9.287204742431640625e-01
9.282928109169006348e-01
9.278467893600463867e-01
9.273825883865356445e-01
9.268918633460998535e-01
9.263720512390136719e-01
9.258058667182922363e-01
9.251956939697265625e-01
9.245750904083251953e-01
9.239522814750671387e-01
9.233202338218688965e-01
9.226808547973632812e-01
9.220411181449890137e-01
9.213950037956237793e-01
9.207413196563720703e-01
9.200792908668518066e-01
9.194046258926391602e-01
9.187182188034057617e-01
9.180167913436889648e-01
9.173102974891662598e-01
9.166300296783447266e-01
9.159626364707946777e-01
9.152813553810119629e-01
9.145911335945129395e-01
9.138846397399902344e-01
9.131575822830200195e-01
9.124057292938232422e-01
