2.208978869020938873e-02
2.234432101249694824e-02
2.260092087090015411e-02
2.285933494567871094e-02
2.311926148831844330e-02
2.338041923940181732e-02
2.364249527454376221e-02
2.390519157052040100e-02
2.416816912591457367e-02
2.443111687898635864e-02
2.469369210302829742e-02
2.495556510984897614e-02
2.521639317274093628e-02
2.547582797706127167e-02
2.573355101048946381e-02
2.598919719457626343e-02
2.624244429171085358e-02
2.649294398725032806e-02
2.674037404358386993e-02
2.698443457484245300e-02
2.722479030489921570e-02
2.746115811169147491e-02
2.769324183464050293e-02
2.792076580226421356e-02
2.814348042011260986e-02
2.836115658283233643e-02
2.857355587184429169e-02
2.878049574792385101e-02
2.898176573216915131e-02
2.917723543941974640e-02
2.936676144599914551e-02
2.955023199319839478e-02
2.972754649817943573e-02
2.989868633449077606e-02
3.006357699632644653e-02
3.022222965955734253e-02
3.037465177476406097e-02
3.052088245749473572e-02
3.066099807620048523e-02
3.079509548842906952e-02
3.092328086495399475e-02
3.104569762945175171e-02
3.116248175501823425e-02
3.127385303378105164e-02
3.137998282909393311e-02
3.148109838366508484e-02
3.157741576433181763e-02
3.166919946670532227e-02
3.175669163465499878e-02
3.184015303850173950e-02
3.191985189914703369e-02
3.199605643749237061e-02
3.206904232501983643e-02
3.213908895850181580e-02
3.220646455883979797e-02
3.227143362164497375e-02
3.233425691723823547e-02
3.239517658948898315e-02
3.245444595813751221e-02
3.251228109002113342e-02
3.256889060139656067e-02
3.262448683381080627e-02
3.267925977706909180e-02
3.273338079452514648e-02
3.278698399662971497e-02
3.284022584557533264e-02
3.289323300123214722e-02
3.294610604643821716e-02
3.299893811345100403e-02
3.305181488394737244e-02
3.310478106141090393e-02
3.315790370106697083e-02
3.321122750639915466e-02
3.326478227972984314e-02
3.331856429576873779e-02
3.337261825799942017e-02
3.342691063880920410e-02
3.348145261406898499e-02
3.353624418377876282e-02
3.359125182032585144e-02
3.364647179841995239e-02
3.370187059044837952e-02
3.375741094350814819e-02
3.381307795643806458e-02
3.386884182691574097e-02
3.392468020319938660e-02
3.398054465651512146e-02
3.403641656041145325e-02
3.409225493669509888e-02
3.414802253246307373e-02
3.420372307300567627e-02
3.425929322838783264e-02
3.431472182273864746e-02
3.436996787786483765e-02
3.442501276731491089e-02
3.447984158992767334e-02
3.453441336750984192e-02
3.458872810006141663e-02
3.464273363351821899e-02
3.469644859433174133e-02
3.474983200430870056e-02
3.480286523699760437e-02
3.485555201768875122e-02
3.490785509347915649e-02
3.495979681611061096e-02
3.501133620738983154e-02
3.506248071789741516e-02
3.511321172118186951e-02
3.516354039311408997e-02
3.521346673369407654e-02
3.526294603943824768e-02
3.531202301383018494e-02
3.536068648099899292e-02
3.540894016623497009e-02
3.545679152011871338e-02
3.550422564148902893e-02
3.555126860737800598e-02
3.559792414307594299e-02
3.564420714974403381e-02
3.569012135267257690e-02
3.573568537831306458e-02
3.578090667724609375e-02
3.582582250237464905e-02
3.587042167782783508e-02
3.591474890708923340e-02
3.595880791544914246e-02
3.600262477993965149e-02
3.604622930288314819e-02
3.608962893486022949e-02
3.613286465406417847e-02
3.617595881223678589e-02
3.621893748641014099e-02
3.626183792948722839e-02
3.630468621850013733e-02
3.634750097990036011e-02
3.639034554362297058e-02
3.643323481082916260e-02
3.647619485855102539e-02
3.651927411556243896e-02
3.656251728534698486e-02
3.660594299435615540e-02
3.664961084723472595e-02
3.669354692101478577e-02
3.673781082034111023e-02
3.678243607282638550e-02
3.682745993137359619e-02
3.687294200062751770e-02
3.691891953349113464e-02
3.696543350815773010e-02
3.701256960630416870e-02
