1.473735179752111435e-02
1.490746904164552689e-02
1.507898047566413879e-02
1.525171753019094467e-02
1.542547997087240219e-02
1.560007594525814056e-02
1.577530801296234131e-02
1.595096103847026825e-02
1.612682454288005829e-02
1.630267500877380371e-02
1.647830195724964142e-02
1.665346883237361908e-02
1.682795584201812744e-02
1.700152829289436340e-02
1.717396825551986694e-02
1.734503544867038727e-02
1.751451753079891205e-02
1.768217608332633972e-02
1.784779503941535950e-02
1.801117695868015289e-02
1.817209646105766296e-02
1.833035796880722046e-02
1.848576962947845459e-02
1.863814704120159149e-02
1.878731139004230499e-02
1.893312297761440277e-02
1.907540857791900635e-02
1.921405456960201263e-02
1.934891380369663239e-02
1.947990246117115021e-02
1.960691809654235840e-02
1.972988992929458618e-02
1.984874904155731201e-02
1.996347121894359589e-02
2.007402479648590088e-02
2.018040232360363007e-02
2.028260752558708191e-02
2.038067579269409180e-02
2.047464810311794281e-02
2.056458964943885803e-02
2.065057493746280670e-02
2.073269709944725037e-02
2.081104740500450134e-02
2.088576927781105042e-02
2.095698192715644836e-02
2.102483622729778290e-02
2.108947001397609711e-02
2.115106768906116486e-02
2.120978757739067078e-02
2.126580476760864258e-02
2.131929993629455566e-02
2.137045003473758698e-02
2.141944132745265961e-02
2.146646566689014435e-02
2.151169441640377045e-02
2.155531011521816254e-02
2.159748412668704987e-02
2.163838595151901245e-02
2.167817577719688416e-02
2.171700261533260345e-02
2.175501175224781036e-02
2.179233729839324951e-02
2.182911336421966553e-02
2.186544984579086304e-02
2.190144360065460205e-02
2.193718776106834412e-02
2.197277918457984924e-02
2.200828120112419128e-02
2.204375155270099640e-02
2.207925729453563690e-02
2.211482264101505280e-02
2.215049415826797485e-02
2.218630537390708923e-02
2.222226373851299286e-02
2.225838229060173035e-02
2.229467965662479401e-02
2.233114093542098999e-02
2.236777171492576599e-02
2.240457199513912201e-02
2.244152128696441650e-02
2.247860655188560486e-02
2.251581847667694092e-02
2.255312725901603699e-02
2.259052172303199768e-02
2.262798137962818146e-02
2.266549505293369293e-02
2.270302176475524902e-02
2.274055965244770050e-02
2.277807705104351044e-02
2.281554974615573883e-02
2.285297401249408722e-02
2.289031445980072021e-02
2.292756550014019012e-02
2.296469360589981079e-02
2.300168201327323914e-02
2.303853631019592285e-02
2.307521179318428040e-02
2.311171777546405792e-02
2.314801886677742004e-02
2.318412251770496368e-02
2.322000637650489807e-02
2.325565926730632782e-02
2.329108119010925293e-02
2.332624234259128571e-02
2.336116321384906769e-02
2.339581586420536041e-02
2.343020588159561157e-02
2.346431463956832886e-02
2.349815703928470612e-02
2.353173121809959412e-02
2.356500364840030670e-02
2.359800972044467926e-02
2.363073453307151794e-02
2.366319112479686737e-02
2.369537018239498138e-02
2.372727356851100922e-02
2.375891432166099548e-02
2.379029989242553711e-02
2.382143214344978333e-02
2.385232038795948029e-02
2.388296835124492645e-02
2.391338907182216644e-02
2.394360676407814026e-02
2.397361397743225098e-02
2.400343678891658783e-02
2.403308078646659851e-02
2.406256273388862610e-02
2.409190125763416290e-02
2.412110380828380585e-02
2.415020018815994263e-02
2.417919971048831940e-02
2.420812658965587616e-02
2.423699572682380676e-02
2.426583319902420044e-02
2.429465204477310181e-02
2.432348579168319702e-02
2.435235306620597839e-02
2.438127063214778900e-02
2.441027015447616577e-02
2.443937957286834717e-02
2.446861192584037781e-02
2.449801377952098846e-02
2.452759072184562683e-02
2.455739304423332214e-02
2.458743751049041748e-02
2.461775578558444977e-02
2.464837953448295593e-02
2.467933855950832367e-02
2.471066266298294067e-02
2.474240399897098541e-02
