7.455044426023960114e-03
7.546189706772565842e-03
7.637719158083200455e-03
7.729537785053253174e-03
7.821543142199516296e-03
7.913648150861263275e-03
8.005770854651927948e-03
8.097793906927108765e-03
8.189625106751918793e-03
8.281172253191471100e-03
8.372330106794834137e-03
8.462999016046524048e-03
8.553086780011653900e-03
8.642485365271568298e-03
8.731097914278507233e-03
8.818834088742733002e-03
8.905591443181037903e-03
8.991284295916557312e-03
9.075813926756381989e-03
9.159107692539691925e-03
9.241059422492980957e-03
9.321609511971473694e-03
9.400672279298305511e-03
9.478166699409484863e-03
9.554021991789340973e-03
9.628186002373695374e-03
9.700592607259750366e-03
9.771192446351051331e-03
9.839924052357673645e-03
9.906757622957229614e-03
9.971648454666137695e-03
1.003456208854913712e-02
1.009548176079988480e-02
1.015438325703144073e-02
1.021125353872776031e-02
1.026608888059854507e-02
1.031888648867607117e-02
1.036965381354093552e-02
1.041840016841888428e-02
1.046514976769685745e-02
1.050992961972951889e-02
1.055276393890380859e-02
1.059370301663875580e-02
1.063278038054704666e-02
1.067004632204771042e-02
1.070556137710809708e-02
1.073937211185693741e-02
1.077155116945505142e-02
1.080216653645038605e-02
1.083129458129405975e-02
1.085900608450174332e-02
1.088538020849227905e-02
1.091049890965223312e-02
1.093443110585212708e-02
1.095728762447834015e-02
1.097913645207881927e-02
1.100007072091102600e-02
1.102016400545835495e-02
1.103952620178461075e-02
1.105821318924427032e-02
1.107632741332054138e-02
1.109394337981939316e-02
1.111114583909511566e-02
1.112799812108278275e-02
1.114457473158836365e-02
1.116094831377267838e-02
1.117717567831277847e-02
1.119331642985343933e-02
1.120943389832973480e-02
1.122556533664464951e-02
1.124176196753978729e-02
1.125804986804723740e-02
1.127447467297315598e-02
1.129105873405933380e-02
1.130782440304756165e-02
1.132479589432477951e-02
1.134197320789098740e-02
1.135936379432678223e-02
1.137697324156761169e-02
1.139480806887149811e-02
1.141284406185150146e-02
1.143108587712049484e-02
1.144951395690441132e-02
1.146811246871948242e-02
1.148686558008193970e-02
1.150574162602424622e-02
1.152473129332065582e-02
1.154380384832620621e-02
1.156293973326683044e-02
1.158210076391696930e-02
1.160128042101860046e-02
1.162043679505586624e-02
1.163955498486757278e-02
1.165859680622816086e-02
1.167755667120218277e-02
1.169640198349952698e-02
1.171511411666870117e-02
1.173367816954851151e-02
1.175207085907459259e-02
1.177028100937604904e-02
1.178830023854970932e-02
1.180610992014408112e-02
1.182369980961084366e-02
1.184106804430484772e-02
1.185820996761322021e-02
1.187511533498764038e-02
1.189179718494415283e-02
1.190824899822473526e-02
1.192446798086166382e-02
1.194046624004840851e-02
1.195624377578496933e-02
1.197182480245828629e-02
1.198720093816518784e-02
1.200238522142171860e-02
1.201740279793739319e-02
1.203225366771221161e-02
1.204694807529449463e-02
1.206151302903890610e-02
1.207596156746149063e-02
1.209030207246541977e-02
1.210456155240535736e-02
1.211875677108764648e-02
1.213289704173803329e-02
1.214700378477573395e-02
1.216109842061996460e-02
1.217520236968994141e-02
1.218932960182428360e-02
1.220350898802280426e-02
1.221774704754352570e-02
1.223206613212823868e-02
1.224649325013160706e-02
1.226103678345680237e-02
1.227572932839393616e-02
1.229057647287845612e-02
1.230560615658760071e-02
1.232084259390830994e-02
1.233629323542118073e-02
1.235198229551315308e-02
1.236792933195829391e-02
1.238415203988552094e-02
1.240067183971405029e-02
1.241750922054052353e-02
1.243467628955841064e-02
1.245219446718692780e-02
1.247008517384529114e-02
1.248837262392044067e-02
1.250706426799297333e-02
1.252618338912725449e-02
1.254575699567794800e-02
1.256578974425792694e-02
