7.456988096237182617e-02
7.548242807388305664e-02
7.639887928962707520e-02
7.731828093528747559e-02
7.823958992958068848e-02
7.916197180747985840e-02
8.008459210395812988e-02
8.100625872611999512e-02
8.192607760429382324e-02
8.284312486648559570e-02
8.375632762908935547e-02
8.466470241546630859e-02
8.556732535362243652e-02
8.646312355995178223e-02
8.735111355781555176e-02
8.823040127754211426e-02
8.909994363784790039e-02
8.995890617370605469e-02
9.080627560615539551e-02
9.164133667945861816e-02
9.246301651000976562e-02
9.327071905136108398e-02
9.406358003616333008e-02
9.484079480171203613e-02
9.560164809226989746e-02
9.634560346603393555e-02
9.707200527191162109e-02
9.778034687042236328e-02
9.847003221511840820e-02
9.914070367813110352e-02
9.979197382926940918e-02
1.004234552383422852e-01
1.010349690914154053e-01
1.016263067722320557e-01
1.021972894668579102e-01
1.027478873729705811e-01
1.032781004905700684e-01
1.037879586219787598e-01
1.042775511741638184e-01
1.047471463680267334e-01
1.051969826221466064e-01
1.056273281574249268e-01
1.060386598110198975e-01
1.064313054084777832e-01
1.068058013916015625e-01
1.071627140045166016e-01
1.075025200843811035e-01
1.078259646892547607e-01
1.081337034702301025e-01
1.084265112876892090e-01
1.087051033973693848e-01
1.089702546596527100e-01
1.092227995395660400e-01
1.094634234905242920e-01
1.096932590007781982e-01
1.099129617214202881e-01
1.101234853267669678e-01
1.103255450725555420e-01
1.105202734470367432e-01
1.107082068920135498e-01
1.108903884887695312e-01
1.110675632953643799e-01
1.112405955791473389e-01
1.114100813865661621e-01
1.115768253803253174e-01
1.117415130138397217e-01
1.119047403335571289e-01
1.120671033859252930e-01
1.122292280197143555e-01
1.123915016651153564e-01
1.125544309616088867e-01
1.127182841300964355e-01
1.128835082054138184e-01
1.130503416061401367e-01
1.132190227508544922e-01
1.133897602558135986e-01
1.135625839233398438e-01
1.137375533580780029e-01
1.139147281646728516e-01
1.140941679477691650e-01
1.142756640911102295e-01
1.144592165946960449e-01
1.146446466445922852e-01
1.148318052291870117e-01
1.150205433368682861e-01
1.152105033397674561e-01
1.154016256332397461e-01
1.155935823917388916e-01
1.157861948013305664e-01
1.159790754318237305e-01
1.161721348762512207e-01
1.163649857044219971e-01
1.165574491024017334e-01
1.167491674423217773e-01
1.169400513172149658e-01
1.171298027038574219e-01
1.173182129859924316e-01
1.175051629543304443e-01
1.176903843879699707e-01
1.178737878799438477e-01
1.180552542209625244e-01
1.182346343994140625e-01
1.184118092060089111e-01
1.185867786407470703e-01
1.187594532966613770e-01
1.189297735691070557e-01
1.190978288650512695e-01
1.192635893821716309e-01
1.194270253181457520e-01
1.195882260799407959e-01
1.197472214698791504e-01
1.199042201042175293e-01
1.200591921806335449e-01
1.202122271060943604e-01
1.203635931015014648e-01
1.205132901668548584e-01
1.206614077091217041e-01
1.208082437515258789e-01
1.209538877010345459e-01
1.210984587669372559e-01
1.212422251701354980e-01
1.213853359222412109e-01
1.215279102325439453e-01
1.216701567173004150e-01
1.218122839927673340e-01
1.219545006752014160e-01
1.220969557762145996e-01
1.222399473190307617e-01
1.223835349082946777e-01
1.225279569625854492e-01
1.226734519004821777e-01
1.228201389312744141e-01
1.229683160781860352e-01
1.231180727481842041e-01
1.232696771621704102e-01
1.234233677387237549e-01
1.235792338848114014e-01
1.237374842166900635e-01
1.238983571529388428e-01
1.240620315074920654e-01
1.242286860942840576e-01
1.243985593318939209e-01
1.245717704296112061e-01
1.247485280036926270e-01
1.249290406703948975e-01
1.251135766506195068e-01
1.253021955490112305e-01
1.254951357841491699e-01
1.256926655769348145e-01
1.258948445320129395e-01
