6.359106302261352539e-02
6.450581550598144531e-02
6.543183326721191406e-02
6.636807322502136230e-02
6.731379032135009766e-02
6.826791167259216309e-02
6.922948360443115234e-02
7.019755244255065918e-02
7.117110490798950195e-02
7.214906811714172363e-02
7.313042879104614258e-02
7.411417365074157715e-02
7.509917020797729492e-02
7.608437538146972656e-02
7.706871628761291504e-02
7.805126905441284180e-02
7.903087139129638672e-02
8.000645041465759277e-02
8.097708225250244141e-02
8.194151520729064941e-02
8.289897441864013672e-02
8.384844660758972168e-02
8.478882908821105957e-02
8.571925759315490723e-02
8.663883805274963379e-02
8.754664659500122070e-02
8.844190835952758789e-02
8.932358026504516602e-02
9.019112586975097656e-02
9.104371070861816406e-02
9.188050031661987305e-02
9.270092844963073730e-02
9.350448846817016602e-02
9.429040551185607910e-02
9.505814313888549805e-02
9.580743312835693359e-02
9.653767943382263184e-02
9.724849462509155273e-02
9.793952107429504395e-02
9.861060976982116699e-02
9.926140308380126953e-02
9.989175200462341309e-02
1.005015671253204346e-01
1.010907590389251709e-01
1.016592681407928467e-01
1.022071838378906250e-01
1.027345955371856689e-01
1.032416224479675293e-01
1.037283837795257568e-01
1.041952967643737793e-01
1.046424210071563721e-01
1.050702929496765137e-01
1.054792106151580811e-01
1.058695912361145020e-01
1.062419116497039795e-01
1.065966784954071045e-01
1.069344580173492432e-01
1.072559356689453125e-01
1.075614988803863525e-01
1.078520417213439941e-01
1.081281602382659912e-01
1.083903610706329346e-01
1.086396574974060059e-01
1.088766753673553467e-01
1.091021895408630371e-01
1.093169748783111572e-01
1.095218360424041748e-01
1.097175478935241699e-01
1.099047958850860596e-01
1.100844442844390869e-01
1.102572977542877197e-01
1.104241609573364258e-01
1.105856597423553467e-01
1.107426285743713379e-01
1.108957529067993164e-01
1.110456585884094238e-01
1.111930906772613525e-01
1.113386154174804688e-01
1.114828288555145264e-01
1.116262376308441162e-01
1.117694377899169922e-01
1.119128763675689697e-01
1.120568215847015381e-01
1.122018396854400635e-01
1.123481094837188721e-01
1.124960184097290039e-01
1.126457154750823975e-01
1.127974092960357666e-01
1.129510700702667236e-01
1.131069064140319824e-01
1.132650375366210938e-01
1.134252548217773438e-01
1.135876178741455078e-01
1.137519776821136475e-01
1.139181852340698242e-01
1.140860319137573242e-01
1.142554581165313721e-01
1.144260764122009277e-01
1.145977079868316650e-01
1.147701144218444824e-01
1.149429082870483398e-01
1.151158511638641357e-01
1.152887046337127686e-01
1.154611110687255859e-01
1.156327128410339355e-01
1.158033311367034912e-01
1.159727275371551514e-01
1.161404550075531006e-01
1.163063943386077881e-01
1.164704561233520508e-01
1.166322231292724609e-01
1.167915761470794678e-01
1.169485151767730713e-01
1.171028017997741699e-01
1.172544360160827637e-01
1.174032688140869141e-01
1.175494492053985596e-01
1.176929771900177002e-01
1.178338229656219482e-01
1.179722547531127930e-01
1.181082129478454590e-01
1.182420253753662109e-01
1.183738410472869873e-01
1.185038983821868896e-01
1.186324656009674072e-01
1.187598407268524170e-01
1.188863515853881836e-01
1.190122961997985840e-01
1.191380918025970459e-01
1.192641854286193848e-01
1.193909347057342529e-01
1.195187568664550781e-01
1.196481287479400635e-01
1.197795867919921875e-01
1.199134290218353271e-01
1.200503706932067871e-01
1.201907694339752197e-01
1.203352212905883789e-01
1.204841136932373047e-01
1.206381618976593018e-01
1.207977235317230225e-01
1.209634840488433838e-01
1.211359202861785889e-01
1.213155984878540039e-01
1.215030252933502197e-01
1.216987073421478271e-01
1.219033896923065186e-01
1.221173405647277832e-01
1.223413646221160889e-01
1.225758492946624756e-01
