6.203422322869300842e-02
6.288328021764755249e-02
6.374459713697433472e-02
6.461749970912933350e-02
6.550107151269912720e-02
6.639445573091506958e-02
6.729691475629806519e-02
6.820745766162872314e-02
6.912516802549362183e-02
7.004919648170471191e-02
7.097854465246200562e-02
7.191223651170730591e-02
7.284931838512420654e-02
7.378883659839630127e-02
7.472976297140121460e-02
7.567111402750015259e-02
7.661183178424835205e-02
7.755107432603836060e-02
7.848778367042541504e-02
7.942093908786773682e-02
8.034957945346832275e-02
8.127281814813613892e-02
8.218966424465179443e-02
8.309912681579589844e-02
8.400035649538040161e-02
8.489255607128143311e-02
8.577477186918258667e-02
8.664619922637939453e-02
8.750604093074798584e-02
8.835350722074508667e-02
8.918794244527816772e-02
9.000854194164276123e-02
9.081479161977767944e-02
9.160596132278442383e-02
9.238149225711822510e-02
9.314088523387908936e-02
9.388364106416702271e-02
9.460931271314620972e-02
9.531752020120620728e-02
9.600787609815597534e-02
9.668017923831939697e-02
9.733407199382781982e-02
9.796936064958572388e-02
9.858598560094833374e-02
9.918374568223953247e-02
9.976267069578170776e-02
1.003226935863494873e-01
1.008638739585876465e-01
1.013863459229469299e-01
1.018901839852333069e-01
1.023756340146064758e-01
1.028429195284843445e-01
1.032922789454460144e-01
1.037240624427795410e-01
1.041386350989341736e-01
1.045364290475845337e-01
1.049177721142768860e-01
1.052832603454589844e-01
1.056333407759666443e-01
1.059685647487640381e-01
1.062894463539123535e-01
1.065966933965682983e-01
1.068908125162124634e-01
1.071724146604537964e-01
1.074422299861907959e-01
1.077008694410324097e-01
1.079490557312965393e-01
1.081874147057533264e-01
1.084166243672370911e-01
1.086374223232269287e-01
1.088504195213317871e-01
1.090563461184501648e-01
1.092558279633522034e-01
1.094494909048080444e-01
1.096380278468132019e-01
1.098220050334930420e-01
1.100019961595535278e-01
1.101786568760871887e-01
1.103523746132850647e-01
1.105237901210784912e-01
1.106932833790779114e-01
1.108613535761833191e-01
1.110283657908439636e-01
1.111947223544120789e-01
1.113606616854667664e-01
1.115265563130378723e-01
1.116926074028015137e-01
1.118590086698532104e-01
1.120259836316108704e-01
1.121936291456222534e-01
1.123619601130485535e-01
1.125311702489852905e-01
1.127011999487876892e-01
1.128720343112945557e-01
1.130435839295387268e-01
1.132158786058425903e-01
1.133887693285942078e-01
1.135620921850204468e-01
1.137358024716377258e-01
1.139097064733505249e-01
1.140835881233215332e-01
1.142573431134223938e-01
1.144308000802993774e-01
1.146037057042121887e-01
1.147759631276130676e-01
1.149473190307617188e-01
1.151177361607551575e-01
1.152869164943695068e-01
1.154548153281211853e-01
1.156212687492370605e-01
1.157862246036529541e-01
1.159495711326599121e-01
1.161112412810325623e-01
1.162712275981903076e-01
1.164294630289077759e-01
1.165860369801521301e-01
1.167409569025039673e-01
1.168943420052528381e-01
1.170462593436241150e-01
1.171968355774879456e-01
1.173462867736816406e-01
1.174947619438171387e-01
1.176424399018287659e-01
1.177896559238433838e-01
1.179365813732147217e-01
1.180835440754890442e-01
1.182309389114379883e-01
1.183789744973182678e-01
1.185280606150627136e-01
1.186786442995071411e-01
1.188310086727142334e-01
1.189856752753257751e-01
1.191429868340492249e-01
1.193034052848815918e-01
1.194674968719482422e-01
1.196355298161506653e-01
1.198080927133560181e-01
1.199857369065284729e-01
1.201688274741172791e-01
1.203579455614089966e-01
1.205535680055618286e-01
1.207562461495399475e-01
1.209664866328239441e-01
1.211847588419914246e-01
1.214116364717483521e-01
1.216476112604141235e-01
1.218932867050170898e-01
1.221491023898124695e-01
1.224156543612480164e-01
1.226934194564819336e-01
