8.609585165977478027e-01
8.591027259826660156e-01
8.572317957878112793e-01
8.553478121757507324e-01
8.534526824951171875e-01
8.515488505363464355e-01
8.496384024620056152e-01
8.477234840393066406e-01
8.458064198493957520e-01
8.438894748687744141e-01
8.419747352600097656e-01
8.400647044181823730e-01
8.381614089012145996e-01
8.362672924995422363e-01
8.343843817710876465e-01
8.325150609016418457e-01
8.306612372398376465e-01
8.288250565528869629e-01
8.270087838172912598e-01
8.252139687538146973e-01
8.234430551528930664e-01
8.216975927352905273e-01
8.199793100357055664e-01
8.182901144027709961e-01
8.166314959526062012e-01
8.150051832199096680e-01
8.134123682975769043e-01
8.118545413017272949e-01
8.103328943252563477e-01
8.088485598564147949e-01
8.074026107788085938e-01
8.059960007667541504e-01
8.046293854713439941e-01
8.033035397529602051e-01
8.020191192626953125e-01
8.007763028144836426e-01
7.995756268501281738e-01
7.984172105789184570e-01
7.973011732101440430e-01
7.962272763252258301e-01
7.951956391334533691e-01
7.942056059837341309e-01
7.932569384574890137e-01
7.923489809036254883e-01
7.914810180664062500e-01
7.906522154808044434e-01
7.898617386817932129e-01
7.891083359718322754e-01
7.883910536766052246e-01
7.877085804939270020e-01
7.870593667030334473e-01
7.864422202110290527e-01
7.858554720878601074e-01
7.852975130081176758e-01
7.847669124603271484e-01
7.842615842819213867e-01
7.837802767753601074e-01
7.833209037780761719e-01
7.828819155693054199e-01
7.824614048004150391e-01
7.820577621459960938e-01
7.816691994667053223e-01
7.812941670417785645e-01
7.809311747550964355e-01
7.805784940719604492e-01
7.802347540855407715e-01
7.798986434936523438e-01
7.795689105987548828e-01
7.792442440986633301e-01
7.789236307144165039e-01
7.786060571670532227e-01
7.782906889915466309e-01
7.779766321182250977e-01
7.776634097099304199e-01
7.773501873016357422e-01
7.770366668701171875e-01
7.767222523689270020e-01
7.764066457748413086e-01
7.760894894599914551e-01
7.757707834243774414e-01
7.754502296447753906e-01
7.751277089118957520e-01
7.748033404350280762e-01
7.744768857955932617e-01
7.741485834121704102e-01
7.738184332847595215e-01
7.734864950180053711e-01
7.731530070304870605e-01
7.728180885314941406e-01
7.724817395210266113e-01
7.721444368362426758e-01
7.718061208724975586e-01
7.714671492576599121e-01
7.711277008056640625e-01
7.707880139350891113e-01
7.704482078552246094e-01
7.701086401939392090e-01
7.697693705558776855e-01
7.694307565689086914e-01
7.690929174423217773e-01
7.687560319900512695e-01
7.684203386306762695e-01
7.680859565734863281e-01
7.677531838417053223e-01
7.674219608306884766e-01
7.670925855636596680e-01
7.667651772499084473e-01
7.664397358894348145e-01
7.661164999008178711e-01
7.657954692840576172e-01
7.654767036437988281e-01
7.651602625846862793e-01
7.648460865020751953e-01
7.645344138145446777e-01
7.642250657081604004e-01
7.639180421829223633e-01
7.636134028434753418e-01
7.633110284805297852e-01
7.630107998847961426e-01
7.627128362655639648e-01
7.624168992042541504e-01
7.621228694915771484e-01
7.618307471275329590e-01
7.615402340888977051e-01
7.612513899803161621e-01
7.609639167785644531e-01
7.606777548789978027e-01
7.603925466537475586e-01
7.601082921028137207e-01
7.598246335983276367e-01
7.595415115356445312e-01
7.592586874961853027e-01
7.589758634567260742e-01
7.586928606033325195e-01
7.584093213081359863e-01
7.581252455711364746e-01
7.578400969505310059e-01
7.575537562370300293e-01
7.572659850120544434e-01
7.569763660430908203e-01
7.566847205162048340e-01
7.563907504081726074e-01
7.560940980911254883e-01
7.557945847511291504e-01
7.554916739463806152e-01
7.551853060722351074e-01
7.548750638961791992e-01
7.545604705810546875e-01
7.542414069175720215e-01
7.539173960685729980e-01
