8.600180149078369141e-01
8.582153320312500000e-01
8.563947677612304688e-01
8.545582294464111328e-01
8.527079224586486816e-01
8.508457541465759277e-01
8.489739298820495605e-01
8.470946550369262695e-01
8.452100157737731934e-01
8.433222770690917969e-01
8.414336442947387695e-01
8.395464420318603516e-01
8.376628160476684570e-01
8.357850313186645508e-01
8.339153528213500977e-01
8.320558667182922363e-01
8.302088975906372070e-01
8.283764123916625977e-01
8.265606164932250977e-01
8.247636556625366211e-01
8.229873776435852051e-01
8.212338685989379883e-01
8.195048570632934570e-01
8.178022503852844238e-01
8.161277770996093750e-01
8.144830465316772461e-01
8.128696680068969727e-01
8.112890720367431641e-01
8.097427487373352051e-01
8.082318305969238281e-01
8.067574501037597656e-01
8.053208589553833008e-01
8.039227724075317383e-01
8.025642037391662598e-01
8.012456893920898438e-01
7.999680042266845703e-01
7.987314462661743164e-01
7.975363731384277344e-01
7.963830232620239258e-01
7.952715158462524414e-01
7.942016124725341797e-01
7.931733131408691406e-01
7.921861410140991211e-01
7.912397384643554688e-01
7.903334498405456543e-01
7.894666194915771484e-01
7.886383533477783203e-01
7.878477573394775391e-01
7.870937585830688477e-01
7.863752841949462891e-01
7.856908440589904785e-01
7.850393056869506836e-01
7.844190001487731934e-01
7.838286757469177246e-01
7.832664847373962402e-01
7.827309370040893555e-01
7.822203636169433594e-01
7.817329168319702148e-01
7.812671661376953125e-01
7.808210849761962891e-01
7.803930640220642090e-01
7.799814939498901367e-01
7.795845866203308105e-01
7.792007923126220703e-01
7.788285017013549805e-01
7.784663438796997070e-01
7.781127095222473145e-01
7.777664065361022949e-01
7.774260640144348145e-01
7.770905494689941406e-01
7.767589092254638672e-01
7.764298915863037109e-01
7.761029005050659180e-01
7.757769823074340820e-01
7.754515409469604492e-01
7.751259207725524902e-01
7.747996449470520020e-01
7.744722366333007812e-01
7.741434574127197266e-01
7.738130092620849609e-01
7.734806537628173828e-01
7.731461524963378906e-01
7.728097438812255859e-01
7.724710702896118164e-01
7.721304893493652344e-01
7.717878222465515137e-01
7.714432477951049805e-01
7.710969448089599609e-01
7.707490921020507812e-01
7.703997492790222168e-01
7.700492739677429199e-01
7.696978449821472168e-01
7.693456411361694336e-01
7.689930200576782227e-01
7.686401605606079102e-01
7.682873010635375977e-01
7.679346799850463867e-01
7.675824165344238281e-01
7.672309875488281250e-01
7.668804526329040527e-01
7.665309906005859375e-01
7.661828994750976562e-01
7.658363580703735352e-01
7.654914855957031250e-01
7.651484012603759766e-01
7.648072242736816406e-01
7.644681334495544434e-01
7.641311883926391602e-01
7.637965679168701172e-01
7.634642124176025391e-01
7.631341218948364258e-01
7.628064155578613281e-01
7.624812126159667969e-01
7.621582150459289551e-01
7.618375420570373535e-01
7.615191936492919922e-01
7.612030506134033203e-01
7.608889937400817871e-01
7.605769634246826172e-01
7.602669000625610352e-01
7.599586248397827148e-01
7.596518993377685547e-01
7.593467235565185547e-01
7.590428590774536133e-01
7.587400674819946289e-01
7.584382891654968262e-01
7.581372857093811035e-01
7.578366994857788086e-01
7.575364708900451660e-01
7.572363018989562988e-01
7.569359540939331055e-01
7.566351890563964844e-01
7.563337087631225586e-01
7.560313940048217773e-01
7.557277083396911621e-01
7.554225921630859375e-01
7.551156282424926758e-01
7.548065185546875000e-01
7.544950246810913086e-01
7.541809082031250000e-01
7.538636922836303711e-01
7.535431981086730957e-01
7.532190084457397461e-01
7.528908252716064453e-01
7.525583505630493164e-01
7.522211670875549316e-01
7.518789768218994141e-01
7.515314817428588867e-01
7.511781454086303711e-01
7.508188486099243164e-01
