8.439610004425048828e-01
8.438991308212280273e-01
8.438331484794616699e-01
8.437626957893371582e-01
8.436874747276306152e-01
8.436067700386047363e-01
8.435202240943908691e-01
8.434271216392517090e-01
8.433268666267395020e-01
8.432185649871826172e-01
8.431012034416198730e-01
8.429738283157348633e-01
8.428351879119873047e-01
8.426837325096130371e-01
8.425180315971374512e-01
8.423357605934143066e-01
8.421350121498107910e-01
8.419129252433776855e-01
8.416662216186523438e-01
8.413913846015930176e-01
8.410837054252624512e-01
8.407379388809204102e-01
8.403475284576416016e-01
8.399047255516052246e-01
8.394001722335815430e-01
8.388221859931945801e-01
8.381566405296325684e-01
8.373860716819763184e-01
8.364886641502380371e-01
8.354374170303344727e-01
8.341982364654541016e-01
8.327282667160034180e-01
8.309730291366577148e-01
8.288635611534118652e-01
8.263117074966430664e-01
8.232054114341735840e-01
8.194031715393066406e-01
8.147271275520324707e-01
8.089592456817626953e-01
8.018394708633422852e-01
7.930733561515808105e-01
7.823534011840820312e-01
7.694013118743896484e-01
7.540313005447387695e-01
7.362236976623535156e-01
7.161814570426940918e-01
6.943327188491821289e-01
6.712654232978820801e-01
6.476085186004638672e-01
6.239173412322998047e-01
6.006036996841430664e-01
5.779300928115844727e-01
5.560431480407714844e-01
5.350219607353210449e-01
5.149136185646057129e-01
4.957523643970489502e-01
4.775650501251220703e-01
4.603689014911651611e-01
4.441720247268676758e-01
4.289748668670654297e-01
4.147747159004211426e-01
4.015672802925109863e-01
3.893468976020812988e-01
3.781032264232635498e-01
3.678185939788818359e-01
3.584647476673126221e-01
3.500020802021026611e-01
3.423805534839630127e-01
3.355415165424346924e-01
3.294206559658050537e-01
3.239502310752868652e-01
3.190621435642242432e-01
3.146890103816986084e-01
3.107665181159973145e-01
3.072337806224822998e-01
3.040340840816497803e-01
3.011150956153869629e-01
2.984289526939392090e-01
2.959323823451995850e-01
2.935861647129058838e-01
2.913552224636077881e-01
2.892086803913116455e-01
2.871198952198028564e-01
2.850662171840667725e-01
2.830296158790588379e-01
2.809969782829284668e-01
2.789604365825653076e-01
2.769180834293365479e-01
2.748742997646331787e-01
2.728403508663177490e-01
2.708348333835601807e-01
2.688832879066467285e-01
2.670185863971710205e-01
2.652800977230072021e-01
2.637132108211517334e-01
2.623678147792816162e-01
2.612971365451812744e-01
2.605550885200500488e-01
2.601935267448425293e-01
2.602572143077850342e-01
2.607778012752532959e-01
2.617663741111755371e-01
2.632053196430206299e-01
2.650423347949981689e-01
2.671894133090972900e-01
2.695281505584716797e-01
2.719228863716125488e-01
2.742373943328857422e-01
2.763518691062927246e-01
2.781738638877868652e-01
2.796420156955718994e-01
2.807229161262512207e-01
2.814038395881652832e-01
2.816832661628723145e-01
2.815641164779663086e-01
2.810475826263427734e-01
2.801307439804077148e-01
2.788056135177612305e-01
2.770611345767974854e-01
2.748856842517852783e-01
2.722716331481933594e-01
2.692199349403381348e-01
2.657445669174194336e-01
2.618763744831085205e-01
2.576643824577331543e-01
2.531757652759552002e-01
2.484919130802154541e-01
2.437037527561187744e-01
2.389041781425476074e-01
2.341817617416381836e-01
2.296144813299179077e-01
2.252654284238815308e-01
2.211812883615493774e-01
2.173918336629867554e-01
2.139116823673248291e-01
2.107429057359695435e-01
2.078775614500045776e-01
2.053008079528808594e-01
2.029932439327239990e-01
2.009331136941909790e-01
1.990975439548492432e-01
1.974640786647796631e-01
1.960111558437347412e-01
1.947186440229415894e-01
1.935682892799377441e-01
1.925433427095413208e-01
1.916289180517196655e-01
1.908118724822998047e-01
1.900805085897445679e-01
1.894246190786361694e-01
