9.701681137084960938e-01
9.696578383445739746e-01
9.691098332405090332e-01
9.685691595077514648e-01
9.680808186531066895e-01
9.676780104637145996e-01
9.673765897750854492e-01
9.671767354011535645e-01
9.670684337615966797e-01
9.670392274856567383e-01
9.670777916908264160e-01
9.671776294708251953e-01
9.673367738723754883e-01
9.675579071044921875e-01
9.678460359573364258e-01
9.682061672210693359e-01
9.686402678489685059e-01
9.691433310508728027e-01
9.697028994560241699e-01
9.703022241592407227e-01
9.709270596504211426e-01
9.715735912322998047e-01
9.722499847412109375e-01
9.729691147804260254e-01
9.737338423728942871e-01
9.745271801948547363e-01
9.753203988075256348e-01
9.760932922363281250e-01
9.768465161323547363e-01
9.775927662849426270e-01
9.783396720886230469e-01
9.790800213813781738e-01
9.797949790954589844e-01
9.804654121398925781e-01
9.810816049575805664e-01
9.816464781761169434e-01
9.821704626083374023e-01
9.826636910438537598e-01
9.831303358078002930e-01
9.835669994354248047e-01
9.839649200439453125e-01
9.843158125877380371e-01
9.846149086952209473e-01
9.848624467849731445e-01
9.850627183914184570e-01
9.852221608161926270e-01
9.853479266166687012e-01
9.854468107223510742e-01
9.855244755744934082e-01
9.855856299400329590e-01
9.856340289115905762e-01
9.856724739074707031e-01
9.857034087181091309e-01
9.857283234596252441e-01
9.857487082481384277e-01
9.857652783393859863e-01
9.857790470123291016e-01
9.857906103134155273e-01
9.858002662658691406e-01
9.858083724975585938e-01
9.858152866363525391e-01
9.858213067054748535e-01
9.858264327049255371e-01
9.858308434486389160e-01
9.858347773551940918e-01
9.858381152153015137e-01
9.858411550521850586e-01
9.858437776565551758e-01
9.858462214469909668e-01
9.858483076095581055e-01
9.858502745628356934e-01
9.858520030975341797e-01
9.858535528182983398e-01
9.858549237251281738e-01
9.858561754226684570e-01
9.858573675155639648e-01
9.858585000038146973e-01
9.858594536781311035e-01
9.858603477478027344e-01
9.858611822128295898e-01
9.858620166778564453e-01
9.858626723289489746e-01
9.858632683753967285e-01
9.858638644218444824e-01
9.858644008636474609e-01
9.858649969100952148e-01
9.858654737472534180e-01
9.858659505844116211e-01
9.858662486076354980e-01
9.858666062355041504e-01
9.858669638633728027e-01
9.858673214912414551e-01
9.858675599098205566e-01
9.858679175376892090e-01
9.858681559562683105e-01
9.858682751655578613e-01
9.858684539794921875e-01
9.858686923980712891e-01
9.858688116073608398e-01
9.858689308166503906e-01
9.858690500259399414e-01
9.858690500259399414e-01
9.858691692352294922e-01
9.858691692352294922e-01
9.858691692352294922e-01
9.858691692352294922e-01
9.858691692352294922e-01
9.858690500259399414e-01
9.858690500259399414e-01
9.858689308166503906e-01
9.858688116073608398e-01
9.858685731887817383e-01
9.858684539794921875e-01
9.858682751655578613e-01
9.858679175376892090e-01
9.858676791191101074e-01
9.858673214912414551e-01
9.858669638633728027e-01
9.858664870262145996e-01
9.858660697937011719e-01
9.858655929565429688e-01
9.858649969100952148e-01
9.858644008636474609e-01
9.858636260032653809e-01
9.858629107475280762e-01
9.858620166778564453e-01
9.858610630035400391e-01
9.858600497245788574e-01
9.858587384223937988e-01
9.858574867248535156e-01
9.858559370040893555e-01
9.858543276786804199e-01
9.858523607254028320e-01
9.858502745628356934e-01
9.858478307723999023e-01
9.858450889587402344e-01
9.858419299125671387e-01
9.858382344245910645e-01
9.858339428901672363e-01
9.858291149139404297e-01
9.858232736587524414e-01
9.858164787292480469e-01
9.858084917068481445e-01
9.857988357543945312e-01
9.857873916625976562e-01
9.857736825942993164e-01
9.857572913169860840e-01
9.857373237609863281e-01
9.857133626937866211e-01
9.856842756271362305e-01
