4.021369022666476667e-06
4.161852757533779368e-06
4.399487352202413604e-06
4.823425115318968892e-06
5.577811862167436630e-06
6.784342076571192592e-06
8.326742317876778543e-06
9.853984920482616872e-06
1.116624116548337042e-05
1.231553142133634537e-05
1.340627568424679339e-05
1.449037426937138662e-05
1.556958341097924858e-05
1.662193426454905421e-05
1.762236934155225754e-05
1.855419759522192180e-05
1.941224400070495903e-05
2.020125612034462392e-05
2.093187140417285264e-05
2.161725569749251008e-05
2.227034565294161439e-05
2.290250631631352007e-05
2.352298179175704718e-05
2.413902984699234366e-05
2.475605288054794073e-05
2.537826730986125767e-05
2.600867810542695224e-05
2.664989551703911275e-05
2.730384767346549779e-05
2.797235356410965323e-05
2.865689748432487249e-05
2.935889460786711425e-05
3.007946543220896274e-05
3.081951581407338381e-05
3.157975879730656743e-05
3.236035990994423628e-05
3.316104994155466557e-05
3.398106127860955894e-05
3.481899329926818609e-05
3.567272506188601255e-05
3.653968451544642448e-05
3.741661930689588189e-05
3.829998240689747036e-05
3.918581205653026700e-05
4.007022653240710497e-05
4.094944597454741597e-05
4.182002885499969125e-05
4.267894837539643049e-05
4.352403630036860704e-05
4.435378286871127784e-05
4.516750414040870965e-05
4.596554572344757617e-05
4.674883530242368579e-05
4.751945016323588789e-05
4.828011151403188705e-05
4.903433000436052680e-05
4.978627839591354132e-05
5.054098437540233135e-05
5.130429417476989329e-05
5.208235961617901921e-05
5.288190732244402170e-05
5.371001316234469414e-05
5.457336010294966400e-05
5.547787804971449077e-05
5.642853648168966174e-05
5.742828216170892119e-05
5.847785723744891584e-05
5.957591929472982883e-05
6.071892130421474576e-05
6.190079147927463055e-05
6.311246397672221065e-05
6.434190436266362667e-05
6.557515007443726063e-05
6.679839134449139237e-05
6.800125265726819634e-05
6.917837890796363354e-05
7.033053407212719321e-05
7.146410644054412842e-05
7.258840196300297976e-05
7.371490937657654285e-05
7.485382957383990288e-05
7.601310062455013394e-05
7.719629502389580011e-05
7.840208854759112000e-05
7.962299423525109887e-05
8.084625733317807317e-05
8.205450285458937287e-05
8.322753274114802480e-05
8.434562914771959186e-05
8.539465488865971565e-05
8.637044811621308327e-05
8.728669490665197372e-05
8.818195783533155918e-05
8.912378689274191856e-05
9.020161814987659454e-05
9.150088590104132891e-05
9.306430001743137836e-05
9.486906492384150624e-05
9.684061660664156079e-05
9.889340435620397329e-05
1.009624611469916999e-04
1.030144630931317806e-04
1.050435384968295693e-04
1.070596772478893399e-04
1.090799705707468092e-04
1.111221718019805849e-04
1.132017423515208066e-04
1.153301345766521990e-04
1.175142242573201656e-04
1.197574965772219002e-04
1.220590784214437008e-04
1.244843006134033203e-04
1.268982887268066406e-04
1.292824745178222656e-04
1.317262649536132812e-04
1.342296600341796875e-04
1.368820667266845703e-04
1.393854618072509766e-04
1.419782638549804688e-04
1.445412635803222656e-04
1.471042633056640625e-04
1.498162746429443359e-04
1.524388790130615234e-04
1.550912857055664062e-04
1.577734947204589844e-04
1.604855060577392578e-04
1.632273197174072266e-04
1.659691333770751953e-04
1.687705516815185547e-04
1.715421676635742188e-04
1.744031906127929688e-04
1.772940158843994141e-04
1.801848411560058594e-04
1.830756664276123047e-04
1.860558986663818359e-04
1.891255378723144531e-04
1.922845840454101562e-04
1.955330371856689453e-04
1.990199089050292969e-04
2.026259899139404297e-04
2.065598964691162109e-04
2.105832099914550781e-04
2.147555351257324219e-04
2.191066741943359375e-04
2.234578132629394531e-04
2.277791500091552734e-04
2.319812774658203125e-04
2.360343933105468750e-04
2.397298812866210938e-04
2.432763576507568359e-04
2.465248107910156250e-04
2.496838569641113281e-04
2.525746822357177734e-04
2.553761005401611328e-04
2.582669258117675781e-04
2.611279487609863281e-04
2.642869949340820312e-04
2.672672271728515625e-04
2.695918083190917969e-04
2.711415290832519531e-04
2.727210521697998047e-04
2.761483192443847656e-04
2.815425395965576172e-04
2.880394458770751953e-04
2.942085266113281250e-04
2.993047237396240234e-04
3.032982349395751953e-04
3.065466880798339844e-04
3.094673156738281250e-04
3.122687339782714844e-04
3.150701522827148438e-04
3.179013729095458984e-04
3.207921981811523438e-04
3.238022327423095703e-04
3.268122673034667969e-04
3.300011157989501953e-04
3.331303596496582031e-04
3.364086151123046875e-04
3.397464752197265625e-04
3.432333469390869141e-04
3.467202186584472656e-04
3.503561019897460938e-04
3.542006015777587891e-04
3.581047058105468750e-04
3.621280193328857422e-04
3.662705421447753906e-04
3.705024719238281250e-04
3.747344017028808594e-04
3.790855407714843750e-04
3.833472728729248047e-04
3.875792026519775391e-04
3.917217254638671875e-04
3.957450389862060547e-04
3.994703292846679688e-04
4.030168056488037109e-04
4.063546657562255859e-04
4.095435142517089844e-04
4.125535488128662109e-04
4.155337810516357422e-04
4.183948040008544922e-04
4.210770130157470703e-04
4.239082336425781250e-04
4.267990589141845703e-04
4.304051399230957031e-04
4.347860813140869141e-04
4.398524761199951172e-04
4.454255104064941406e-04
4.509985446929931641e-04
4.565715789794921875e-04
4.618167877197265625e-04
4.668533802032470703e-04
4.718601703643798828e-04
4.767775535583496094e-04
4.815757274627685547e-04
4.864037036895751953e-04
4.912018775939941406e-04
4.959106445312500000e-04
5.005598068237304688e-04
5.052089691162109375e-04
5.098879337310791016e-04
5.147159099578857422e-04
5.197227001190185547e-04
5.251169204711914062e-04
5.308687686920166016e-04
5.367994308471679688e-04
5.430281162261962891e-04
5.494356155395507812e-04
5.559623241424560547e-04
5.626082420349121094e-04
5.693435668945312500e-04
5.761682987213134766e-04
5.830824375152587891e-04
5.902349948883056641e-04
5.975961685180664062e-04
6.050765514373779297e-04
6.129741668701171875e-04
6.213188171386718750e-04
6.300806999206542969e-04
6.390213966369628906e-04
6.473064422607421875e-04
6.541609764099121094e-04
6.590783596038818359e-04
6.628930568695068359e-04
6.666481494903564453e-04
6.713569164276123047e-04
6.773173809051513672e-04
6.847679615020751953e-04
6.933510303497314453e-04
7.025599479675292969e-04
7.124245166778564453e-04
7.224977016448974609e-04
7.326304912567138672e-04
7.429122924804687500e-04
7.531940937042236328e-04
7.635056972503662109e-04
7.737576961517333984e-04
7.840394973754882812e-04
7.942616939544677734e-04
8.044540882110595703e-04
8.145868778228759766e-04
8.246600627899169922e-04
