8.727272727272727395e-04
8.810850439882698254e-04
8.890029325513196506e-04
8.985337243401759176e-04
9.180351906158358208e-04
9.343108504398827318e-04
9.417888563049852963e-04
9.425219941348973252e-04
9.435483870967742307e-04
9.536656891495601425e-04
9.648093841642228514e-04
9.826979472140763127e-04
9.973607038123166735e-04
1.011583577712609882e-03
1.018621700879765403e-03
1.020821114369501381e-03
1.028885630498533807e-03
1.049853372434017551e-03
1.064369501466275745e-03
1.081085043988269699e-03
1.097360703812316719e-03
1.115835777126099717e-03
1.128445747800586483e-03
1.140322580645161329e-03
1.152052785923753575e-03
1.173460410557184688e-03
1.193548387096774127e-03
1.205865102639296126e-03
1.217448680351906204e-03
1.223900293255131971e-03
1.229178885630498449e-03
1.234897360703812296e-03
1.240762463343108527e-03
1.253372434017595294e-03
1.272140762463343060e-03
1.285777126099706732e-03
1.291935483870967731e-03
1.297800586510263962e-03
1.314076246334310765e-03
1.342228739002932630e-03
1.364809384164222816e-03
1.379618768328445778e-03
1.386070381231671545e-03
1.402639296187683333e-03
1.413782991202346042e-03
1.428885630498533772e-03
1.450439882697947269e-03
1.469941348973606956e-03
1.494721407624633337e-03
1.524486803519061644e-03
1.532991202346041006e-03
1.533870967741935527e-03
1.548093841642228735e-03
1.557624633431085003e-03
1.572287390029325580e-03
1.584164222873900209e-03
1.596041055718475056e-03
1.597360703812316729e-03
1.601906158357771287e-03
1.602492668621700823e-03
1.604985337243401786e-03
1.609530791788856344e-03
1.620087976539589516e-03
1.621114369501466205e-03
1.628592375366568878e-03
1.631231671554252225e-03
1.634164222873900341e-03
1.640762463343108492e-03
1.650733137829912128e-03
1.658797653958944338e-03
1.667008797653958931e-03
1.669354838709677510e-03
1.671994134897360641e-03
1.673460410557184698e-03
1.675659824046920893e-03
1.679032258064516161e-03
1.685190615835777160e-03
1.690029325513196486e-03
1.691348973607038160e-03
1.691935483870967696e-03
1.693255131964809370e-03
1.697947214076246311e-03
1.700586510263929658e-03
1.703079178885630405e-03
1.705425219941348984e-03
1.703665689149560158e-03
1.703665689149560158e-03
1.705278592375366600e-03
1.707038123167155426e-03
1.708211143695014715e-03
1.711583577712609983e-03
1.715689149560117388e-03
1.716275659824046925e-03
1.709237536656891404e-03
1.714222873900293331e-03
1.720674486803519098e-03
1.721260997067448634e-03
1.724193548387096750e-03
1.727859237536656786e-03
1.729472140762463445e-03
1.731231671554252271e-03
1.735483870967741843e-03
1.736950146627565901e-03
1.738563049853372343e-03
1.739442815249266864e-03
1.739736070381231632e-03
1.739736070381231632e-03
1.740762463343108538e-03
1.746334310850439784e-03
1.747507331378299073e-03
1.750586510263929573e-03
1.751173020527859326e-03
1.751612903225806478e-03
1.752785923753665768e-03
1.753225806451612920e-03
1.754252199413489826e-03
1.755718475073313883e-03
1.757038123167155340e-03
1.758211143695014630e-03
1.760263929618768224e-03
1.760410557184750825e-03
1.762903225806451571e-03
1.765102639296187766e-03
1.767302052785923745e-03
1.769941348973607092e-03
1.771700879765395918e-03
1.772287390029325454e-03
1.772287390029325454e-03
1.773167155425219976e-03
1.774780058651026417e-03
1.775953079178885707e-03
1.778445747800586453e-03
1.779765395894428127e-03
1.780791788856305033e-03
1.780645161290322648e-03
1.780791788856305033e-03
1.782697947214076243e-03
1.784310850439882684e-03
1.786656891495601264e-03
1.788269794721407705e-03
1.788563049853372474e-03
1.788563049853372474e-03
1.791202346041055821e-03
1.793695014662756567e-03
1.794281524926686321e-03
1.795601173020527777e-03
1.796627565982404683e-03
1.798093841642228741e-03
1.798240469208211125e-03
1.798826979472140661e-03
