2.329558134078979492e-03
2.259135246276855469e-03
2.188324928283691406e-03
2.116769552230834961e-03
2.043813467025756836e-03
1.969099044799804688e-03
1.891851425170898438e-03
1.811325550079345703e-03
1.726686954498291016e-03
1.637250185012817383e-03
1.542299985885620117e-03
1.441597938537597656e-03
1.335412263870239258e-03
1.225173473358154297e-03
1.113504171371459961e-03
1.004248857498168945e-03
9.016990661621093750e-04
8.098483085632324219e-04
7.309615612030029297e-04
6.657540798187255859e-04
6.132721900939941406e-04
5.717277526855468750e-04
5.390346050262451172e-04
5.130171775817871094e-04
4.921853542327880859e-04
4.750788211822509766e-04
4.608631134033203125e-04
4.485547542572021484e-04
4.378259181976318359e-04
4.282593727111816406e-04
4.195272922515869141e-04
4.115104675292968750e-04
4.039704799652099609e-04
3.968775272369384766e-04
3.901422023773193359e-04
3.837645053863525391e-04
3.775656223297119141e-04
3.715753555297851562e-04
3.657937049865722656e-04
3.601908683776855469e-04
3.547072410583496094e-04
3.494918346405029297e-04
3.443956375122070312e-04
3.394484519958496094e-04
3.345906734466552734e-04
3.297924995422363281e-04
3.252029418945312500e-04
3.207623958587646484e-04
3.164112567901611328e-04
3.121793270111083984e-04
3.081262111663818359e-04
3.041625022888183594e-04
3.002583980560302734e-04
2.965927124023437500e-04
2.929270267486572266e-04
2.895295619964599609e-04
2.860128879547119141e-04
2.827644348144531250e-04
2.796351909637451172e-04
2.765953540802001953e-04
2.735853195190429688e-04
2.708137035369873047e-04
2.680718898773193359e-04
2.654194831848144531e-04
2.629458904266357422e-04
2.604424953460693359e-04
2.580881118774414062e-04
2.558529376983642578e-04
2.536773681640625000e-04
2.516508102416992188e-04
2.496838569641113281e-04
2.477169036865234375e-04
2.459287643432617188e-04
2.442002296447753906e-04
2.424716949462890625e-04
2.408623695373535156e-04
2.392530441284179688e-04
2.377927303314208984e-04
2.363920211791992188e-04
2.350211143493652344e-04
2.336800098419189453e-04
2.323389053344726562e-04
2.312362194061279297e-04
2.299547195434570312e-04
2.287924289703369141e-04
2.278089523315429688e-04
2.266168594360351562e-04
2.255737781524658203e-04
2.246201038360595703e-04
2.235770225524902344e-04
2.227127552032470703e-04
2.217590808868408203e-04
2.208352088928222656e-04
2.199709415435791016e-04
2.190470695495605469e-04
2.181529998779296875e-04
2.172589302062988281e-04
2.163946628570556641e-04
2.155303955078125000e-04
2.145767211914062500e-04
2.135932445526123047e-04
2.127587795257568359e-04
2.117753028869628906e-04
2.107918262481689453e-04
2.097487449645996094e-04
2.086460590362548828e-04
2.075731754302978516e-04
2.063214778900146484e-04
2.050399780273437500e-04
2.036690711975097656e-04
2.022683620452880859e-04
2.006590366363525391e-04
1.989603042602539062e-04
1.972019672393798828e-04
1.952648162841796875e-04
1.930594444274902344e-04
1.908540725708007812e-04
1.884400844573974609e-04
1.859366893768310547e-04
1.833438873291015625e-04
1.807510852813720703e-04
1.780390739440917969e-04
1.753568649291992188e-04
1.727640628814697266e-04
1.702904701232910156e-04
1.680850982666015625e-04
1.660585403442382812e-04
1.644194126129150391e-04
1.631081104278564453e-04
1.623034477233886719e-04
1.620352268218994141e-04
1.623630523681640625e-04
1.634359359741210938e-04
1.653432846069335938e-04
1.683235168457031250e-04
1.725554466247558594e-04
1.781284809112548828e-04
1.851022243499755859e-04
1.928508281707763672e-04
2.008080482482910156e-04
2.077817916870117188e-04
2.125203609466552734e-04
2.140402793884277344e-04
2.117753028869628906e-04
2.058148384094238281e-04
1.966357231140136719e-04
1.855194568634033203e-04
1.735091209411621094e-04
1.619160175323486328e-04
1.514554023742675781e-04
1.425445079803466797e-04
1.353621482849121094e-04
1.296103000640869141e-04
1.251697540283203125e-04
1.216437522089108825e-04
1.189439062727615237e-04
1.168420567410066724e-04
1.151937176473438740e-04
1.138881561928428710e-04
1.128421718021854758e-04
1.119949956773780286e-04
1.113034304580651224e-04
1.107394127757288516e-04
1.102867536246776581e-04
1.099412620533257723e-04
1.097081112675368786e-04
1.096022824640385807e-04
1.096460910048335791e-04
1.098668435588479042e-04
1.102939058910124004e-04
1.109553850255906582e-04
1.118737272918224335e-04
1.130627788370475173e-04
1.145246642408892512e-04
1.162472035503014922e-04
1.182001869892701507e-04
1.203328938572667539e-04
1.225725718541070819e-04
1.248121261596679688e-04
1.270473003387451172e-04
1.289844512939453125e-04
1.306235790252685547e-04
1.320540904998779297e-04
1.328587532043457031e-04
1.333057880401611328e-04
1.333355903625488281e-04
1.329779624938964844e-04
1.322031021118164062e-04
1.311004161834716797e-04
1.297295093536376953e-04
1.280903816223144531e-04
1.264214515686035156e-04
1.247227191925048828e-04
1.230452617164701223e-04
1.214995281770825386e-04
1.201444974867627025e-04
1.190378679893910885e-04
1.182267951662652194e-04
1.177483500214293599e-04
1.176292644231580198e-04
1.178843012894503772e-04
1.185135261039249599e-04
1.194977230625227094e-04
1.207943059853278100e-04
1.223349099745973945e-04
1.240670680999755859e-04
1.258254051208496094e-04
1.274943351745605469e-04
1.290440559387207031e-04
1.303851604461669922e-04
1.313090324401855469e-04
1.318752765655517578e-04
1.319348812103271484e-04
1.313984394073486328e-04
1.296699047088623047e-04
1.266896724700927734e-04
1.221637648995965719e-04
1.166912770713679492e-04
1.124263581004925072e-04
1.128695075749419630e-04
1.200235637952573597e-04
1.308917999267578125e-04
1.402795314788818359e-04
1.460313796997070312e-04
1.488626003265380859e-04
1.496374607086181641e-04
1.495182514190673828e-04
1.489818096160888672e-04
1.484751701354980469e-04
1.483857631683349609e-04
1.490116119384765625e-04
1.504123210906982422e-04
1.531541347503662109e-04
1.572370529174804688e-04
1.623630523681640625e-04
1.681447029113769531e-04
1.727938652038574219e-04
1.719594001770019531e-04
1.571774482727050781e-04
1.230835187016054988e-04
8.998355770017951727e-05
7.594317867187783122e-05
7.654713408555835485e-05
8.809193241177126765e-05
1.091237718355841935e-04
1.326203346252441406e-04
1.509785652160644531e-04
1.625716686248779297e-04
1.692473888397216797e-04
1.728534698486328125e-04
1.743137836456298828e-04
1.739561557769775391e-04
1.722276210784912109e-04
1.691579818725585938e-04
1.653134822845458984e-04
1.609325408935546875e-04
1.563429832458496094e-04
1.519918441772460938e-04
1.481771469116210938e-04
1.449286937713623047e-04
1.425445079803466797e-04
