1.327445352217182517e-04
1.320126466453075409e-04
1.312951935688033700e-04
1.305960904574021697e-04
1.299201539950445294e-04
1.292726228712126613e-04
1.286597107537090778e-04
1.280871947528794408e-04
1.275628310395404696e-04
1.270941720576956868e-04
1.266898034373298287e-04
1.263593294424936175e-04
1.261133002117276192e-04
1.259628334082663059e-04
1.259207929251715541e-04
1.260012795682996511e-04
1.262191653950139880e-04
1.265908795176073909e-04
1.271349028684198856e-04
1.278705749427899718e-04
1.288189232582226396e-04
1.300029252888634801e-04
1.314455294050276279e-04
1.331715175183489919e-04
1.352041726931929588e-04
1.375665888190269470e-04
1.402765192324295640e-04
1.433445868315175176e-04
1.467705587856471539e-04
1.505336695117875934e-04
1.545856503071263433e-04
1.588376617291942239e-04
1.631448540138080716e-04
1.672897778917104006e-04
1.709687639959156513e-04
1.737809361657127738e-04
1.752385578583925962e-04
1.748001523083075881e-04
1.719431311357766390e-04
1.662742142798379064e-04
1.576599606778472662e-04
1.463419612264260650e-04
1.329834631178528070e-04
1.186061999760568142e-04
1.044060045387595892e-04
9.148797835223376751e-05
8.060941036092117429e-05
7.204771827673539519e-05
6.565638614119961858e-05
6.104301428422331810e-05
5.775284444098360837e-05
5.538166442420333624e-05
5.361685907701030374e-05
5.223572952672839165e-05
5.108734330860897899e-05
5.007242725696414709e-05
4.912707663606852293e-05
4.821088077733293176e-05
4.729801730718463659e-05
4.637323945644311607e-05
4.542727037915028632e-05
4.445483864401467144e-05
4.345391789684072137e-05
4.242440627422183752e-05
4.136765346629545093e-05
4.028620969620533288e-05
3.918397851521149278e-05
3.806508175330236554e-05
3.693485632538795471e-05
3.579873737180605531e-05
3.466266934992745519e-05
3.353268039063550532e-05
3.241472222725860775e-05
3.131447374471463263e-05
3.023719727934803814e-05
2.918768950621597469e-05
2.817017411871347576e-05
2.718784344324376434e-05
2.624352237035054713e-05
2.533912447688635439e-05
2.447583756293170154e-05
2.365420368732884526e-05
2.287437200720887631e-05
2.213575680798385292e-05
2.143746314686723053e-05
2.077829230984207243e-05
2.015676182054448873e-05
1.957118729478679597e-05
1.901981158880516887e-05
1.850069020292721689e-05
1.801208054530434310e-05
1.755195080477278680e-05
1.711865479592233896e-05
1.671032805461436510e-05
1.632526436878833920e-05
1.596182482899166644e-05
1.561855060572270304e-05
1.529394285171292722e-05
1.498668279964476824e-05
1.469548715249402449e-05
1.441915901523316279e-05
1.415666429238626733e-05
1.390693159919464961e-05
1.366906963085057214e-05
1.344218526355689391e-05
1.322545904258731753e-05
1.301817246712744236e-05
1.281961158383637667e-05
1.262917157873744145e-05
1.244623672391753644e-05
1.227031589223770425e-05
1.210085065395105630e-05
1.193744628835702315e-05
1.177966623799875379e-05
1.162711942015448585e-05
1.147949114965740591e-05
1.133645037043606862e-05
1.119771241064881906e-05
1.106303625419968739e-05
1.093221999326488003e-05
1.080502261174842715e-05
1.068134133674902841e-05
1.056098062690580264e-05
1.044383679982274771e-05
1.032982436299789697e-05
1.021883053908823058e-05
1.011086260405136272e-05
1.000585598376346752e-05
9.903781574394088238e-06
9.804703040572348982e-06
9.708587640488985926e-06
9.615541785024106503e-06
9.525575478619430214e-06
9.438811503059696406e-06
9.355334441352169961e-06
9.275257070839870721e-06
9.198706720781046897e-06
9.125878023041877896e-06
9.056890121428295970e-06
8.991930371848866343e-06
8.931259799282997847e-06
8.875052117218729109e-06
8.823504686006344855e-06
8.776984941505361348e-06
8.735708433960098773e-06
8.699983482074458152e-06
8.670141141919884831e-06
8.646526111988350749e-06
8.629548574390355498e-06
8.619571417511906475e-06
