1.064792368561029434e-02
1.083698775619268417e-02
1.105285901576280594e-02
1.128024887293577194e-02
1.149661745876073837e-02
1.167990732938051224e-02
1.181688904762268066e-02
1.190584804862737656e-02
1.195283886045217514e-02
1.196583267301321030e-02
1.195057015866041183e-02
1.190924085676670074e-02
1.184113509953022003e-02
1.174464542418718338e-02
1.161976624280214310e-02
1.146929431706666946e-02
1.129815261811017990e-02
1.111128833144903183e-02
1.091250218451023102e-02
1.070495229214429855e-02
1.049227826297283173e-02
1.027897838503122330e-02
1.006926503032445908e-02
9.865326806902885437e-03
9.666375815868377686e-03
9.469293989241123199e-03
9.270908311009407043e-03
9.070551954209804535e-03
8.870823308825492859e-03
8.674849756062030792e-03
8.480999618768692017e-03
8.280333131551742554e-03
8.060485124588012695e-03
7.814432494342327118e-03
7.547758985310792923e-03
7.274600211530923843e-03
7.003135513514280319e-03
6.727700121700763702e-03
6.439310498535633087e-03
6.142107769846916199e-03
5.853012204170227051e-03
5.584361962974071503e-03
5.334646441042423248e-03
5.096712615340948105e-03
4.868299700319766998e-03
4.653389099985361099e-03
4.456567578017711639e-03
4.277849104255437851e-03
4.112523980438709259e-03
3.954750020056962967e-03
3.801300423219799995e-03
3.652648068964481354e-03
3.511122893542051315e-03
3.378391033038496971e-03
3.254116512835025787e-03
3.136174287647008896e-03
3.021829994395375252e-03
2.909153234213590622e-03
2.798065077513456345e-03
2.690345980226993561e-03
2.588522154837846756e-03
2.494357526302337646e-03
2.408002968877553940e-03
2.328184433281421661e-03
2.253121463581919670e-03
2.181502757593989372e-03
2.112976973876357079e-03
2.048036549240350723e-03
1.987543422728776932e-03
1.932227634824812412e-03
1.882397220470011234e-03
1.837876858189702034e-03
1.798147452063858509e-03
1.762489671818912029e-03
1.730138203129172325e-03
1.700385706499218941e-03
1.672635553404688835e-03
1.646424178034067154e-03
1.621417119167745113e-03
1.597387716174125671e-03
1.574171590618789196e-03
1.551650464534759521e-03
1.529711997136473656e-03
1.508242567069828510e-03
1.487142057158052921e-03
1.466330606490373611e-03
1.445781672373414040e-03
1.425527269020676613e-03
1.405658782459795475e-03
1.386338495649397373e-03
1.367776421830058098e-03
1.350230653770267963e-03
1.334000611677765846e-03
1.319415983743965626e-03
1.306822756305336952e-03
1.296587055549025536e-03
1.289081526920199394e-03
1.284684287384152412e-03
1.283773686736822128e-03
1.286702463403344154e-03
1.293743727728724480e-03
1.305024139583110809e-03
1.320426817983388901e-03
1.339484471827745438e-03
1.361345406621694565e-03
1.384814386256039143e-03
1.408498035743832588e-03
1.431036042049527168e-03
1.451301504857838154e-03
1.468535745516419411e-03
1.482351101003587246e-03
1.492674462497234344e-03
1.499623525887727737e-03
1.503402483649551868e-03
1.504210173152387142e-03
1.502193277701735497e-03
1.497417455539107323e-03
1.489869784563779831e-03
1.479474944062530994e-03
1.466121175326406956e-03
1.449717907235026360e-03
1.430247910320758820e-03
1.407832955010235310e-03
1.382787479087710381e-03
1.355653279460966587e-03
1.327195321209728718e-03
1.298340037465095520e-03
1.270091161131858826e-03
1.243401085957884789e-03
1.219080062583088875e-03
1.197723322547972202e-03
1.179686863906681538e-03
1.165121444500982761e-03
1.154006924480199814e-03
1.146215246990323067e-03
1.141562941484153271e-03
1.139860250987112522e-03
1.140930806286633015e-03
1.144630368798971176e-03
1.150865573436021805e-03
1.159582636319100857e-03
1.170773175545036793e-03
1.184464432299137115e-03
1.200720667839050293e-03
1.219630008563399315e-03
1.241300138644874096e-03
1.265857717953622341e-03
1.293433364480733871e-03
1.324164564721286297e-03
1.358194625936448574e-03
