7.438918948173522949e-02
7.519501447677612305e-02
7.602035254240036011e-02
7.686391472816467285e-02
7.772418111562728882e-02
7.859977334737777710e-02
7.948906719684600830e-02
8.039052784442901611e-02
8.130253851413726807e-02
8.222339302301406860e-02
8.315148949623107910e-02
8.408507704734802246e-02
8.502233773469924927e-02
8.596145361661911011e-02
8.690048754215240479e-02
8.783727139234542847e-02
8.876954019069671631e-02
8.969484269618988037e-02
9.061041474342346191e-02
9.151341766119003296e-02
9.240056574344635010e-02
9.326858073472976685e-02
9.411399811506271362e-02
9.493342041969299316e-02
9.572345018386840820e-02
9.648114442825317383e-02
9.720396250486373901e-02
9.789013117551803589e-02
9.853872656822204590e-02
9.914974868297576904e-02
9.972435235977172852e-02
1.002647206187248230e-01
1.007740050554275513e-01
1.012561097741127014e-01
1.017154678702354431e-01
1.021566465497016907e-01
1.025841087102890015e-01
1.030017733573913574e-01
1.034129932522773743e-01
1.038199886679649353e-01
1.042241454124450684e-01
1.046257838606834412e-01
1.050245016813278198e-01
1.054189577698707581e-01
1.058076694607734680e-01
1.061886623501777649e-01
1.065601631999015808e-01
1.069204732775688171e-01
1.072683185338973999e-01
1.076027303934097290e-01
1.079232543706893921e-01
1.082297489047050476e-01
1.085225269198417664e-01
1.088021099567413330e-01
1.090692579746246338e-01
1.093249469995498657e-01
1.095701083540916443e-01
1.098058819770812988e-01
1.100331544876098633e-01
1.102529391646385193e-01
1.104661449790000916e-01
1.106735244393348694e-01
1.108759194612503052e-01
1.110739186406135559e-01
1.112681701779365540e-01
1.114591434597969055e-01
1.116473078727722168e-01
1.118330284953117371e-01
1.120167076587677002e-01
1.121985986828804016e-01
1.123789697885513306e-01
1.125580295920372009e-01
1.127360463142395020e-01
1.129130944609642029e-01
1.130894273519515991e-01
1.132651567459106445e-01
1.134404242038726807e-01
1.136153191328048706e-01
1.137899905443191528e-01
1.139644905924797058e-01
1.141389459371566772e-01
1.143134459853172302e-01
1.144879981875419617e-01
1.146627590060234070e-01
1.148376837372779846e-01
1.150129437446594238e-01
1.151884868741035461e-01
1.153643876314163208e-01
1.155407279729843140e-01
1.157174035906791687e-01
1.158945634961128235e-01
1.160721704363822937e-01
1.162502169609069824e-01
1.164287328720092773e-01
1.166076809167861938e-01
1.167870238423347473e-01
1.169667989015579224e-01
1.171469241380691528e-01
1.173274442553520203e-01
1.175082325935363770e-01
1.176893264055252075e-01
1.178706362843513489e-01
1.180520653724670410e-01
1.182336583733558655e-01
1.184152960777282715e-01
1.185969263315200806e-01
1.187784746289253235e-01
1.189598664641380310e-01
1.191410347819328308e-01
1.193219125270843506e-01
1.195024028420448303e-01
1.196824386715888977e-01
1.198619455099105835e-01
1.200407668948173523e-01
1.202188953757286072e-01
1.203962117433547974e-01
1.205726116895675659e-01
1.207480728626251221e-01
1.209223791956901550e-01
1.210954859852790833e-01
1.212673559784889221e-01
1.214378178119659424e-01
1.216067969799041748e-01
1.217741593718528748e-01
1.219398602843284607e-01
1.221037283539772034e-01
1.222656592726707458e-01
1.224256008863449097e-01
1.225834488868713379e-01
1.227390319108963013e-01
1.228922903537750244e-01
1.230430379509925842e-01
1.231913119554519653e-01
1.233368664979934692e-01
1.234796121716499329e-01
1.236194148659706116e-01
1.237562894821166992e-01
1.238899603486061096e-01
1.240204572677612305e-01
1.241475641727447510e-01
1.242712140083312988e-01
1.243913173675537109e-01
1.245077624917030334e-01
1.246204450726509094e-01
1.247292831540107727e-01
1.248341351747512817e-01
1.249350234866142273e-01
1.250317543745040894e-01
1.251243352890014648e-01
1.252125799655914307e-01
