3.649294376373291016e-04
3.805458545684814453e-04
4.032850265502929688e-04
4.346668720245361328e-04
4.734396934509277344e-04
5.151927471160888672e-04
5.548298358917236328e-04
5.910694599151611328e-04
6.251633167266845703e-04
6.590783596038818359e-04
6.940662860870361328e-04
7.304847240447998047e-04
7.679164409637451172e-04
8.055567741394042969e-04
8.423328399658203125e-04
8.777379989624023438e-04
9.116232395172119141e-04
9.443759918212890625e-04
9.776353836059570312e-04
1.013994216918945312e-03
1.056313514709472656e-03
1.107513904571533203e-03
1.167237758636474609e-03
1.230776309967041016e-03
1.290977001190185547e-03
1.342713832855224609e-03
1.386225223541259766e-03
1.427352428436279297e-03
1.478105783462524414e-03
1.554936170578002930e-03
1.662433147430419922e-03
1.771450042724609375e-03
1.850962638854980469e-03
1.903623342514038086e-03
1.943707466125488281e-03
1.980602741241455078e-03
2.018541097640991211e-03
2.059161663055419922e-03
2.102792263031005859e-03
2.149432897567749023e-03
2.198785543441772461e-03
2.250552177429199219e-03
2.304047346115112305e-03
2.358376979827880859e-03
2.413123846054077148e-03
2.467423677444458008e-03
2.520918846130371094e-03
2.573221921920776367e-03
2.624303102493286133e-03
2.674400806427001953e-03
2.723932266235351562e-03
2.773314714431762695e-03
2.823352813720703125e-03
2.874851226806640625e-03
2.928256988525390625e-03
2.984374761581420898e-03
3.043383359909057617e-03
3.105580806732177734e-03
3.170639276504516602e-03
3.238171339035034180e-03
3.307342529296875000e-03
3.377377986907958984e-03
3.447413444519042969e-03
3.516793251037597656e-03
3.585219383239746094e-03
3.652453422546386719e-03
3.718852996826171875e-03
3.784984350204467773e-03
3.851354122161865234e-03
3.918945789337158203e-03
3.988474607467651367e-03
4.060745239257812500e-03
4.136294126510620117e-03
4.215627908706665039e-03
4.299074411392211914e-03
4.386514425277709961e-03
4.477798938751220703e-03
4.572302103042602539e-03
4.669606685638427734e-03
4.768759012222290039e-03
4.869103431701660156e-03
4.970401525497436523e-03
5.072385072708129883e-03
5.175709724426269531e-03
5.281656980514526367e-03
5.391925573348999023e-03
5.509108304977416992e-03
5.636334419250488281e-03
5.777359008789062500e-03
5.935281515121459961e-03
6.112426519393920898e-03
6.308764219284057617e-03
6.521016359329223633e-03
6.743609905242919922e-03
6.969630718231201172e-03
7.193833589553833008e-03
7.414609193801879883e-03
7.633805274963378906e-03
7.855564355850219727e-03
8.084803819656372070e-03
8.326053619384765625e-03
8.582323789596557617e-03
8.855044841766357422e-03
9.143054485321044922e-03
9.443312883377075195e-03
9.751319885253906250e-03
1.006263494491577148e-02
1.037386059761047363e-02
1.068359613418579102e-02
1.099205017089843750e-02
1.130047440528869629e-02
1.161095499992370605e-02
1.192533969879150391e-02
1.224470138549804688e-02
1.256966590881347656e-02
1.289960741996765137e-02
1.323312520980834961e-02
1.356825232505798340e-02
1.390248537063598633e-02
1.423308253288269043e-02
1.455757021903991699e-02
1.487356424331665039e-02
1.517945528030395508e-02
1.547396183013916016e-02
1.575699448585510254e-02
1.602888107299804688e-02
1.629072427749633789e-02
1.654425263404846191e-02
1.679137349128723145e-02
1.703453063964843750e-02
1.727581024169921875e-02
1.751706004142761230e-02
1.775947213172912598e-02
1.800361275672912598e-02
1.824891567230224609e-02
1.849395036697387695e-02
1.873683929443359375e-02
1.897516846656799316e-02
1.920714974403381348e-02
1.943138241767883301e-02
1.964768767356872559e-02
1.985684037208557129e-02
2.006056904792785645e-02
2.026125788688659668e-02
2.046123147010803223e-02
2.066281437873840332e-02
2.086791396141052246e-02
2.107745409011840820e-02
2.129164338111877441e-02
2.150997519493103027e-02
2.173101902008056641e-02
2.195301651954650879e-02
2.217417955398559570e-02
2.239260077476501465e-02
2.260673046112060547e-02
2.281549572944641113e-02
2.301838994026184082e-02
2.321541309356689453e-02
2.340728044509887695e-02
2.359476685523986816e-02
2.377948164939880371e-02
2.396309375762939453e-02
2.414727210998535156e-02
2.433401346206665039e-02
2.452501654624938965e-02
2.472162246704101562e-02
2.492472529411315918e-02
2.513480186462402344e-02
2.535122632980346680e-02
2.557274699211120605e-02
2.579742670059204102e-02
2.602276206016540527e-02
2.624583244323730469e-02
2.646413445472717285e-02
2.667552232742309570e-02
2.687874436378479004e-02
2.707356214523315430e-02
2.726060152053833008e-02
2.744123339653015137e-02
2.761757373809814453e-02
2.779212594032287598e-02
2.796766161918640137e-02
2.814728021621704102e-02
2.833405137062072754e-02
2.853074669837951660e-02
2.874010801315307617e-02
2.896422147750854492e-02
2.920421957969665527e-02
2.946001291275024414e-02
2.973017096519470215e-02
3.001165390014648438e-02
3.030002117156982422e-02
3.059032559394836426e-02
3.087776899337768555e-02
3.115877509117126465e-02
3.143188357353210449e-02
3.169798851013183594e-02
3.196045756340026855e-02
3.222441673278808594e-02
3.249603509902954102e-02
3.278177976608276367e-02
3.308671712875366211e-02
3.341433405876159668e-02
3.376513719558715820e-02
3.413677215576171875e-02
3.452438116073608398e-02
3.492113947868347168e-02
3.531935811042785645e-02
3.571116924285888672e-02
3.608989715576171875e-02
3.645035624504089355e-02
3.678914904594421387e-02
3.710541129112243652e-02
3.740081191062927246e-02
3.768002986907958984e-02
3.795176744461059570e-02
3.823018074035644531e-02
3.853547573089599609e-02
3.889280557632446289e-02
3.932455182075500488e-02
3.983417153358459473e-02
4.039305448532104492e-02
4.095333814620971680e-02
4.148393869400024414e-02
4.199054837226867676e-02
4.250225424766540527e-02
4.305014014244079590e-02
4.365202784538269043e-02
4.430815577507019043e-02
4.500252008438110352e-02
4.570817947387695312e-02
4.639571905136108398e-02
4.704040288925170898e-02
4.762798547744750977e-02
4.815623164176940918e-02
4.863443970680236816e-02
4.908099770545959473e-02
4.952102899551391602e-02
4.998400807380676270e-02
5.049991607666015625e-02
5.109372735023498535e-02
5.177682638168334961e-02
5.253943800926208496e-02
5.334886908531188965e-02
5.415910482406616211e-02
5.492916703224182129e-02
5.563911795616149902e-02
5.629625916481018066e-02
5.692932009696960449e-02
5.757868289947509766e-02
5.828544497489929199e-02
5.908372998237609863e-02
5.999490618705749512e-02
6.102555990219116211e-02
6.216815114021301270e-02
6.340369582176208496e-02
6.470698118209838867e-02
6.605082750320434570e-02
6.741005182266235352e-02
6.876432895660400391e-02
7.009869813919067383e-02
