6.409734487533569336e-02
6.489347666501998901e-02
6.571872532367706299e-02
6.657142937183380127e-02
6.744986772537231445e-02
6.835208088159561157e-02
6.927614659070968628e-02
7.021980732679367065e-02
7.118085026741027832e-02
7.215693593025207520e-02
7.314576208591461182e-02
7.414489239454269409e-02
7.515188306570053101e-02
7.616432756185531616e-02
7.717985659837722778e-02
7.819616794586181641e-02
7.921091467142105103e-02
8.022204041481018066e-02
8.122733235359191895e-02
8.222486823797225952e-02
8.321284502744674683e-02
8.418946713209152222e-02
8.515320718288421631e-02
8.610257506370544434e-02
8.703624457120895386e-02
8.795306831598281860e-02
8.885205537080764771e-02
8.973226696252822876e-02
9.059293568134307861e-02
9.143344312906265259e-02
9.225330501794815063e-02
9.305208921432495117e-02
9.382946789264678955e-02
9.458531439304351807e-02
9.531948715448379517e-02
9.603197872638702393e-02
9.672289341688156128e-02
9.739227592945098877e-02
9.804037213325500488e-02
9.866744279861450195e-02
9.927375614643096924e-02
9.985966235399246216e-02
1.004255563020706177e-01
1.009718626737594604e-01
1.014990061521530151e-01
1.020074412226676941e-01
1.024976894259452820e-01
1.029702574014663696e-01
1.034256443381309509e-01
1.038643866777420044e-01
1.042870432138442993e-01
1.046941429376602173e-01
1.050862371921539307e-01
1.054638251662254333e-01
1.058275178074836731e-01
1.061778888106346130e-01
1.065154150128364563e-01
1.068406775593757629e-01
1.071542128920555115e-01
1.074564978480339050e-01
1.077481508255004883e-01
1.080296412110328674e-01
1.083014458417892456e-01
1.085641011595726013e-01
1.088180467486381531e-01
1.090638116002082825e-01
1.093018203973770142e-01
1.095325797796249390e-01
1.097564101219177246e-01
1.099738553166389465e-01
1.101852208375930786e-01
1.103910282254219055e-01
1.105915606021881104e-01
1.107872053980827332e-01
1.109783649444580078e-01
1.111652851104736328e-01
1.113483905792236328e-01
1.115279272198677063e-01
1.117042675614356995e-01
1.118776053190231323e-01
1.120482757687568665e-01
1.122165694832801819e-01
1.123827248811721802e-01
1.125469878315925598e-01
1.127095893025398254e-01
1.128707677125930786e-01
1.130308136343955994e-01
1.131898537278175354e-01
1.133481487631797791e-01
1.135058999061584473e-01
1.136633530259132385e-01
1.138206422328948975e-01
1.139780059456825256e-01
1.141355037689208984e-01
1.142934486269950867e-01
1.144519224762916565e-01
1.146110817790031433e-01
1.147710010409355164e-01
1.149317994713783264e-01
1.150935068726539612e-01
1.152562722563743591e-01
1.154200583696365356e-01
1.155848428606987000e-01
1.157506629824638367e-01
1.159174442291259766e-01
1.160850822925567627e-01
1.162535101175308228e-01
1.164226531982421875e-01
1.165923103690147400e-01
1.167623400688171387e-01
1.169326007366180420e-01
1.171028316020965576e-01
1.172729581594467163e-01
1.174427568912506104e-01
1.176120117306709290e-01
1.177805289626121521e-01
1.179481744766235352e-01
1.181147247552871704e-01
1.182800680398941040e-01
1.184440329670906067e-01
1.186065673828125000e-01
1.187675222754478455e-01
1.189268380403518677e-01
1.190844252705574036e-01
1.192402914166450500e-01
1.193943619728088379e-01
1.195467635989189148e-01
1.196975037455558777e-01
1.198466122150421143e-01
1.199942529201507568e-01
1.201404780149459839e-01
1.202854588627815247e-01
1.204293668270111084e-01
1.205724328756332397e-01
1.207147911190986633e-01
1.208566501736640930e-01
1.209983453154563904e-01
1.211400330066680908e-01
1.212820783257484436e-01
1.214247122406959534e-01
1.215682476758956909e-01
1.217130273580551147e-01
1.218593418598175049e-01
1.220075413584709167e-01
1.221580058336257935e-01
1.223110258579254150e-01
1.224670484662055969e-01
1.226264089345932007e-01
1.227895095944404602e-01
1.229567304253578186e-01
