9.994170665740966797e-01
9.993729591369628906e-01
9.993147253990173340e-01
9.992434382438659668e-01
9.991639852523803711e-01
9.990832805633544922e-01
9.990061521530151367e-01
9.989343881607055664e-01
9.988666772842407227e-01
9.988013505935668945e-01
9.987366199493408203e-01
9.986718893051147461e-01
9.986065626144409180e-01
9.985405802726745605e-01
9.984736442565917969e-01
9.984056949615478516e-01
9.983369112014770508e-01
9.982677102088928223e-01
9.981982111930847168e-01
9.981286525726318359e-01
9.980586767196655273e-01
9.979875683784484863e-01
9.979140758514404297e-01
9.978364706039428711e-01
9.977527856826782227e-01
9.976616501808166504e-01
9.975618720054626465e-01
9.974539279937744141e-01
9.973397254943847656e-01
9.972220659255981445e-01
9.971044063568115234e-01
9.969902038574218750e-01
9.968810081481933594e-01
9.967774152755737305e-01
9.966783523559570312e-01
9.965819120407104492e-01
9.964854717254638672e-01
9.963861703872680664e-01
9.962821006774902344e-01
9.961720108985900879e-01
9.960554838180541992e-01
9.959335923194885254e-01
9.958081245422363281e-01
9.956814646720886230e-01
9.955561757087707520e-01
9.954342842102050781e-01
9.953170418739318848e-01
9.952046275138854980e-01
9.950966835021972656e-01
9.949921965599060059e-01
9.948897361755371094e-01
9.947881698608398438e-01
9.946861267089843750e-01
9.945825338363647461e-01
9.944764375686645508e-01
9.943673014640808105e-01
9.942547678947448730e-01
9.941385388374328613e-01
9.940187335014343262e-01
9.938957691192626953e-01
9.937697649002075195e-01
9.936413168907165527e-01
9.935110211372375488e-01
9.933792352676391602e-01
9.932461977005004883e-01
9.931120872497558594e-01
9.929766654968261719e-01
9.928396940231323242e-01
9.927003979682922363e-01
9.925580024719238281e-01
9.924116730690002441e-01
9.922608137130737305e-01
9.921046495437622070e-01
9.919433593750000000e-01
9.917770028114318848e-01
9.916062355041503906e-01
9.914318919181823730e-01
9.912548661231994629e-01
9.910759925842285156e-01
9.908956289291381836e-01
9.907137751579284668e-01
9.905300140380859375e-01
9.903427362442016602e-01
9.901504516601562500e-01
9.899505376815795898e-01
9.897401928901672363e-01
9.895167350769042969e-01
9.892773628234863281e-01
9.890196919441223145e-01
9.887424707412719727e-01
9.884445667266845703e-01
9.881265759468078613e-01
9.877892732620239258e-01
9.874344468116760254e-01
9.870634675025939941e-01
9.866778850555419922e-01
9.862786531448364258e-01
9.858663082122802734e-01
9.854404926300048828e-01
9.850006699562072754e-01
9.845454692840576172e-01
9.840736389160156250e-01
9.835841655731201172e-01
9.830760955810546875e-01
9.825491905212402344e-01
9.820038080215454102e-01
9.814411401748657227e-01
9.808627963066101074e-01
9.802709817886352539e-01
9.796677827835083008e-01
9.790548682212829590e-01
9.784335494041442871e-01
9.778051376342773438e-01
9.771702885627746582e-01
9.765303730964660645e-01
9.758869409561157227e-01
9.752422571182250977e-01
9.745992422103881836e-01
9.739614725112915039e-01
9.733322262763977051e-01
9.727149605751037598e-01
9.721122980117797852e-01
9.715261459350585938e-01
9.709576368331909180e-01
9.704064726829528809e-01
9.698716402053833008e-01
9.693512320518493652e-01
9.688425064086914062e-01
9.683424234390258789e-01
9.678477048873901367e-01
9.673554301261901855e-01
9.668629765510559082e-01
9.663684964179992676e-01
9.658712148666381836e-01
9.653713703155517578e-01
9.648699164390563965e-01
9.643688201904296875e-01
9.638707041740417480e-01
9.633780717849731445e-01
9.628936052322387695e-01
9.624192714691162109e-01
9.619564414024353027e-01
9.615051150321960449e-01
9.610645771026611328e-01
9.606326818466186523e-01
9.602065682411193848e-01
9.597827196121215820e-01
9.593582153320312500e-01
9.589306712150573730e-01
9.584996700286865234e-01
9.580663442611694336e-01
9.576327800750732422e-01
9.572016596794128418e-01
9.567751288414001465e-01
9.563553333282470703e-01
9.559435248374938965e-01
9.555395841598510742e-01
9.551419019699096680e-01
9.547481536865234375e-01
9.543554782867431641e-01
9.539609551429748535e-01
9.535627365112304688e-01
9.531592130661010742e-01
9.527496099472045898e-01
9.523341655731201172e-01
9.519132375717163086e-01
9.514880180358886719e-01
9.510599374771118164e-01
9.506306052207946777e-01
9.502016305923461914e-01
9.497749209403991699e-01
9.493519067764282227e-01
9.489337801933288574e-01
9.485218524932861328e-01
9.481166005134582520e-01
9.477183222770690918e-01
9.473267197608947754e-01
9.469408392906188965e-01
9.465595483779907227e-01
9.461807608604431152e-01
9.458022117614746094e-01
9.454212188720703125e-01
9.450346231460571289e-01
9.446394443511962891e-01
9.442329406738281250e-01
9.438124895095825195e-01
9.433765411376953125e-01
9.429247379302978516e-01
9.424576759338378906e-01
9.419776201248168945e-01
9.414877295494079590e-01
9.409919977188110352e-01
9.404945373535156250e-01
9.399985074996948242e-01
9.395056366920471191e-01
9.390154480934143066e-01
9.385251998901367188e-01
9.380296468734741211e-01
9.375220537185668945e-01
9.369947910308837891e-01
9.364402890205383301e-01
9.358526468276977539e-01
9.352290034294128418e-01
9.345704317092895508e-01
9.338822364807128906e-01
9.331738352775573730e-01
9.324566721916198730e-01
9.317423105239868164e-01
9.310401678085327148e-01
9.303558468818664551e-01
9.296904802322387695e-01
9.290410280227661133e-01
9.284010529518127441e-01
9.277627468109130859e-01
9.271171092987060547e-01
9.264559745788574219e-01
9.257719516754150391e-01
9.250589609146118164e-01
9.243126511573791504e-01
9.235299825668334961e-01
9.227093458175659180e-01
9.218503236770629883e-01
9.209535121917724609e-01
9.200206995010375977e-01
9.190537333488464355e-01
9.180551767349243164e-01
9.170275926589965820e-01
9.159731864929199219e-01
9.148937463760375977e-01
9.137910604476928711e-01
9.126673340797424316e-01
9.115259647369384766e-01
9.103729724884033203e-01
9.092173576354980469e-01
9.080688953399658203e-01
9.069348573684692383e-01
9.058142304420471191e-01
9.046925306320190430e-01
9.035404920578002930e-01
9.023198485374450684e-01
9.009977579116821289e-01
8.995651006698608398e-01
8.980489969253540039e-01
8.965048789978027344e-01
8.949899673461914062e-01
8.935362696647644043e-01
8.921412229537963867e-01
8.907761573791503906e-01
8.894020318984985352e-01
8.879827260971069336e-01
8.864920139312744141e-01
8.849151730537414551e-01
8.832470178604125977e-01
8.814874887466430664e-01
8.796377182006835938e-01
8.776957392692565918e-01
8.756530880928039551e-01
8.734936118125915527e-01
8.711924552917480469e-01
8.687169551849365234e-01
8.660284280776977539e-01
