8.618202805519104004e-01
8.602184057235717773e-01
8.585629463195800781e-01
8.568578362464904785e-01
8.551069498062133789e-01
8.533148169517517090e-01
8.514860272407531738e-01
8.496252298355102539e-01
8.477371931076049805e-01
8.458272218704223633e-01
8.439000844955444336e-01
8.419607877731323242e-01
8.400145769119262695e-01
8.380661606788635254e-01
8.361200690269470215e-01
8.341811299324035645e-01
8.322536945343017578e-01
8.303416371345520020e-01
8.284489512443542480e-01
8.265792131423950195e-01
8.247355818748474121e-01
8.229209780693054199e-01
8.211382031440734863e-01
8.193893432617187500e-01
8.176765441894531250e-01
8.160014152526855469e-01
8.143655061721801758e-01
8.127700090408325195e-01
8.112156391143798828e-01
8.097032308578491211e-01
8.082331418991088867e-01
8.068056106567382812e-01
8.054206967353820801e-01
8.040782809257507324e-01
8.027781844139099121e-01
8.015197515487670898e-01
8.003027439117431641e-01
7.991263866424560547e-01
7.979899644851684570e-01
7.968928217887878418e-01
7.958339452743530273e-01
7.948124408721923828e-01
7.938274741172790527e-01
7.928778529167175293e-01
7.919627428054809570e-01
7.910810112953186035e-01
7.902315258979797363e-01
7.894132733345031738e-01
7.886252403259277344e-01
7.878661155700683594e-01
7.871348857879638672e-01
7.864304780960083008e-01
7.857518196105957031e-01
7.850975990295410156e-01
7.844669818878173828e-01
7.838585376739501953e-01
7.832713723182678223e-01
7.827042937278747559e-01
7.821561694145202637e-01
7.816259860992431641e-01
7.811124324798583984e-01
7.806146740913391113e-01
7.801313996315002441e-01
7.796617150306701660e-01
7.792043089866638184e-01
7.787582874298095703e-01
7.783225774765014648e-01
7.778961658477783203e-01
7.774779200553894043e-01
7.770669460296630859e-01
7.766624093055725098e-01
7.762634158134460449e-01
7.758690714836120605e-01
7.754786014556884766e-01
7.750914692878723145e-01
7.747069597244262695e-01
7.743246555328369141e-01
7.739440798759460449e-01
7.735649347305297852e-01
7.731872200965881348e-01
7.728106975555419922e-01
7.724353671073913574e-01
7.720617055892944336e-01
7.716897130012512207e-01
7.713197469711303711e-01
7.709522843360900879e-01
7.705878615379333496e-01
7.702268362045288086e-01
7.698696851730346680e-01
7.695167064666748047e-01
7.691684365272521973e-01
7.688248753547668457e-01
7.684859037399291992e-01
7.681516408920288086e-01
7.678215503692626953e-01
7.674951553344726562e-01
7.671716809272766113e-01
7.668502330780029297e-01
7.665297985076904297e-01
7.662091255187988281e-01
7.658872604370117188e-01
7.655629515647888184e-01
7.652351260185241699e-01
7.649028897285461426e-01
7.645654678344726562e-01
7.642222642898559570e-01
7.638729214668273926e-01
7.635174393653869629e-01
7.631558775901794434e-01
7.627887129783630371e-01
7.624164819717407227e-01
7.620398402214050293e-01
7.616598606109619141e-01
7.612774968147277832e-01
7.608937025070190430e-01
7.605096101760864258e-01
7.601262927055358887e-01
7.597449421882629395e-01
7.593663334846496582e-01
7.589913606643676758e-01
7.586209774017333984e-01
7.582557797431945801e-01
7.578962445259094238e-01
7.575431466102600098e-01
7.571965456008911133e-01
7.568567991256713867e-01
7.565239667892456055e-01
7.561982870101928711e-01
7.558794617652893066e-01
7.555676102638244629e-01
7.552623748779296875e-01
7.549636363983154297e-01
7.546710371971130371e-01
7.543841004371643066e-01
7.541026473045349121e-01
7.538262605667114258e-01
7.535544037818908691e-01
7.532866001129150391e-01
7.530223727226257324e-01
7.527613043785095215e-01
7.525027990341186523e-01
7.522463798522949219e-01
7.519915699958801270e-01
7.517377138137817383e-01
7.514844536781311035e-01
7.512310743331909180e-01
7.509769797325134277e-01
7.507218718528747559e-01
7.504649162292480469e-01
7.502056956291198730e-01
