2.226528013125061989e-03
2.257151063531637192e-03
2.283413661643862724e-03
2.309142611920833588e-03
2.335501834750175476e-03
2.364629646763205528e-03
2.391468733549118042e-03
2.419137163087725639e-03
2.444186946377158165e-03
2.471142448484897614e-03
2.496592234820127487e-03
2.523330738767981529e-03
2.546871080994606018e-03
2.570995595306158066e-03
2.597627695649862289e-03
2.628345042467117310e-03
2.658795099705457687e-03
2.687492873519659042e-03
2.713551511988043785e-03
2.745875855907797813e-03
2.783417003229260445e-03
2.829780802130699158e-03
2.882762579247355461e-03
2.930399030447006226e-03
2.972495509311556816e-03
3.007114864885807037e-03
3.043825039640069008e-03
3.091473830863833427e-03
3.159129060804843903e-03
3.246220527216792107e-03
3.331107087433338165e-03
3.387833945453166962e-03
3.423421410843729973e-03
3.460097126662731171e-03
3.492627525702118874e-03
3.524209838360548019e-03
3.559461096301674843e-03
3.594224574044346809e-03
3.625523531809449196e-03
3.669290803372859955e-03
3.725708927959203720e-03
3.790751798078417778e-03
3.844711231067776680e-03
3.878175280988216400e-03
3.910527564585208893e-03
3.947162069380283356e-03
3.991778474301099777e-03
4.039651714265346527e-03
4.080699291080236435e-03
4.122025333344936371e-03
4.165594466030597687e-03
4.214900080114603043e-03
4.266350530087947845e-03
4.320647567510604858e-03
4.373244475573301315e-03
4.428418353199958801e-03
4.473800305277109146e-03
4.520689602941274643e-03
4.578392487019300461e-03
4.633495584130287170e-03
4.705710336565971375e-03
4.782280884683132172e-03
4.850014112889766693e-03
4.907357040792703629e-03
4.954444244503974915e-03
5.005900282412767410e-03
5.067992955446243286e-03
5.129735916852951050e-03
5.193148273974657059e-03
5.261129233986139297e-03
5.331889260560274124e-03
5.401182454079389572e-03
5.476781632751226425e-03
5.552764516323804855e-03
5.633303429931402206e-03
5.715184845030307770e-03
5.801386199891567230e-03
5.892117973417043686e-03
5.985936149954795837e-03
6.087332498282194138e-03
6.165878847241401672e-03
6.245051510632038116e-03
6.344451569020748138e-03
6.459696684032678604e-03
6.591247860342264175e-03
6.709570530802011490e-03
6.815884727984666824e-03
6.922062020748853683e-03
7.051641587167978287e-03
7.236167322844266891e-03
7.464195601642131805e-03
7.684453856199979782e-03
7.896442897617816925e-03
8.107307367026805878e-03
8.285819552838802338e-03
8.471962064504623413e-03
8.670490235090255737e-03
8.885689079761505127e-03
9.141528047621250153e-03
9.374356828629970551e-03
9.614729322493076324e-03
9.861054830253124237e-03
1.010853610932826996e-02
1.039295271039009094e-02
1.067920681089162827e-02
1.099109649658203125e-02
1.131052803248167038e-02
1.163480989634990692e-02
1.189573295414447784e-02
1.215071510523557663e-02
1.240301225334405899e-02
1.268748752772808075e-02
1.302203722298145294e-02
1.331592630594968796e-02
1.362838130444288254e-02
1.392395980656147003e-02
1.424224395304918289e-02
1.450191531330347061e-02
1.476034056395292282e-02
1.503255311399698257e-02
1.528474502265453339e-02
1.557372137904167175e-02
1.577676460146903992e-02
1.597766950726509094e-02
1.614783145487308502e-02
1.635718904435634613e-02
1.657236367464065552e-02
1.679743453860282898e-02
1.704935170710086823e-02
1.724814437329769135e-02
1.743868924677371979e-02
1.760012842714786530e-02
1.776966080069541931e-02
1.797410286962985992e-02
1.817778870463371277e-02
1.840111985802650452e-02
1.857505366206169128e-02
1.875272765755653381e-02
1.890862733125686646e-02
1.908060349524021149e-02
1.927548088133335114e-02
1.947008445858955383e-02
1.966856233775615692e-02
1.981147937476634979e-02
1.998465135693550110e-02
2.011027187108993530e-02
2.027340792119503021e-02
2.047538384795188904e-02
2.067201584577560425e-02
2.087577991187572479e-02
2.104074694216251373e-02
2.122040838003158569e-02
2.139425650238990784e-02
2.156899496912956238e-02
2.174830622971057892e-02
2.193113416433334351e-02
2.212811820209026337e-02
2.230917476117610931e-02
2.248235233128070831e-02
2.258715406060218811e-02
2.271279878914356232e-02
2.286279574036598206e-02
2.303672768175601959e-02
2.321767620742321014e-02
2.337398938834667206e-02
2.355633676052093506e-02
2.374679408967494965e-02
2.394473552703857422e-02
2.413884364068508148e-02
2.432678826153278351e-02
2.453810721635818481e-02
2.472645975649356842e-02
2.490017563104629517e-02
2.502844855189323425e-02
2.516668289899826050e-02
2.533103525638580322e-02
2.549070119857788086e-02
2.568148262798786163e-02
2.587336674332618713e-02
2.605727687478065491e-02
2.619534358382225037e-02
2.632664144039154053e-02
2.648476511240005493e-02
2.664557844400405884e-02
2.680483832955360413e-02
2.698959037661552429e-02
2.720909938216209412e-02
2.746020443737506866e-02
2.771993167698383331e-02
2.796213887631893158e-02
2.819382213056087494e-02
2.843175828456878662e-02
2.867257595062255859e-02
2.894278429448604584e-02
2.920900285243988037e-02
2.941419929265975952e-02
2.965054102241992950e-02
2.990492805838584900e-02
3.015115298330783844e-02
3.045385703444480896e-02
3.079710900783538818e-02
3.111372888088226318e-02
3.140306100249290466e-02
3.170369565486907959e-02
3.205719962716102600e-02
3.249378874897956848e-02
3.292061761021614075e-02
3.334584459662437439e-02
3.368142247200012207e-02
3.395976871252059937e-02
3.428876772522926331e-02
3.459211811423301697e-02
3.483957424759864807e-02
3.502875939011573792e-02
3.517500311136245728e-02
3.542827814817428589e-02
3.566497564315795898e-02
3.592245653271675110e-02
3.614003956317901611e-02
3.636057302355766296e-02
3.666707500815391541e-02
3.697344660758972168e-02
3.724581375718116760e-02
3.741700574755668640e-02
3.761243447661399841e-02
3.781928494572639465e-02
3.801399469375610352e-02
3.823968768119812012e-02
3.847149387001991272e-02
3.870147094130516052e-02
3.886481747031211853e-02
3.899695724248886108e-02
3.912797570228576660e-02
3.924008458852767944e-02
3.936712443828582764e-02
3.948291391134262085e-02
3.961039334535598755e-02
3.967345505952835083e-02
3.974045068025588989e-02
3.982625529170036316e-02
3.995912522077560425e-02
4.008549451828002930e-02
4.019931331276893616e-02
4.032149165868759155e-02
4.044019803404808044e-02
4.055052250623703003e-02
4.061107710003852844e-02
4.069722816348075867e-02
4.078199714422225952e-02
4.084518924355506897e-02
4.092733934521675110e-02
4.103996232151985168e-02
4.115390777587890625e-02
4.124469682574272156e-02
4.135876148939132690e-02
4.145017638802528381e-02
4.156349971890449524e-02
