1.498235166072845459e-01
1.498237401247024536e-01
1.498239934444427490e-01
1.498242169618606567e-01
1.498244255781173706e-01
1.498246937990188599e-01
1.498248875141143799e-01
1.498251706361770630e-01
1.498254090547561646e-01
1.498257368803024292e-01
1.498259902000427246e-01
1.498262882232666016e-01
1.498265862464904785e-01
1.498269140720367432e-01
1.498272269964218140e-01
1.498275697231292725e-01
1.498279273509979248e-01
1.498282551765441895e-01
1.498286277055740356e-01
1.498290449380874634e-01
1.498293876647949219e-01
1.498298794031143188e-01
1.498303115367889404e-01
1.498307585716247559e-01
1.498311609029769897e-01
1.498317420482635498e-01
1.498322486877441406e-01
1.498327851295471191e-01
1.498333662748336792e-01
1.498339474201202393e-01
1.498346030712127686e-01
1.498353034257888794e-01
1.498359292745590210e-01
1.498367041349411011e-01
1.498374938964843750e-01
1.498382985591888428e-01
1.498391628265380859e-01
1.498400717973709106e-01
1.498410552740097046e-01
1.498421579599380493e-01
1.498432457447052002e-01
1.498444378376007080e-01
1.498457342386245728e-01
1.498471498489379883e-01
1.498486399650573730e-01
1.498503535985946655e-01
1.498520076274871826e-01
1.498540788888931274e-01
1.498561203479766846e-01
1.498584896326065063e-01
1.498610377311706543e-01
1.498639732599258423e-01
1.498670578002929688e-01
1.498706638813018799e-01
1.498746275901794434e-01
1.498792320489883423e-01
1.498844027519226074e-01
1.498903632164001465e-01
1.498972773551940918e-01
1.499053686857223511e-01
1.499148160219192505e-01
1.499263495206832886e-01
1.499401032924652100e-01
1.499572545289993286e-01
1.499788314104080200e-01
1.500068753957748413e-01
1.500443071126937866e-01
1.500963717699050903e-01
1.501720696687698364e-01
1.502883583307266235e-01
1.504778265953063965e-01
1.508096754550933838e-01
1.514390259981155396e-01
1.527529805898666382e-01
1.558452993631362915e-01
1.642478406429290771e-01
1.872490495443344116e-01
2.179611474275588989e-01
2.351750284433364868e-01
2.454651445150375366e-01
2.484480142593383789e-01
2.476830929517745972e-01
2.438551932573318481e-01
2.316377162933349609e-01
1.960808932781219482e-01
1.592249423265457153e-01
1.465954184532165527e-01
1.433903723955154419e-01
1.442822515964508057e-01
1.477898806333541870e-01
1.623322069644927979e-01
2.040918320417404175e-01
2.264278084039688110e-01
2.355436980724334717e-01
2.361271977424621582e-01
2.364676743745803833e-01
2.375214397907257080e-01
2.389936298131942749e-01
2.410125285387039185e-01
2.435696572065353394e-01
2.466803193092346191e-01
2.503935694694519043e-01
2.547761201858520508e-01
2.599096894264221191e-01
2.658907771110534668e-01
2.728260159492492676e-01
2.808154821395874023e-01
2.899350225925445557e-01
3.002320230007171631e-01
3.117379248142242432e-01
3.244501948356628418e-01
3.382006287574768066e-01
3.528681993484497070e-01
3.694062829017639160e-01
3.888494670391082764e-01
4.113531708717346191e-01
4.360029399394989014e-01
4.612124860286712646e-01
4.858589768409729004e-01
5.096374750137329102e-01
5.323125123977661133e-01
5.532191395759582520e-01
5.715248584747314453e-01
5.870079994201660156e-01
6.000496149063110352e-01
6.109688282012939453e-01
6.199210286140441895e-01
6.271409988403320312e-01
6.330128908157348633e-01
6.380221247673034668e-01
6.427069902420043945e-01
6.476242542266845703e-01
6.533082127571105957e-01
6.602031588554382324e-01
6.685569286346435547e-01
6.783077120780944824e-01
6.890614032745361328e-01
7.002435326576232910e-01
7.113486528396606445e-01
7.220538258552551270e-01
7.320771813392639160e-01
7.410626411437988281e-01
7.487698793411254883e-01
7.552962899208068848e-01
7.610464692115783691e-01
7.665618658065795898e-01
7.723554968833923340e-01
7.787525057792663574e-01
7.858312726020812988e-01
7.935495972633361816e-01
8.018926382064819336e-01
8.108188509941101074e-01
8.200859427452087402e-01
8.292891383171081543e-01
8.380995988845825195e-01
8.463630676269531250e-01
8.539960980415344238e-01
8.609234690666198730e-01
8.671525120735168457e-01
8.728370666503906250e-01
8.782126307487487793e-01
8.834937810897827148e-01
8.888284564018249512e-01
8.943165540695190430e-01
9.000511169433593750e-01
9.061062335968017578e-01
9.124799370765686035e-01
9.190711975097656250e-01
9.256859421730041504e-01
9.320371150970458984e-01
9.377821087837219238e-01
9.426398277282714844e-01
9.465149641036987305e-01
9.494859576225280762e-01
9.516950845718383789e-01
9.532949924468994141e-01
9.544410109519958496e-01
9.552655816078186035e-01
9.558579921722412109e-01
9.562718272209167480e-01
9.565417170524597168e-01
9.566946029663085938e-01
9.567573666572570801e-01
9.567629098892211914e-01
9.567454457283020020e-01
9.567300677299499512e-01
9.567300081253051758e-01
9.567511677742004395e-01
9.568002820014953613e-01
9.568874835968017578e-01
9.570223689079284668e-01
9.572014808654785156e-01
9.573971629142761230e-01
9.575675725936889648e-01
9.576807618141174316e-01
9.577244520187377930e-01
9.576951861381530762e-01
9.575890302658081055e-01
9.574116468429565430e-01
9.571812152862548828e-01
9.569175243377685547e-01
9.566401839256286621e-01
9.563885331153869629e-01
9.562182426452636719e-01
9.561716318130493164e-01
9.562623500823974609e-01
9.564806222915649414e-01
9.567930698394775391e-01
9.571419954299926758e-01
9.574644565582275391e-01
9.577190279960632324e-01
9.578935503959655762e-01
9.579872488975524902e-01
9.579863548278808594e-01
9.578535556793212891e-01
9.575597643852233887e-01
9.571523666381835938e-01
9.567435979843139648e-01
9.564121365547180176e-01
9.561602473258972168e-01
9.559546709060668945e-01
9.557641744613647461e-01
9.555699229240417480e-01
9.553638696670532227e-01
9.551473259925842285e-01
9.549298882484436035e-01
9.547294974327087402e-01
9.545732140541076660e-01
9.544963836669921875e-01
9.545367956161499023e-01
9.547161459922790527e-01
9.550105333328247070e-01
9.553421139717102051e-01
9.556186199188232422e-01
9.557816386222839355e-01
9.557995200157165527e-01
9.556143283843994141e-01
9.551140069961547852e-01
9.542642831802368164e-01
9.533131122589111328e-01
9.526580572128295898e-01
9.524995684623718262e-01
9.528629779815673828e-01
9.536512494087219238e-01
9.545158147811889648e-01
9.550951719284057617e-01
9.553192257881164551e-01
9.552724957466125488e-01
9.549970626831054688e-01
9.544883370399475098e-01
9.537865519523620605e-01
9.530059099197387695e-01
9.522373080253601074e-01
9.514366984367370605e-01
9.504349827766418457e-01
9.490373134613037109e-01
9.471492171287536621e-01
