1.546454131603240967e-01
1.466152667999267578e-01
1.382395029067993164e-01
1.295940726995468140e-01
1.209238693118095398e-01
1.126367598772048950e-01
1.051919534802436829e-01
9.892155975103378296e-02
9.390968829393386841e-02
9.001552313566207886e-02
8.699930459260940552e-02
8.464388549327850342e-02
8.279976993799209595e-02
8.136944472789764404e-02
8.027898520231246948e-02
7.946383953094482422e-02
7.886610180139541626e-02
7.843425869941711426e-02
7.812169194221496582e-02
7.788334786891937256e-02
7.766970992088317871e-02
7.741991430521011353e-02
7.705444097518920898e-02
7.646860927343368530e-02
7.553435862064361572e-02
7.412077486515045166e-02
7.214364409446716309e-02
6.963778287172317505e-02
6.680670380592346191e-02
6.398503482341766357e-02
6.151077523827552795e-02
5.960370227694511414e-02
5.832966417074203491e-02
5.764141306281089783e-02
5.743578821420669556e-02
5.759177729487419128e-02
5.798687785863876343e-02
5.849559232592582703e-02
5.897146835923194885e-02
5.921279639005661011e-02
5.892167612910270691e-02
5.772146210074424744e-02
5.537689477205276489e-02
5.220666900277137756e-02
4.907546937465667725e-02
4.668033495545387268e-02
4.514661058783531189e-02
4.428171366453170776e-02
4.385568946599960327e-02
4.368815943598747253e-02
4.365745186805725098e-02
4.369162395596504211e-02
4.375203698873519897e-02
4.381971806287765503e-02
4.388589784502983093e-02
4.394702613353729248e-02
4.400208592414855957e-02
4.405118152499198914e-02
4.409504309296607971e-02
4.413448646664619446e-02
4.417056217789649963e-02
4.420423135161399841e-02
4.423661902546882629e-02
4.426870122551918030e-02
4.430171474814414978e-02
4.433683305978775024e-02
4.437550902366638184e-02
4.441941156983375549e-02
4.447044432163238525e-02
4.453095048666000366e-02
4.460384696722030640e-02
4.469256848096847534e-02
4.480156674981117249e-02
4.493615403771400452e-02
4.510299116373062134e-02
4.531028121709823608e-02
4.556795209646224976e-02
4.588794335722923279e-02
4.628439620137214661e-02
4.677354171872138977e-02
4.737311601638793945e-02
4.810158535838127136e-02
4.897611215710639954e-02
5.001013725996017456e-02
5.121013894677162170e-02
5.257197469472885132e-02
5.407896637916564941e-02
5.570056289434432983e-02
5.739491432905197144e-02
5.911282449960708618e-02
6.080411002039909363e-02
6.242343783378601074e-02
6.393486261367797852e-02
6.531425565481185913e-02
6.654954701662063599e-02
6.763871759176254272e-02
6.858766078948974609e-02
6.940729171037673950e-02
7.011133432388305664e-02
7.071474194526672363e-02
7.123180478811264038e-02
7.167600840330123901e-02
7.205959409475326538e-02
7.239313423633575439e-02
7.268571853637695312e-02
7.294522225856781006e-02
7.317821681499481201e-02
7.339012622833251953e-02
7.358570396900177002e-02
7.376888394355773926e-02
7.394287735223770142e-02
7.411058992147445679e-02
7.427449524402618408e-02
7.443653792142868042e-02
7.459876686334609985e-02
7.476281374692916870e-02
7.493019849061965942e-02
7.510242611169815063e-02
7.528088241815567017e-02
7.546710968017578125e-02
7.566241174936294556e-02
7.586813718080520630e-02
7.608588784933090210e-02
7.631737738847732544e-02
7.656420022249221802e-02
7.682822644710540771e-02
7.711140066385269165e-02
7.741608470678329468e-02
7.774467021226882935e-02
7.809983938932418823e-02
7.848463207483291626e-02
7.890237867832183838e-02
7.935678213834762573e-02
7.985207438468933105e-02
8.039281517267227173e-02
8.098437637090682983e-02
8.163249492645263672e-02
8.234378695487976074e-02
8.312566578388214111e-02
8.398625254631042480e-02
8.493493497371673584e-02
8.598192036151885986e-02
8.713886886835098267e-02
8.841875195503234863e-02
8.983578532934188843e-02
9.140591323375701904e-02
9.314683079719543457e-02
9.507762640714645386e-02
9.721976518630981445e-02
9.959638863801956177e-02
1.022325605154037476e-01
1.051559075713157654e-01
1.083964556455612183e-01
1.119876056909561157e-01
1.159673854708671570e-01
1.203798055648803711e-01
1.252781748771667480e-01
1.307274401187896729e-01
1.368070840835571289e-01
1.436130404472351074e-01
1.512550562620162964e-01
1.598474234342575073e-01
1.694917082786560059e-01
1.802504211664199829e-01
1.921122372150421143e-01
2.049605399370193481e-01
2.185558378696441650e-01
2.325575798749923706e-01
2.466019541025161743e-01
2.604221403598785400e-01
2.739497423171997070e-01
2.873145043849945068e-01
3.007126152515411377e-01
3.142270147800445557e-01
3.277420103549957275e-01
3.410157859325408936e-01
3.538248240947723389e-01
3.660545945167541504e-01
3.776914477348327637e-01
3.887659013271331787e-01
3.993070721626281738e-01
4.093297719955444336e-01
4.188415110111236572e-01
4.278521239757537842e-01
4.363810122013092041e-01
4.444591701030731201e-01
4.521279036998748779e-01
4.594362080097198486e-01
4.664368033409118652e-01
4.731814861297607422e-01
4.797170162200927734e-01
4.860802292823791504e-01
4.922950267791748047e-01
4.983692467212677002e-01
5.042942762374877930e-01
5.100462436676025391e-01
5.155906677246093750e-01
5.208877921104431152e-01
5.258991122245788574e-01
5.305925011634826660e-01
5.349457263946533203e-01
5.389469861984252930e-01
5.425951480865478516e-01
5.458979010581970215e-01
5.488706231117248535e-01
5.515339970588684082e-01
5.539122819900512695e-01
5.560325384140014648e-01
5.579224824905395508e-01
5.596095919609069824e-01
5.611206293106079102e-01
5.624803304672241211e-01
5.637118220329284668e-01
5.648351907730102539e-01
5.658686161041259766e-01
5.668271183967590332e-01
5.677236318588256836e-01
5.685684084892272949e-01
5.693694353103637695e-01
5.701329112052917480e-01
5.708626508712768555e-01
5.715616345405578613e-01
5.722310543060302734e-01
5.728712677955627441e-01
5.734822154045104980e-01
5.740634202957153320e-01
5.746140480041503906e-01
5.751334428787231445e-01
5.756211280822753906e-01
5.760771036148071289e-01
5.765013694763183594e-01
5.768944025039672852e-01
5.772571563720703125e-01
5.775905251502990723e-01
5.778959989547729492e-01
5.781747698783874512e-01
5.784286260604858398e-01
5.786591768264770508e-01
5.788679718971252441e-01
5.790566802024841309e-01
5.792267322540283203e-01
5.793798565864562988e-01
5.795173048973083496e-01
5.796403288841247559e-01
5.797502398490905762e-01
5.798481702804565430e-01
5.799351334571838379e-01
5.800120830535888672e-01
5.800800323486328125e-01
5.801396369934082031e-01
5.801916718482971191e-01
5.802368521690368652e-01
5.802757740020751953e-01
5.803089141845703125e-01
5.803369283676147461e-01
5.803601145744323730e-01
5.803788900375366211e-01
