1.287379115819931030e-01
1.267629265785217285e-01
1.247010678052902222e-01
1.225630044937133789e-01
1.203618571162223816e-01
1.181129142642021179e-01
1.158331856131553650e-01
1.135411337018013000e-01
1.112555637955665588e-01
1.089952364563941956e-01
1.067777648568153381e-01
1.046193540096282959e-01
1.025338843464851379e-01
1.005326583981513977e-01
9.862413257360458374e-02
9.681387990713119507e-02
9.510472416877746582e-02
9.349674731492996216e-02
9.198788553476333618e-02
9.057400375604629517e-02
8.924935013055801392e-02
8.800672739744186401e-02
8.683780580759048462e-02
8.573338389396667480e-02
8.468327671289443970e-02
8.367650955915451050e-02
8.270121365785598755e-02
8.174446970224380493e-02
8.079242706298828125e-02
7.982996851205825806e-02
7.884098589420318604e-02
7.780859619379043579e-02
7.671579718589782715e-02
7.554666697978973389e-02
7.428844273090362549e-02
7.293399423360824585e-02
7.148484885692596436e-02
6.995369493961334229e-02
6.836542487144470215e-02
6.675498187541961670e-02
6.516276299953460693e-02
6.362784653902053833e-02
6.218233704566955566e-02
6.084813922643661499e-02
5.963690951466560364e-02
5.855241790413856506e-02
5.759324878454208374e-02
5.675585940480232239e-02
5.603585764765739441e-02
5.542925745248794556e-02
5.493242293596267700e-02
5.454217270016670227e-02
5.425580963492393494e-02
5.407071858644485474e-02
5.398468673229217529e-02
5.399589613080024719e-02
5.410332605242729187e-02
5.430685728788375854e-02
5.460777133703231812e-02
5.500896647572517395e-02
5.551533773541450500e-02
5.613410100340843201e-02
5.687524378299713135e-02
5.775187537074089050e-02
5.878070741891860962e-02
5.998274683952331543e-02
6.138373538851737976e-02
6.301506608724594116e-02
6.491453945636749268e-02
6.712727248668670654e-02
6.970646232366561890e-02
7.271406054496765137e-02
7.622147351503372192e-02
8.030920475721359253e-02
8.506635576486587524e-02
9.058869630098342896e-02
9.697637706995010376e-02
1.043296903371810913e-01
1.127445772290229797e-01
1.223073899745941162e-01
1.330899447202682495e-01
1.451445072889328003e-01
1.585003584623336792e-01
1.731605976819992065e-01
1.890995204448699951e-01
2.062609344720840454e-01
2.245566844940185547e-01
2.438642978668212891e-01
2.640277445316314697e-01
2.848568558692932129e-01
3.061301112174987793e-01
3.276008069515228271e-01
3.490062952041625977e-01
3.700813353061676025e-01
3.905736505985260010e-01
4.102601706981658936e-01
4.289599061012268066e-01
4.465404152870178223e-01
4.629209935665130615e-01
4.780682325363159180e-01
4.919885694980621338e-01
5.047197937965393066e-01
5.163215994834899902e-01
5.268668532371520996e-01
5.364358425140380859e-01
5.451104640960693359e-01
5.529705286026000977e-01
5.600921511650085449e-01
5.665459632873535156e-01
5.723962783813476562e-01
5.777013301849365234e-01
5.825133919715881348e-01
5.868786573410034180e-01
5.908383727073669434e-01
5.944285392761230469e-01
5.976811647415161133e-01
6.006240844726562500e-01
6.032817363739013672e-01
6.056756973266601562e-01
6.078244447708129883e-01
6.097443103790283203e-01
6.114495396614074707e-01
6.129522323608398438e-01
6.142629384994506836e-01
6.153905987739562988e-01
6.163427829742431641e-01
6.171259880065917969e-01
6.177449822425842285e-01
6.182039380073547363e-01
6.185057759284973145e-01
6.186523437500000000e-01
6.186912059783935547e-01
6.188527941703796387e-01
6.191673278808593750e-01
6.196327209472656250e-01
6.202461123466491699e-01
6.210037469863891602e-01
6.219009757041931152e-01
6.229323744773864746e-01
6.240918636322021484e-01
6.253727674484252930e-01
6.267675757408142090e-01
6.282685399055480957e-01
6.298673748970031738e-01
6.315553784370422363e-01
6.333234906196594238e-01
6.351624131202697754e-01
6.370624899864196777e-01
6.390133500099182129e-01
6.410043835639953613e-01
6.430244445800781250e-01
6.450611948966979980e-01
6.471013426780700684e-01
6.491297483444213867e-01
6.511292457580566406e-01
6.530795693397521973e-01
6.549568772315979004e-01
6.567319631576538086e-01
6.583692431449890137e-01
6.598247289657592773e-01
6.610438227653503418e-01
6.619585752487182617e-01
6.624850034713745117e-01
6.625199913978576660e-01
6.619392633438110352e-01
6.605966687202453613e-01
6.583278179168701172e-01
6.549611091613769531e-01
6.503402590751647949e-01
6.443632245063781738e-01
6.370382308959960938e-01
6.285464763641357422e-01
6.192836761474609375e-01
6.098451614379882812e-01
6.009312272071838379e-01
5.932007431983947754e-01
5.871375799179077148e-01
5.829861760139465332e-01
5.807653665542602539e-01
5.803287625312805176e-01
5.814346075057983398e-01
5.838028192520141602e-01
5.871521234512329102e-01
5.912217497825622559e-01
5.957821607589721680e-01
6.006403565406799316e-01
6.056438088417053223e-01
6.106848716735839844e-01
6.157065033912658691e-01
6.207089424133300781e-01
6.257571578025817871e-01
6.309860944747924805e-01
6.366056203842163086e-01
6.429036259651184082e-01
6.502458453178405762e-01
6.590654850006103516e-01
6.698264479637145996e-01
6.829294562339782715e-01
6.985375285148620605e-01
7.163538932800292969e-01
7.354810237884521484e-01
7.545487880706787109e-01
7.721427083015441895e-01
7.872729897499084473e-01
7.995780110359191895e-01
8.092123270034790039e-01
8.166001439094543457e-01
8.222277164459228516e-01
8.265314102172851562e-01
8.298588991165161133e-01
8.324706554412841797e-01
8.345555663108825684e-01
8.362486362457275391e-01
8.376457691192626953e-01
8.388158679008483887e-01
8.398085236549377441e-01
8.406599760055541992e-01
8.413971662521362305e-01
8.420402407646179199e-01
8.426046371459960938e-01
8.431025147438049316e-01
8.435432314872741699e-01
8.439343571662902832e-01
8.442820906639099121e-01
8.445914983749389648e-01
8.448669314384460449e-01
8.451119065284729004e-01
8.453297615051269531e-01
8.455229997634887695e-01
8.456940054893493652e-01
8.458451032638549805e-01
8.459780216217041016e-01
8.460943698883056641e-01
8.461959362030029297e-01
8.462840914726257324e-01
8.463599681854248047e-01
8.464248776435852051e-01
8.464798927307128906e-01
8.465259075164794922e-01
8.465639352798461914e-01
8.465948700904846191e-01
8.466193079948425293e-01
8.466379046440124512e-01
8.466516733169555664e-01
8.466607332229614258e-01
8.466660380363464355e-01
8.466677665710449219e-01
8.466663956642150879e-01
8.466624617576599121e-01
8.466563224792480469e-01
8.466480970382690430e-01
8.466383814811706543e-01
8.466271758079528809e-01
8.466148376464843750e-01
8.466015458106994629e-01
8.465875387191772461e-01
8.465729355812072754e-01
8.465577960014343262e-01
8.465422987937927246e-01
8.465268015861511230e-01
8.465109467506408691e-01
