5.190070867538452148e-01
4.872126877307891846e-01
4.548094868659973145e-01
4.224056005477905273e-01
3.906709551811218262e-01
3.603022098541259766e-01
3.319684267044067383e-01
3.062363564968109131e-01
2.834995388984680176e-01
2.639327347278594971e-01
2.474889755249023438e-01
2.339426726102828979e-01
2.229553312063217163e-01
2.141410261392593384e-01
2.071174532175064087e-01
2.015364468097686768e-01
1.970976591110229492e-01
1.935496032238006592e-01
1.906846016645431519e-01
1.883306652307510376e-01
1.863420903682708740e-01
1.845911890268325806e-01
1.829605549573898315e-01
1.813369840383529663e-01
1.796076744794845581e-01
1.776591241359710693e-01
1.753802746534347534e-01
1.726699471473693848e-01
1.694497466087341309e-01
1.656792759895324707e-01
1.613702327013015747e-01
1.565946191549301147e-01
1.514804363250732422e-01
1.461951434612274170e-01
1.409201025962829590e-01
1.358232647180557251e-01
1.310385912656784058e-01
1.266558021306991577e-01
1.227205991744995117e-01
1.192418411374092102e-01
1.162019073963165283e-01
1.135667040944099426e-01
1.112937852740287781e-01
1.093385890126228333e-01
1.076579466462135315e-01
1.062121763825416565e-01
1.049661785364151001e-01
1.038895025849342346e-01
1.029562130570411682e-01
1.021443009376525879e-01
1.014353334903717041e-01
1.008139923214912415e-01
1.002673506736755371e-01
9.978475421667098999e-02
9.935721755027770996e-02
9.897726029157638550e-02
9.863863140344619751e-02
9.833595156669616699e-02
9.806488454341888428e-02
9.782149642705917358e-02
9.760257601737976074e-02
9.740529954433441162e-02
9.722719341516494751e-02
9.706609696149826050e-02
9.692005813121795654e-02
9.678730368614196777e-02
9.666610509157180786e-02
9.655488282442092896e-02
9.645192325115203857e-02
9.635563939809799194e-02
9.626410901546478271e-02
9.617533534765243530e-02
9.608686715364456177e-02
9.599597752094268799e-02
9.589941799640655518e-02
9.579355269670486450e-02
9.567449986934661865e-02
9.553893655538558960e-02
9.538558125495910645e-02
9.521846473217010498e-02
9.505338221788406372e-02
9.492909908294677734e-02
9.492788463830947876e-02
9.520769864320755005e-02
9.604955464601516724e-02
9.790331125259399414e-02
1.013618037104606628e-01
1.069003269076347351e-01
1.143121048808097839e-01
1.223445832729339600e-01
1.292936056852340698e-01
1.340474784374237061e-01
1.364160776138305664e-01
1.368231773376464844e-01
1.359886229038238525e-01
1.347327977418899536e-01
1.337942034006118774e-01
1.336699873208999634e-01
1.345588564872741699e-01
1.364074051380157471e-01
1.389895081520080566e-01
1.419655978679656982e-01
1.449205279350280762e-01
1.474034488201141357e-01
1.489899903535842896e-01
1.493670195341110229e-01
1.484221518039703369e-01
1.463042646646499634e-01
1.434186846017837524e-01
1.403386145830154419e-01
1.376463919878005981e-01
1.357518732547760010e-01
1.347436010837554932e-01
1.343274116516113281e-01
1.338969916105270386e-01
1.327368915081024170e-01
1.302831619977951050e-01
1.263202130794525146e-01
1.210283413529396057e-01
1.148761063814163208e-01
1.084349676966667175e-01
1.022105291485786438e-01
9.655251353979110718e-02
9.164389222860336304e-02
8.753769099712371826e-02
8.420737832784652710e-02
8.158747106790542603e-02
7.960293442010879517e-02
7.818447798490524292e-02
7.727731764316558838e-02
7.684414088726043701e-02
7.672999799251556396e-02
7.625972479581832886e-02
7.536195963621139526e-02
7.407611608505249023e-02
7.246001809835433960e-02
7.058830559253692627e-02
6.854768842458724976e-02
6.643120944499969482e-02
6.433033198118209839e-02
6.232634186744689941e-02
6.048374623060226440e-02
5.884585902094841003e-02
5.743399634957313538e-02
5.624923110008239746e-02
5.527645349502563477e-02
5.448845773935317993e-02
5.384987592697143555e-02
5.331936106085777283e-02
5.285074561834335327e-02
5.239258706569671631e-02
5.188803747296333313e-02
5.127621814608573914e-02
5.049906298518180847e-02
4.951659590005874634e-02
4.833073914051055908e-02
4.700811207294464111e-02
4.568160697817802429e-02
4.451592266559600830e-02
4.365037754178047180e-02
4.315483570098876953e-02
4.302211478352546692e-02
4.318847507238388062e-02
4.356059059500694275e-02
4.403496906161308289e-02
4.450911656022071838e-02
4.488838091492652893e-02
4.509165138006210327e-02
4.505826160311698914e-02
4.475575312972068787e-02
4.418624192476272583e-02
4.338824003934860229e-02
4.243094474077224731e-02
4.140047356486320496e-02
4.038223251700401306e-02
3.944613412022590637e-02
3.863870352506637573e-02
3.798370063304901123e-02
3.748800233006477356e-02
3.715001046657562256e-02
3.696742653846740723e-02
3.694393113255500793e-02
3.709325194358825684e-02
3.743885830044746399e-02
3.800586238503456116e-02
3.880085796117782593e-02
3.978260979056358337e-02
4.084245488047599792e-02
4.182348772883415222e-02
4.258141666650772095e-02
4.304301738739013672e-02
4.321977496147155762e-02
4.318076372146606445e-02
4.301740601658821106e-02
4.282173886895179749e-02
4.267902299761772156e-02
4.266924411058425903e-02
4.287040978670120239e-02
4.335919395089149475e-02
4.420461878180503845e-02
4.545127600431442261e-02
4.709298908710479736e-02
4.904514178633689880e-02
5.113083496689796448e-02
5.309643596410751343e-02
5.465359613299369812e-02
5.552463605999946594e-02
5.547225102782249451e-02
5.433399602770805359e-02
5.212035775184631348e-02
4.918349906802177429e-02
4.626075550913810730e-02
4.416864365339279175e-02
4.339113831520080566e-02
4.397207498550415039e-02
4.563852399587631226e-02
4.794618114829063416e-02
5.043673142790794373e-02
5.277919024229049683e-02
5.481745302677154541e-02
5.653049424290657043e-02
5.796984955668449402e-02
5.921487137675285339e-02
6.035060063004493713e-02
6.146029010415077209e-02
6.262070685625076294e-02
6.388965994119644165e-02
6.527116149663925171e-02
6.665296852588653564e-02
6.776090711355209351e-02
6.824577599763870239e-02
6.791726499795913696e-02
6.688802689313888550e-02
6.549735367298126221e-02
6.413587182760238647e-02
6.309235095977783203e-02
6.253442913293838501e-02
6.263939291238784790e-02
6.378845125436782837e-02
6.663826107978820801e-02
7.148043066263198853e-02
7.679042220115661621e-02
7.987805455923080444e-02
7.967817038297653198e-02
7.679965347051620483e-02
7.224824279546737671e-02
6.714249402284622192e-02
6.283267587423324585e-02
6.102548539638519287e-02
6.433494389057159424e-02
7.376068085432052612e-02
8.065654337406158447e-02
8.032228797674179077e-02
7.679609954357147217e-02
7.350535690784454346e-02
7.501161843538284302e-02
8.806399255990982056e-02
1.042454913258552551e-01
1.080852076411247253e-01
1.042979359626770020e-01
9.899467974901199341e-02
