7.685000300407409668e-01
7.682646512985229492e-01
7.679899930953979492e-01
7.676666378974914551e-01
7.672817111015319824e-01
7.668175101280212402e-01
7.662488818168640137e-01
7.655389904975891113e-01
7.646332383155822754e-01
7.634486556053161621e-01
7.618561983108520508e-01
7.596538066864013672e-01
7.565230131149291992e-01
7.519685626029968262e-01
7.452515363693237305e-01
7.353733181953430176e-01
7.212606668472290039e-01
7.023600935935974121e-01
6.795443296432495117e-01
6.553662419319152832e-01
6.326923370361328125e-01
6.128666996955871582e-01
5.954283475875854492e-01
5.791817903518676758e-01
5.632031559944152832e-01
5.471906065940856934e-01
5.313093662261962891e-01
5.158693790435791016e-01
5.010918974876403809e-01
4.870481193065643311e-01
4.737094640731811523e-01
4.610062539577484131e-01
4.488548934459686279e-01
4.371616840362548828e-01
4.258194863796234131e-01
4.147082269191741943e-01
4.036999046802520752e-01
3.926661908626556396e-01
3.814867436885833740e-01
3.700598180294036865e-01
3.583155870437622070e-01
3.462321460247039795e-01
3.338516652584075928e-01
3.212913870811462402e-01
3.087424039840698242e-01
2.964510023593902588e-01
2.846855521202087402e-01
2.736951708793640137e-01
2.636741399765014648e-01
2.547405660152435303e-01
2.469329386949539185e-01
2.402217239141464233e-01
2.345279753208160400e-01
2.297435998916625977e-01
2.257479131221771240e-01
2.224192470312118530e-01
2.196417301893234253e-01
2.173082530498504639e-01
2.153209447860717773e-01
2.135905474424362183e-01
2.120348215103149414e-01
2.105785310268402100e-01
2.091530561447143555e-01
2.076988816261291504e-01
2.061679959297180176e-01
2.045280039310455322e-01
2.027659714221954346e-01
2.008914500474929810e-01
1.989362388849258423e-01
1.969519108533859253e-01
1.950031518936157227e-01
1.931594312191009521e-01
1.914864182472229004e-01
1.900389343500137329e-01
1.888574510812759399e-01
1.879677474498748779e-01
1.873832643032073975e-01
1.871094703674316406e-01
1.871481239795684814e-01
1.875022202730178833e-01
1.881799995899200439e-01
1.891979128122329712e-01
1.905836313962936401e-01
1.923764348030090332e-01
1.946255564689636230e-01
1.973843276500701904e-01
2.006991952657699585e-01
2.045932859182357788e-01
2.090500444173812866e-01
2.140026986598968506e-01
2.193348109722137451e-01
2.248875051736831665e-01
2.304538339376449585e-01
2.357582002878189087e-01
2.404539138078689575e-01
2.441947162151336670e-01
2.467672526836395264e-01
2.481736242771148682e-01
2.485887110233306885e-01
2.482448369264602661e-01
2.473450899124145508e-01
2.460355013608932495e-01
2.444206327199935913e-01
2.426000237464904785e-01
2.407259792089462280e-01
2.390964180231094360e-01
2.382716238498687744e-01
2.390357255935668945e-01
2.417133003473281860e-01
2.450495809316635132e-01
2.468591630458831787e-01
2.460757791996002197e-01
2.428202927112579346e-01
2.373063266277313232e-01
2.293703407049179077e-01
2.186645716428756714e-01
2.052197009325027466e-01
1.901058256626129150e-01
1.757005304098129272e-01
1.646627336740493774e-01
1.589687466621398926e-01
1.604369133710861206e-01
1.682140529155731201e-01
1.770930737257003784e-01
1.837885826826095581e-01
1.826194375753402710e-01
1.691192239522933960e-01
1.478895843029022217e-01
1.252442151308059692e-01
9.901686012744903564e-02
7.934364676475524902e-02
7.419834285974502563e-02
6.375702470541000366e-02
1.004930585622787476e-01
1.287445724010467529e-01
1.488738059997558594e-01
1.552132070064544678e-01
1.470746248960494995e-01
1.323787271976470947e-01
1.162464246153831482e-01
1.024462208151817322e-01
9.314873814582824707e-02
8.803049474954605103e-02
8.579756319522857666e-02
8.507598936557769775e-02
8.487783372402191162e-02
8.468776941299438477e-02
8.430173993110656738e-02
8.368173986673355103e-02
8.285990357398986816e-02
8.188604563474655151e-02
8.080738782882690430e-02
7.966402918100357056e-02
7.848872989416122437e-02
7.730747014284133911e-02
7.613909989595413208e-02
7.499607652425765991e-02
7.388509809970855713e-02
7.280891388654708862e-02
7.176726311445236206e-02
7.075840234756469727e-02
6.978009641170501709e-02
6.883021444082260132e-02
6.790730357170104980e-02
6.701083481311798096e-02
6.614067405462265015e-02
6.529654562473297119e-02
6.447701156139373779e-02
6.367880851030349731e-02
6.289663910865783691e-02
6.212355196475982666e-02
6.135175004601478577e-02
6.057359278202056885e-02
5.978332087397575378e-02
5.897790566086769104e-02
5.815831199288368225e-02
5.733009427785873413e-02
5.650358274579048157e-02
5.569303035736083984e-02
5.491547286510467529e-02
5.418873205780982971e-02
5.352960899472236633e-02
5.295209214091300964e-02
5.246634408831596375e-02
5.207850784063339233e-02
5.179115757346153259e-02
5.160424485802650452e-02
5.151619389653205872e-02
5.152498930692672729e-02
5.162916705012321472e-02
5.182838439941406250e-02
5.212373659014701843e-02
5.251753330230712891e-02
5.301245301961898804e-02
5.360969156026840210e-02
5.430564656853675842e-02
5.508808419108390808e-02
5.593197792768478394e-02
5.679819360375404358e-02
5.763725563883781433e-02
5.839766561985015869e-02
5.903439968824386597e-02
5.951139330863952637e-02
5.979484319686889648e-02
5.983930453658103943e-02
5.957573279738426208e-02
5.891849473118782043e-02
5.781954154372215271e-02
5.635895952582359314e-02
5.476947128772735596e-02
5.331452563405036926e-02
5.214723199605941772e-02
5.129581317305564880e-02
5.073355883359909058e-02
5.043920874595642090e-02
5.042024329304695129e-02
5.070863664150238037e-02
5.133724212646484375e-02
5.230640992522239685e-02
5.356316640973091125e-02
5.500721931457519531e-02
5.650850012898445129e-02
5.792053416371345520e-02
5.910244584083557129e-02
5.995249003171920776e-02
6.042499840259552002e-02
6.052090600132942200e-02
6.028326228260993958e-02
5.981229990720748901e-02
5.925418809056282043e-02
5.873996391892433167e-02
5.833570286631584167e-02
5.804716795682907104e-02
5.785121768712997437e-02
5.771917849779129028e-02
5.762667581439018250e-02
5.755481496453285217e-02
5.748885869979858398e-02
5.741591751575469971e-02
5.732316151261329651e-02
5.719646438956260681e-02
5.702004954218864441e-02
5.677797645330429077e-02
5.645885691046714783e-02
5.606379732489585876e-02
5.561579763889312744e-02
5.516320094466209412e-02
5.477105081081390381e-02
5.450332164764404297e-02
5.440863966941833496e-02
5.451822280883789062e-02
5.485413223505020142e-02
5.543918162584304810e-02
5.630085244774818420e-02
5.746982246637344360e-02
5.897310376167297363e-02
6.082588806748390198e-02
6.302518397569656372e-02
6.554898619651794434e-02
6.836125254631042480e-02
7.141948491334915161e-02
