1.528354287147521973e-01
1.540497243404388428e-01
1.553092896938323975e-01
1.566155850887298584e-01
1.579696685075759888e-01
1.593728065490722656e-01
1.608260720968246460e-01
1.623305082321166992e-01
1.638870984315872192e-01
1.654966622591018677e-01
1.671599447727203369e-01
1.688775420188903809e-01
1.706498712301254272e-01
1.724773496389389038e-01
1.743599772453308105e-01
1.762977987527847290e-01
1.782904714345932007e-01
1.803375482559204102e-01
1.824384629726409912e-01
1.845922470092773438e-01
1.867979168891906738e-01
1.890542656183242798e-01
1.913598328828811646e-01
1.937130689620971680e-01
1.961124241352081299e-01
1.985561102628707886e-01
2.010423541069030762e-01
2.035694569349288940e-01
2.061357498168945312e-01
2.087398171424865723e-01
2.113801985979080200e-01
2.140560597181320190e-01
2.167665660381317139e-01
2.195116281509399414e-01
2.222915887832641602e-01
2.251071184873580933e-01
2.279599308967590332e-01
2.308522611856460571e-01
2.337871938943862915e-01
2.367688864469528198e-01
2.398023903369903564e-01
2.428936958312988281e-01
2.460504025220870972e-01
2.492812126874923706e-01
2.525962293148040771e-01
2.560073733329772949e-01
2.595281600952148438e-01
2.631744146347045898e-01
2.669640779495239258e-01
2.709175944328308105e-01
2.750583887100219727e-01
2.794129848480224609e-01
2.840115129947662354e-01
2.888880372047424316e-01
2.940808534622192383e-01
2.996328175067901611e-01
3.055920898914337158e-01
3.120118975639343262e-01
3.189505636692047119e-01
3.264724910259246826e-01
3.346468210220336914e-01
3.435482382774353027e-01
3.532554805278778076e-01
3.638513684272766113e-01
3.754208087921142578e-01
3.880499601364135742e-01
4.018224477767944336e-01
4.168174266815185547e-01
4.331040084362030029e-01
4.507343471050262451e-01
4.697365462779998779e-01
4.901033639907836914e-01
5.117793679237365723e-01
5.346496105194091797e-01
5.585280656814575195e-01
5.831509828567504883e-01
6.081821322441101074e-01
6.332256793975830078e-01
6.578558683395385742e-01
6.816536188125610352e-01
7.042469382286071777e-01
7.253450155258178711e-01
7.447595596313476562e-01
7.624094486236572266e-01
7.783083915710449219e-01
7.925427556037902832e-01
8.052409291267395020e-01
8.165423870086669922e-01
8.265751004219055176e-01
8.354424238204956055e-01
8.432263731956481934e-01
8.500019311904907227e-01
8.558546304702758789e-01
8.608886003494262695e-01
8.652256131172180176e-01
8.689956665039062500e-01
8.723260164260864258e-01
8.753329515457153320e-01
8.781175017356872559e-01
8.807637691497802734e-01
8.833378553390502930e-01
8.858855366706848145e-01
8.884292840957641602e-01
8.909643888473510742e-01
8.934592008590698242e-01
8.958615064620971680e-01
8.981110453605651855e-01
9.001566171646118164e-01
9.019690752029418945e-01
9.035491347312927246e-01
9.049265980720520020e-01
9.061563014984130859e-01
9.073147773742675781e-01
9.085015058517456055e-01
9.098517298698425293e-01
9.115626811981201172e-01
9.139363765716552734e-01
9.173976778984069824e-01
9.223392605781555176e-01
9.285737276077270508e-01
9.347642660140991211e-01
9.390957355499267578e-01
9.407103061676025391e-01
9.399083852767944336e-01
9.375698566436767578e-01
9.347350001335144043e-01
9.323884248733520508e-01
9.343147873878479004e-01
9.535947442054748535e-01
9.667682051658630371e-01
9.680785536766052246e-01
9.678813219070434570e-01
9.647122621536254883e-01
9.512698650360107422e-01
9.415080547332763672e-01
9.416627883911132812e-01
9.458755254745483398e-01
9.536488652229309082e-01
9.603112936019897461e-01
9.632865190505981445e-01
9.641024470329284668e-01
9.641544222831726074e-01
9.640593528747558594e-01
9.640657305717468262e-01
9.642730951309204102e-01
9.647046923637390137e-01
9.653351306915283203e-01
9.661076068878173828e-01
9.669542908668518066e-01
9.678124189376831055e-01
9.686341285705566406e-01
9.693886041641235352e-01
9.700602889060974121e-01
9.706449508666992188e-01
9.711456894874572754e-01
9.715694189071655273e-01
9.719253778457641602e-01
9.722228646278381348e-01
9.724709987640380859e-01
9.726778268814086914e-01
9.728503227233886719e-01
9.729946255683898926e-01
9.731156229972839355e-01
9.732176661491394043e-01
9.733040928840637207e-01
9.733775854110717773e-01
9.734406471252441406e-01
9.734949469566345215e-01
9.735421538352966309e-01
9.735835194587707520e-01
9.736199378967285156e-01
9.736523628234863281e-01
9.736813902854919434e-01
9.737076163291931152e-01
9.737315773963928223e-01
9.737536311149597168e-01
9.737740755081176758e-01
9.737932085990905762e-01
9.738111495971679688e-01
9.738283157348632812e-01
9.738446474075317383e-01
9.738604426383972168e-01
9.738757014274597168e-01
9.738906621932983398e-01
9.739052057266235352e-01
9.739195704460144043e-01
9.739336967468261719e-01
9.739478826522827148e-01
9.739617705345153809e-01
9.739756584167480469e-01
9.739894866943359375e-01
9.740032553672790527e-01
9.740170836448669434e-01
9.740307331085205078e-01
9.740445613861083984e-01
9.740582108497619629e-01
9.740719199180603027e-01
9.740858078002929688e-01
9.741000533103942871e-01
9.741148948669433594e-01
9.741310477256774902e-01
9.741498827934265137e-01
9.741730690002441406e-01
9.742045998573303223e-01
9.742509126663208008e-01
9.743228554725646973e-01
9.744386672973632812e-01
9.746251106262207031e-01
9.749150872230529785e-01
9.753318428993225098e-01
9.758601188659667969e-01
9.764237999916076660e-01
9.769130945205688477e-01
9.772458672523498535e-01
9.773945808410644531e-01
9.773640632629394531e-01
9.771602153778076172e-01
9.767754077911376953e-01
9.761899113655090332e-01
9.753847122192382812e-01
9.743626713752746582e-01
9.731681346893310547e-01
9.718941450119018555e-01
9.706643223762512207e-01
9.695945382118225098e-01
9.687620997428894043e-01
9.681984782218933105e-01
9.679025411605834961e-01
9.678581953048706055e-01
9.680399298667907715e-01
9.684048891067504883e-01
9.688816070556640625e-01
9.693753719329833984e-01
9.697943925857543945e-01
9.700723886489868164e-01
9.701593518257141113e-01
9.699851274490356445e-01
9.694235324859619141e-01
9.683203101158142090e-01
9.666809439659118652e-01
9.648946523666381836e-01
9.635303616523742676e-01
9.628860950469970703e-01
9.629769921302795410e-01
9.637321829795837402e-01
9.649721384048461914e-01
9.663180708885192871e-01
9.673549532890319824e-01
9.678635597229003906e-01
9.677721261978149414e-01
9.670072197914123535e-01
9.655447006225585938e-01
9.636237621307373047e-01
9.616437554359436035e-01
9.597581624984741211e-01
9.578385353088378906e-01
9.557129740715026855e-01
9.533058404922485352e-01
9.506600499153137207e-01
9.479047060012817383e-01
9.452000856399536133e-01
