6.226974725723266602e-01
6.224954724311828613e-01
6.222937703132629395e-01
6.220924258232116699e-01
6.218915581703186035e-01
6.216909885406494141e-01
6.214908957481384277e-01
6.212912201881408691e-01
6.210920214653015137e-01
6.208933591842651367e-01
6.206953525543212891e-01
6.204977631568908691e-01
6.203008294105529785e-01
6.201045513153076172e-01
6.199088692665100098e-01
6.197139024734497070e-01
6.195196509361267090e-01
6.193261742591857910e-01
6.191333532333374023e-01
6.189413666725158691e-01
6.187502145767211914e-01
6.185599565505981445e-01
6.183704733848571777e-01
6.181818842887878418e-01
6.179943084716796875e-01
6.178075671195983887e-01
6.176218390464782715e-01
6.174371242523193359e-01
6.172533631324768066e-01
6.170706748962402344e-01
6.168890595436096191e-01
6.167085766792297363e-01
6.165291666984558105e-01
6.163508892059326172e-01
6.161737442016601562e-01
6.159978508949279785e-01
6.158230900764465332e-01
6.156495809555053711e-01
6.154773235321044922e-01
6.153063178062438965e-01
6.151366233825683594e-01
6.149682402610778809e-01
6.148011684417724609e-01
6.146355271339416504e-01
6.144711971282958984e-01
6.143081784248352051e-01
6.141466498374938965e-01
6.139866113662719727e-01
6.138279438018798828e-01
6.136707663536071777e-01
6.135150194168090820e-01
6.133608222007751465e-01
6.132081747055053711e-01
6.130570769309997559e-01
6.129074692726135254e-01
6.127594113349914551e-01
6.126130223274230957e-01
6.124681830406188965e-01
6.123250126838684082e-01
6.121834516525268555e-01
6.120435595512390137e-01
6.119053363800048828e-01
6.117687821388244629e-01
6.116338968276977539e-01
6.115007996559143066e-01
6.113693118095397949e-01
6.112396121025085449e-01
6.111117005348205566e-01
6.109854578971862793e-01
6.108611226081848145e-01
6.107384562492370605e-01
6.106176376342773438e-01
6.104986071586608887e-01
6.103813648223876953e-01
6.102660298347473145e-01
6.101525425910949707e-01
6.100408434867858887e-01
6.099309921264648438e-01
6.098231077194213867e-01
6.097170710563659668e-01
6.096128821372985840e-01
6.095106005668640137e-01
6.094103455543518066e-01
6.093119382858276367e-01
6.092153787612915039e-01
6.091208457946777344e-01
6.090282797813415527e-01
6.089376211166381836e-01
6.088488698005676270e-01
6.087622046470642090e-01
6.086774468421936035e-01
6.085947155952453613e-01
6.085139513015747070e-01
6.084350943565368652e-01
6.083583235740661621e-01
6.082835793495178223e-01
6.082108020782470703e-01
6.081401109695434570e-01
6.080714464187622070e-01
6.080048084259033203e-01
6.079400777816772461e-01
6.078775525093078613e-01
6.078169941902160645e-01
6.077584624290466309e-01
6.077020168304443359e-01
6.076476573944091797e-01
6.075953245162963867e-01
6.075450778007507324e-01
6.074969172477722168e-01
6.074508428573608398e-01
6.074067354202270508e-01
6.073648333549499512e-01
6.073249578475952148e-01
6.072872281074523926e-01
6.072515249252319336e-01
6.072179675102233887e-01
6.071864366531372070e-01
6.071570515632629395e-01
6.071296930313110352e-01
6.071045994758605957e-01
6.070814728736877441e-01
6.070604920387268066e-01
6.070415973663330078e-01
6.070247888565063477e-01
6.070101261138916016e-01
6.069975495338439941e-01
6.069871187210083008e-01
6.069787740707397461e-01
6.069725155830383301e-01
6.069684028625488281e-01
6.069663763046264648e-01
6.069658398628234863e-01
6.069636344909667969e-01
6.069592833518981934e-01
6.069528460502624512e-01
6.069443225860595703e-01
6.069335937500000000e-01
6.069208383560180664e-01
6.069059371948242188e-01
6.068888902664184570e-01
6.068698167800903320e-01
6.068485975265502930e-01
6.068251729011535645e-01
6.067997217178344727e-01
6.067720651626586914e-01
6.067423224449157715e-01
6.067104339599609375e-01
6.066764593124389648e-01
6.066403388977050781e-01
6.066020727157592773e-01
6.065616607666015625e-01
6.065191030502319336e-01
6.064743995666503906e-01
6.064276099205017090e-01
6.063786149024963379e-01
6.063274741172790527e-01
6.062742471694946289e-01
6.062187552452087402e-01
6.061611771583557129e-01
6.061013936996459961e-01
6.060394644737243652e-01
6.059753298759460449e-01
6.059090495109558105e-01
6.058405637741088867e-01
6.057699918746948242e-01
6.056970953941345215e-01
6.056220531463623047e-01
6.055448651313781738e-01
6.054654121398925781e-01
6.053837537765502930e-01
6.052998900413513184e-01
6.052138805389404297e-01
6.051255464553833008e-01
6.050350666046142578e-01
6.049423217773437500e-01
6.048473119735717773e-01
6.047500967979431152e-01
6.046506762504577637e-01
6.045489311218261719e-01
6.044449806213378906e-01
6.043387651443481445e-01
6.042302846908569336e-01
6.041195392608642578e-01
6.040065288543701172e-01
6.038911938667297363e-01
6.037735939025878906e-01
6.036536693572998047e-01
6.035315394401550293e-01
6.034070253372192383e-01
6.032802462577819824e-01
6.031511425971984863e-01
6.030197143554687500e-01
6.028860211372375488e-01
6.027499437332153320e-01
6.026116013526916504e-01
6.024708747863769531e-01
6.023277640342712402e-01
6.021823883056640625e-01
6.020346879959106445e-01
6.018846035003662109e-01
6.017321348190307617e-01
6.015773415565490723e-01
6.014201641082763672e-01
6.012606620788574219e-01
6.010987758636474609e-01
6.009345054626464844e-01
6.007678508758544922e-01
6.005988717079162598e-01
6.004274487495422363e-01
6.002536416053771973e-01
6.000775098800659180e-01
5.998989939689636230e-01
5.997179746627807617e-01
5.995346903800964355e-01
5.993489623069763184e-01
5.991608500480651855e-01
5.989702939987182617e-01
5.987774133682250977e-01
5.985821485519409180e-01
5.983844399452209473e-01
5.981844067573547363e-01
5.979819297790527344e-01
5.977770686149597168e-01
5.975698828697204590e-01
5.973602533340454102e-01
5.971482396125793457e-01
5.969339013099670410e-01
5.967171192169189453e-01
5.964980125427246094e-01
5.962765216827392578e-01
5.960526466369628906e-01
5.958264470100402832e-01
5.955979228019714355e-01
5.953670144081115723e-01
5.951337814331054688e-01
5.948981642723083496e-01
5.946602821350097656e-01
5.944200754165649414e-01
5.941776037216186523e-01
5.939328074455261230e-01
5.936856865882873535e-01
5.934363007545471191e-01
5.931847095489501953e-01
5.929307937622070312e-01
5.926746726036071777e-01
5.924163460731506348e-01
5.921558141708374023e-01
5.918929576873779297e-01
5.916280746459960938e-01
5.913609862327575684e-01
5.910916924476623535e-01
5.908203125000000000e-01
5.905468463897705078e-01
5.902711749076843262e-01
5.899935364723205566e-01
5.897138118743896484e-01
5.894320011138916016e-01
5.891481637954711914e-01
5.888623595237731934e-01
5.885746479034423828e-01
5.882848501205444336e-01
