9.089252948760986328e-01
9.079282879829406738e-01
9.069162607192993164e-01
9.058892726898193359e-01
9.048473238945007324e-01
9.037903547286987305e-01
9.027183651924133301e-01
9.016314148902893066e-01
9.005293250083923340e-01
8.994122147560119629e-01
8.982801437377929688e-01
8.971331119537353516e-01
8.959711790084838867e-01
8.947944045066833496e-01
8.936029076576232910e-01
8.923966288566589355e-01
8.911758661270141602e-01
8.899405598640441895e-01
8.886909484863281250e-01
8.874272108078002930e-01
8.861492872238159180e-01
8.848574757575988770e-01
8.835520148277282715e-01
8.822329640388488770e-01
8.809006214141845703e-01
8.795551657676696777e-01
8.781970143318176270e-01
8.768261671066284180e-01
8.754429221153259277e-01
8.740476965904235840e-01
8.726406097412109375e-01
8.712221980094909668e-01
8.697925209999084473e-01
8.683522343635559082e-01
8.669013977050781250e-01
8.654405474662780762e-01
8.639699220657348633e-01
8.624901175498962402e-01
8.610013723373413086e-01
8.595042228698730469e-01
8.579989671707153320e-01
8.564862608909606934e-01
8.549663424491882324e-01
8.534399271011352539e-01
8.519073128700256348e-01
8.503690361976623535e-01
8.488256931304931641e-01
8.472777605056762695e-01
8.457257151603698730e-01
8.441701531410217285e-01
8.426116704940795898e-01
8.410507440567016602e-01
8.394880890846252441e-01
8.379240036010742188e-01
8.363594412803649902e-01
8.347947001457214355e-01
8.332305550575256348e-01
8.316676020622253418e-01
8.301064372062683105e-01
8.285475373268127441e-01
8.269917964935302734e-01
8.254396319389343262e-01
8.238917589187622070e-01
8.223488330841064453e-01
8.208113908767700195e-01
8.192802667617797852e-01
8.177559375762939453e-01
8.162390589714050293e-01
8.147302865982055664e-01
8.132302761077880859e-01
8.117397427558898926e-01
8.102592229843139648e-01
8.087894320487976074e-01
8.073309659957885742e-01
8.058844208717346191e-01
8.044504523277282715e-01
8.030297160148620605e-01
8.016227483749389648e-01
8.002303242683410645e-01
7.988528609275817871e-01
7.974911332130432129e-01
7.961454987525939941e-01
7.948167920112609863e-01
7.935056090354919434e-01
7.922122478485107422e-01
7.909376025199890137e-01
7.896818518638610840e-01
7.884460091590881348e-01
7.872301340103149414e-01
7.860351800918579102e-01
7.848613858222961426e-01
7.837092876434326172e-01
7.825795412063598633e-01
7.814725637435913086e-01
7.803888320922851562e-01
7.793287634849548340e-01
7.782928347587585449e-01
7.772814631462097168e-01
7.762951850891113281e-01
7.753344178199768066e-01
7.743993401527404785e-01
7.734907269477844238e-01
7.726085782051086426e-01
7.717536091804504395e-01
7.709259390830993652e-01
7.701259851455688477e-01
7.693541049957275391e-01
7.686107158660888672e-01
7.678959369659423828e-01
7.672101855278015137e-01
7.665537595748901367e-01
7.659267783164978027e-01
7.653297781944274902e-01
7.647626996040344238e-01
7.642260193824768066e-01
7.637197971343994141e-01
7.632443308830261230e-01
7.627998590469360352e-01
7.623864412307739258e-01
7.620042562484741211e-01
7.616536021232604980e-01
7.613344192504882812e-01
7.610470056533813477e-01
7.607914209365844727e-01
7.605677247047424316e-01
7.603760957717895508e-01
7.602164745330810547e-01
7.600890398025512695e-01
7.599938511848449707e-01
7.599309086799621582e-01
7.599002718925476074e-01
7.598920464515686035e-01
7.598581910133361816e-01
7.597919702529907227e-01
7.596934437751770020e-01
7.595624923706054688e-01
7.593991756439208984e-01
7.592033147811889648e-01
7.589749097824096680e-01
7.587138414382934570e-01
7.584200501441955566e-01
7.580932378768920898e-01
7.577335238456726074e-01
7.573406696319580078e-01
7.569144368171691895e-01
7.564546465873718262e-01
7.559612393379211426e-01
7.554340362548828125e-01
7.548727393150329590e-01
7.542770504951477051e-01
7.536469101905822754e-01
7.529820203781127930e-01
7.522820234298706055e-01
7.515466213226318359e-01
7.507758140563964844e-01
7.499689459800720215e-01
7.491260170936584473e-01
7.482463717460632324e-01
7.473300099372863770e-01
7.463763356208801270e-01
7.453850507736206055e-01
7.443559765815734863e-01
7.432883977890014648e-01
7.421821951866149902e-01
7.410368323326110840e-01
7.398518323898315430e-01
7.386268377304077148e-01
7.373614907264709473e-01
7.360552549362182617e-01
7.347075939178466797e-01
7.333182692527770996e-01
7.318865060806274414e-01
7.304120659828186035e-01
7.288942933082580566e-01
7.273326516151428223e-01
7.257267236709594727e-01
7.240760922431945801e-01
7.223799228668212891e-01
7.206379175186157227e-01
7.188494801521301270e-01
7.170140147209167480e-01
7.151309847831726074e-01
7.131999731063842773e-01
7.112202048301696777e-01
7.091912627220153809e-01
7.071124315261840820e-01
7.049834132194519043e-01
7.028033733367919922e-01
7.005720138549804688e-01
6.982886195182800293e-01
6.959526538848876953e-01
6.935635209083557129e-01
6.911208629608154297e-01
6.886240243911743164e-01
6.860725283622741699e-01
6.834658384323120117e-01
6.808034777641296387e-01
6.780849695205688477e-01
6.753098368644714355e-01
6.724777221679687500e-01
6.695881485939025879e-01
6.666406989097595215e-01
6.636350154876708984e-01
6.605707406997680664e-01
6.574476361274719238e-01
6.542654633522033691e-01
6.510236859321594238e-01
6.477223634719848633e-01
6.443612575531005859e-01
6.409401297569274902e-01
6.374589800834655762e-01
6.339177489280700684e-01
6.303163766860961914e-01
6.266549825668334961e-01
6.229336857795715332e-01
6.191525459289550781e-01
6.153117418289184570e-01
6.114117503166198730e-01
6.074527502059936523e-01
6.034351587295532227e-01
5.993594527244567871e-01
5.952261686325073242e-01
5.910358428955078125e-01
5.867891907691955566e-01
5.824869871139526367e-01
5.781300663948059082e-01
5.737192630767822266e-01
5.692555308341979980e-01
5.647400021553039551e-01
5.601738095283508301e-01
5.555580854415893555e-01
5.508942008018493652e-01
5.461835265159606934e-01
5.414274334907531738e-01
5.366275310516357422e-01
5.317853093147277832e-01
5.269026160240173340e-01
5.219812393188476562e-01
5.170228481292724609e-01
5.120294690132141113e-01
5.070030689239501953e-01
5.019456148147583008e-01
4.968593716621398926e-01
4.917464256286621094e-01
4.866090714931488037e-01
4.814495742321014404e-01
4.762703180313110352e-01
4.710735380649566650e-01
4.658619165420532227e-01
4.606378674507141113e-01
4.554037451744079590e-01
4.501621723175048828e-01
4.449158012866973877e-01
4.396669566631317139e-01
4.344185292720794678e-01
4.291728734970092773e-01
4.239327907562255859e-01
4.187006950378417969e-01
4.134792387485504150e-01
4.082709252834320068e-01
4.030782878398895264e-01
