5.329747182258870453e-06
5.364177013689186424e-06
5.435669663711450994e-06
5.597983090410707518e-06
5.997869266138877720e-06
6.959209258639020845e-06
8.733118193049449474e-06
1.069520385499345139e-05
1.210207301483023912e-05
1.310060633841203526e-05
1.400071960233617574e-05
1.493083254899829626e-05
1.590632928127888590e-05
1.690141652943566442e-05
1.788333611330017447e-05
1.882662763819098473e-05
1.971721576410345733e-05
2.055107324849814177e-05
2.133109410351607949e-05
2.206405770266428590e-05
2.275835322507191449e-05
2.342268089705612510e-05
2.406533167231827974e-05
2.469387618475593626e-05
2.531511563574895263e-05
2.593520912341773510e-05
2.655962271091993898e-05
2.719323492783587426e-05
2.784045136650092900e-05
2.850491546269040555e-05
2.918991594924591482e-05
2.989790482388343662e-05
3.063078111154027283e-05
3.138930696877650917e-05
3.217352423234842718e-05
3.298251976957544684e-05
3.381440183147788048e-05
3.466640919214114547e-05
3.553492933860979974e-05
3.641580406110733747e-05
3.730455864570103586e-05
3.819653284153901041e-05
3.908720464096404612e-05
3.997251769760623574e-05
4.084908869117498398e-05
4.171404725639149547e-05
4.256571628502570093e-05
4.340310624684207141e-05
4.422591155162081122e-05
4.503492891672067344e-05
4.583129339152947068e-05
4.661674756789579988e-05
4.739355426863767207e-05
4.816419459530152380e-05
4.893173536402173340e-05
4.969927249476313591e-05
5.047033118898980319e-05
5.124860763316974044e-05
5.203819455346092582e-05
5.284336657496169209e-05
5.366847472032532096e-05
5.451784818433225155e-05
5.539624180528335273e-05
5.630763916997238994e-05
5.725607843487523496e-05
5.824459003633819520e-05
5.927521124249324203e-05
6.034880061633884907e-05
6.146469968371093273e-05
6.262014358071610332e-05
6.381118873832747340e-05
6.503108306787908077e-05
6.627297989325597882e-05
6.752788613084703684e-05
6.878681597299873829e-05
7.004122016951441765e-05
7.128307333914563060e-05
7.250599446706473827e-05
7.370553794316947460e-05
7.487849507015198469e-05
7.602428377140313387e-05
7.714375533396378160e-05
7.823955820640549064e-05
7.931557775009423494e-05
8.037713269004598260e-05
8.143013837980106473e-05
8.248158701462671161e-05
8.353888551937416196e-05
8.461021934635937214e-05
8.570412319386377931e-05
8.682897896505892277e-05
8.799400529824197292e-05
8.920800610212609172e-05
9.047982894117012620e-05
9.181781933875754476e-05
9.323008271167054772e-05
9.472357487538829446e-05
9.630469139665365219e-05
9.797768143471330404e-05
9.974571730708703399e-05
1.016095920931547880e-04
1.035677050822414458e-04
1.056161199812777340e-04
1.077484048437327147e-04
1.099551736842840910e-04
1.122247849707491696e-04
1.145436544902622700e-04
1.168970484286546707e-04
1.192693380289711058e-04
1.216453092638403177e-04
1.240120909642428160e-04
1.263598242076113820e-04
1.286837505176663399e-04
1.309864455834031105e-04
1.332801475655287504e-04
1.355895510641857982e-04
1.379523891955614090e-04
1.404213253408670425e-04
1.430597621947526932e-04
1.459324121242389083e-04
1.490908907726407051e-04
1.525523257441818714e-04
1.562787656439468265e-04
1.601692056283354759e-04
1.640680857235565782e-04
1.677883556112647057e-04
1.711452496238052845e-04
1.739817089401185513e-04
1.761819876264780760e-04
1.776702411007136106e-04
1.784039486665278673e-04
1.785998319974169135e-04
1.794184499885886908e-04
1.810332614695653319e-04
1.834683498600497842e-04
1.867403479991480708e-04
1.908315462060272694e-04
1.956579217221587896e-04
2.010373282246291637e-04
2.066847955575212836e-04
2.122549631167203188e-04
2.174303517676889896e-04
2.220125170424580574e-04
2.259650646010413766e-04
2.293852885486558080e-04
2.324378292541950941e-04
2.352925803279504180e-04
2.380852238275110722e-04
2.409110165899619460e-04
2.438274968881160021e-04
2.468652091920375824e-04
2.500355767551809549e-04
2.533381630200892687e-04
2.567615301813930273e-04
2.602884196676313877e-04
2.638951991684734821e-04
2.675577998161315918e-04
2.712487475946545601e-04
2.749428676906973124e-04
2.786174009088426828e-04
2.822543901856988668e-04
2.858398656826466322e-04
2.893643977586179972e-04
2.928240282926708460e-04
2.962199214380234480e-04
2.995555114466696978e-04
3.028394130524247885e-04
3.060810850001871586e-04
3.092931583523750305e-04
3.124882932752370834e-04
3.156802849844098091e-04
3.188829869031906128e-04
3.221099032089114189e-04
3.253734903410077095e-04
3.286848368588835001e-04
3.320536052342504263e-04
3.354877990204840899e-04
3.389926860108971596e-04
3.425709146540611982e-04
3.462230379227548838e-04
3.499451559036970139e-04
3.537320299074053764e-04
3.575746959540992975e-04
3.614616580307483673e-04
3.653786552604287863e-04
3.693108446896076202e-04
3.732415789272636175e-04
3.771552583202719688e-04
3.810375637840479612e-04
3.848762717097997665e-04
3.886623599100857973e-04
3.923902695532888174e-04
3.960617468692362309e-04
3.996790037490427494e-04
4.032539145555347204e-04
4.067999252583831549e-04
4.103340324945747852e-04
4.138777439948171377e-04
4.174524510744959116e-04
4.210822808090597391e-04
4.247879842296242714e-04
4.285902832634747028e-04
4.325061163399368525e-04
4.365490458440035582e-04
4.407276574056595564e-04
4.450452688615769148e-04
4.495007451623678207e-04
4.540889931377023458e-04
4.587985167745500803e-04
4.636167141143232584e-04
4.685276653617620468e-04
4.735145776066929102e-04
4.785608616657555103e-04
4.836510343011468649e-04
4.887729301117360592e-04
4.939167993143200874e-04
4.990783636458218098e-04
5.042562261223793030e-04
5.094567895866930485e-04
5.146904150024056435e-04
5.199725273996591568e-04
5.253258859738707542e-04
5.307765677571296692e-04
5.363566451705992222e-04
5.420992383733391762e-04
5.480402614921331406e-04
5.542154540307819843e-04
5.606552003882825375e-04
5.673803389072418213e-04
5.743978545069694519e-04
5.816945922560989857e-04
5.892321350984275341e-04
5.969435442239046097e-04
6.047405186109244823e-04
6.125151994638144970e-04
6.201604264788329601e-04
6.275862688198685646e-04
6.347349262796342373e-04
6.415921379812061787e-04
6.481903255917131901e-04
6.546007934957742691e-04
6.609206320717930794e-04
6.672642193734645844e-04
6.737489020451903343e-04
6.804842269048094749e-04
6.875663530081510544e-04
6.950738024897873402e-04
7.030626293271780014e-04
7.115656044334173203e-04
7.205897709354758263e-04
7.301202276721596718e-04
7.401221664622426033e-04
7.505388348363339901e-04
7.613030029460787773e-04
7.723357412032783031e-04
7.835530559532344341e-04
7.948720594868063927e-04
8.062116103246808052e-04
8.174961549229919910e-04
8.286605007015168667e-04
8.396478369832038879e-04
