8.606863048044033349e-06
8.722755410417448729e-06
8.875865205482114106e-06
9.082666110771242529e-06
9.367707207275088876e-06
9.765249160409439355e-06
1.031722240441013128e-05
1.106217041524359956e-05
1.201198483613552526e-05
1.312673248321516439e-05
1.431502823834307492e-05
1.547283318359404802e-05
1.653068284213077277e-05
1.746989073581062257e-05
1.830654400691855699e-05
1.906950274133123457e-05
1.978592990781180561e-05
2.047622547252103686e-05
2.115407914971001446e-05
2.182771277148276567e-05
2.250175566587131470e-05
2.317852340638637543e-05
2.385919106018263847e-05
2.454406239849049598e-05
2.523333387216553092e-05
2.592702185211237520e-05
2.662545739440247416e-05
2.732896973611786962e-05
2.803812458296306431e-05
2.875371865229681134e-05
2.947670145658776164e-05
3.020806070708204061e-05
3.094888961641117930e-05
3.170023774146102369e-05
3.246313644922338426e-05
3.323818236822262406e-05
3.402589209144935012e-05
3.482621832517907023e-05
3.563881182344630361e-05
3.646274853963404894e-05
3.729666059371083975e-05
3.813869625446386635e-05
3.898669092450290918e-05
3.983799615525640547e-05
4.069026908837258816e-05
4.154080306761898100e-05
4.238732435624115169e-05
4.322820677771233022e-05
4.406203152029775083e-05
4.488816557568497956e-05
4.570646706270053983e-05
4.651798735721968114e-05
4.732400338980369270e-05
4.812663610209710896e-05
4.892842116532847285e-05
4.973245813744142652e-05
5.054199937148950994e-05
5.136074469191953540e-05
5.219215745455585420e-05
5.303996294969692826e-05
5.390755541156977415e-05
5.479816172737628222e-05
5.571448855334892869e-05
5.665877324645407498e-05
5.763258013757877052e-05
5.863676051376387477e-05
5.967141260043717921e-05
6.073561235098168254e-05
6.182763900142163038e-05
6.294464401435106993e-05
6.408334593288600445e-05
6.523929187096655369e-05
6.640810170210897923e-05
6.758457311661913991e-05
6.876399129396304488e-05
6.994156865403056145e-05
7.111333252396434546e-05
7.227598689496517181e-05
7.342717435676604509e-05
7.456533057847991586e-05
7.569073932245373726e-05
7.680433918721973896e-05
7.790802919771522284e-05
7.900503260316327214e-05
8.009946031961590052e-05
8.119596168398857117e-05
8.230016828747466207e-05
8.341796637978404760e-05
8.455562056042253971e-05
8.572014485253021121e-05
8.691828406881541014e-05
8.815677574602887034e-05
8.944267756305634975e-05
9.078274160856381059e-05
9.218338527716696262e-05
9.365056757815182209e-05
9.518925799056887627e-05
9.680382208898663521e-05
9.849702473729848862e-05
1.002708959276787937e-04
1.021249045152217150e-04
1.040569404722191393e-04
1.060628128470852971e-04
1.081364534911699593e-04
1.102688038372434676e-04
1.124496338889002800e-04
1.146666982094757259e-04
1.169072929769754410e-04
1.191590563394129276e-04
1.214104195241816342e-04
1.236538373632356524e-04
1.258859847439453006e-04
1.281119912164285779e-04
1.303468889091163874e-04
1.326185301877558231e-04
1.349690865026786923e-04
1.374555286020040512e-04
1.401429617544636130e-04
1.430972770322114229e-04
1.463665248593315482e-04
1.499634672654792666e-04
1.538490614620968699e-04
1.579261152073740959e-04
1.620485854800790548e-04
1.660440029809251428e-04
1.697420520940795541e-04
1.729947980493307114e-04
1.756897836457937956e-04
1.777514116838574409e-04
1.791336544556543231e-04
1.798118319129571319e-04
1.799924793886020780e-04
1.807460939744487405e-04
1.822258054744452238e-04
1.844430662458762527e-04
1.874022855190560222e-04
1.910857390612363815e-04
1.954349136212840676e-04
2.003337431233376265e-04
2.055992226814851165e-04
2.109976921929046512e-04
2.162803284591063857e-04
2.212346880696713924e-04
2.257275627925992012e-04
2.297230239491909742e-04
2.332672593183815479e-04
2.364561805734410882e-04
2.394034236203879118e-04
2.422136458335444331e-04
2.449744497425854206e-04
2.477513044141232967e-04
2.505911688786000013e-04
2.535259409341961145e-04
2.565762843005359173e-04
2.597532002255320549e-04
2.630601811688393354e-04
2.664923667907714844e-04
2.700388140510767698e-04
2.736820024438202381e-04
2.773976302705705166e-04
2.811593585647642612e-04
2.849379088729619980e-04
2.887047012336552143e-04
2.924348518718034029e-04
2.961069694720208645e-04
2.997068804688751698e-04
3.032265231013298035e-04
3.066649660468101501e-04
3.100276808254420757e-04
3.133250575046986341e-04
3.165714733768254519e-04
3.197853802703320980e-04
3.229862777516245842e-04
3.261937235947698355e-04
3.294280322734266520e-04
3.327076265122741461e-04
3.360487753525376320e-04
3.394650120753794909e-04
3.429678035899996758e-04
3.465607296675443649e-04
3.502475447021424770e-04
3.540255420375615358e-04
3.578860487323254347e-04
3.618178016040474176e-04
3.658050845842808485e-04
3.698282234836369753e-04
3.738656232599169016e-04
3.778955724555999041e-04
3.818943223450332880e-04
3.858421114273369312e-04
3.897208953276276588e-04
3.935170243494212627e-04
3.972222039010375738e-04
4.008336109109222889e-04
4.043544759042561054e-04
4.077967896591871977e-04
4.111765010748058558e-04
4.145173879805952311e-04
4.178484086878597736e-04
4.212045168969780207e-04
4.246258467901498079e-04
4.281516885384917259e-04
4.318243009038269520e-04
4.356801509857177734e-04
4.397492448333650827e-04
4.440479387994855642e-04
4.485767858568578959e-04
4.533187893684953451e-04
4.582397232297807932e-04
4.632917698472738266e-04
4.684226878453046083e-04
4.735836118925362825e-04
4.787344660144299269e-04
4.838527238462120295e-04
4.889313713647425175e-04
4.939791979268193245e-04
4.990163142792880535e-04
5.040696705691516399e-04
5.091710481792688370e-04
5.143524613231420517e-04
5.196423153392970562e-04
5.250683752819895744e-04
5.306506645865738392e-04
5.364069947972893715e-04
5.423475522547960281e-04
5.484787398017942905e-04
5.547989858314394951e-04
5.613011308014392853e-04
5.679719615727663040e-04
5.747902905568480492e-04
5.817295168526470661e-04
5.887577426619827747e-04
5.958413821645081043e-04
6.029442884027957916e-04
6.100350874476134777e-04
6.170906708575785160e-04
6.240945658646523952e-04
6.310461321845650673e-04
6.379565456882119179e-04
6.448479252867400646e-04
6.517553701996803284e-04
6.587165407836437225e-04
6.657733465544879436e-04
6.729695014655590057e-04
6.803419091738760471e-04
6.879254942759871483e-04
6.957441219128668308e-04
7.038188050501048565e-04
7.121639791876077652e-04
7.207865710370242596e-04
7.296906551346182823e-04
7.388779777102172375e-04
7.483463268727064133e-04
7.580965757369995117e-04
7.681264542043209076e-04
7.784367771819233894e-04
7.890313863754272461e-04
7.999158697202801704e-04
8.110996568575501442e-04
8.225927595049142838e-04
8.344114175997674465e-04
