4.296845872886478901e-06
4.409233497426612303e-06
4.638603058992885053e-06
5.114914074511034414e-06
6.030515578459016979e-06
7.445716619258746505e-06
9.030454748426564038e-06
1.040134429786121473e-05
1.153414996224455535e-05
1.257320673175854608e-05
1.361655904474901035e-05
1.468824302719440311e-05
1.576992508489638567e-05
1.682965012150816619e-05
1.783942207111977041e-05
1.878220791695639491e-05
1.965239425771869719e-05
2.045296423602849245e-05
2.119214150297921151e-05
2.188056532759219408e-05
2.252964623039588332e-05
2.315066558367107064e-05
2.375416625000070781e-05
2.435023088764864951e-05
2.494814179954119027e-05
2.555668834247626364e-05
2.618385042296722531e-05
2.683606908249203116e-05
2.751791907940059900e-05
2.823119575623422861e-05
2.897395643230993301e-05
2.974002563860267401e-05
3.051919338759034872e-05
3.129837932647205889e-05
3.206331530236639082e-05
3.280125019955448806e-05
3.350407132529653609e-05
3.417156767682172358e-05
3.481648673187009990e-05
3.547235974110662937e-05
3.620596180553548038e-05
3.713149635586887598e-05
3.839205601252615452e-05
4.001115303253754973e-05
4.162367986282333732e-05
4.271047146175988019e-05
4.327832721173763275e-05
4.364808046375401318e-05
4.402821650728583336e-05
4.451104905456304550e-05
4.514212560025043786e-05
4.593587436829693615e-05
4.686730244429782033e-05
4.787063153344206512e-05
4.886295937467366457e-05
4.978119250154122710e-05
5.060296098235994577e-05
5.134286766406148672e-05
5.203536420594900846e-05
5.272040289128199220e-05
5.343407246982678771e-05
5.420458182925358415e-05
5.505030640051700175e-05
5.597943891189061105e-05
5.698910899809561670e-05
5.806695844512432814e-05
5.919499380979686975e-05
6.035328988218680024e-05
6.152573769213631749e-05
6.270153244258835912e-05
6.387621397152543068e-05
6.504962948383763433e-05
6.622268847422674298e-05
6.739555828971788287e-05
6.856702384538948536e-05
6.973464769544079900e-05
7.089666178217157722e-05
7.205328438431024551e-05
7.320728764170780778e-05
7.436294981744140387e-05
7.552418537670746446e-05
7.669244223507121205e-05
7.786502101225778461e-05
7.903442019596695900e-05
8.018918742891401052e-05
8.131629147101193666e-05
8.240446913987398148e-05
8.344764501089230180e-05
8.444763807347044349e-05
8.541512943338602781e-05
8.636950224172323942e-05
8.733685535844415426e-05
8.834789332468062639e-05
8.943466673372313380e-05
9.062851313501596451e-05
9.195582242682576180e-05
9.343559213448315859e-05
9.507550566922873259e-05
9.687049896456301212e-05
9.880200377665460110e-05
1.008406616165302694e-04
1.029502382152713835e-04
1.050943101290613413e-04
1.072423328878358006e-04
1.093735481845214963e-04
1.114794649765826762e-04
1.135645070462487638e-04
1.156425641966052353e-04
1.177356170956045389e-04
1.198698591906577349e-04
1.220726990140974522e-04
1.243693695869296789e-04
1.267787301912903786e-04
1.293087407248094678e-04
1.319516013609245420e-04
1.346798235317692161e-04
1.374474086333066225e-04
1.401964254910126328e-04
1.428697141818702221e-04
1.454233279218897223e-04
1.478332560509443283e-04
1.500910875620320439e-04
1.522015663795173168e-04
1.541902311146259308e-04
1.561542449053376913e-04
1.583542180014774203e-04
1.611905172467231750e-04
1.647916506044566631e-04
1.685580646153539419e-04
1.715296675683930516e-04
1.730786170810461044e-04
1.734977995511144400e-04
1.752628013491630554e-04
1.787100627552717924e-04
1.834547147154808044e-04
1.884598459582775831e-04
1.927445264300331473e-04
1.962470123544335365e-04
1.994741032831370831e-04
2.028466842602938414e-04
2.065457083517685533e-04
2.105947060044854879e-04
2.149377251043915749e-04
2.194799162680283189e-04
2.241120964754372835e-04
2.287244424223899841e-04
2.332209842279553413e-04
2.375238254899159074e-04
2.415759809082373977e-04
2.453416527714580297e-04
2.488035243004560471e-04
2.519625122658908367e-04
2.548365155234932899e-04
2.574601676315069199e-04
2.598849823698401451e-04
2.621781022753566504e-04
2.644256164785474539e-04
2.667333465069532394e-04
2.692254201974719763e-04
2.720461925491690636e-04
2.753431617747992277e-04
2.792407467495650053e-04
2.837859501596540213e-04
2.888778981287032366e-04
2.942291321232914925e-04
2.994193055201321840e-04
3.040695446543395519e-04
3.080081078223884106e-04
3.113110724370926619e-04
3.141937486361712217e-04
3.168909461237490177e-04
3.195827011950314045e-04
3.223738167434930801e-04
3.253024478908628225e-04
3.283631813246756792e-04
3.315269714221358299e-04
3.347671881783753633e-04
3.380681737326085567e-04
3.414331877138465643e-04
3.448780043981969357e-04
3.484273038338869810e-04
3.521041362546384335e-04
3.559268952812999487e-04
3.599006158765405416e-04
3.640171780716627836e-04
3.682542301248759031e-04
3.725742863025516272e-04
3.769309842027723789e-04
3.812713839579373598e-04
3.855441173072904348e-04
3.897015703842043877e-04
3.937073051929473877e-04
3.975402214564383030e-04
4.011956334579735994e-04
4.046847752761095762e-04
4.080345679540187120e-04
4.112737078685313463e-04
4.144237609580159187e-04
4.174812929704785347e-04
4.204158612992614508e-04
4.231941420584917068e-04
4.258411645423620939e-04
4.285442701075226068e-04
4.317619604989886284e-04
4.360927559901028872e-04
4.416564770508557558e-04
4.478082119021564722e-04
4.538378561846911907e-04
4.594893835019320250e-04
4.648092435672879219e-04
4.698913835454732180e-04
4.747909260913729668e-04
4.795458225999027491e-04
4.842218768317252398e-04
4.889285773970186710e-04
4.937939229421317577e-04
4.988974542357027531e-04
5.041948752477765083e-04
5.094839725643396378e-04
5.144616006873548031e-04
5.188711802475154400e-04
5.226740031503140926e-04
5.262515624053776264e-04
5.307156243361532688e-04
5.379464128054678440e-04
5.482500419020652771e-04
5.575831746682524681e-04
5.632197135128080845e-04
5.667250370606780052e-04
5.703480564989149570e-04
5.757572362199425697e-04
5.839668447151780128e-04
5.945930024608969688e-04
6.054316763766109943e-04
6.141519988887012005e-04
6.201792857609689236e-04
6.244364194571971893e-04
6.292534526437520981e-04
6.408581975847482681e-04
6.558137829415500164e-04
6.609549745917320251e-04
6.629494600929319859e-04
6.652063457295298576e-04
6.683669053018093109e-04
6.726938299834728241e-04
6.794956279918551445e-04
6.901174783706665039e-04
7.018569740466773510e-04
7.115927292034029961e-04
7.199074607342481613e-04
7.282110746018588543e-04
7.372563704848289490e-04
7.472417200915515423e-04
7.580271922051906586e-04
7.692900253459811211e-04
7.806363864801824093e-04
7.916979375295341015e-04
8.021963876672089100e-04
8.119735284708440304e-04
8.209820371121168137e-04
8.292588172480463982e-04
