3.372434017595308034e-06
3.519061583577712454e-06
4.692082111436949939e-06
5.425219941348973738e-06
6.304985337243401957e-06
6.451612903225806378e-06
9.530791788856304299e-06
1.055718475073313863e-05
1.158357771260997127e-05
1.378299120234604098e-05
1.436950146627566035e-05
1.480938416422287362e-05
1.480938416422287362e-05
1.598240469208211237e-05
1.818181818181818207e-05
1.979472140762463409e-05
2.067448680351906062e-05
2.082111436950146504e-05
2.126099706744868169e-05
2.170087976539589495e-05
2.228739002932551264e-05
2.302052785923753813e-05
2.434017595307917792e-05
2.492668621700879899e-05
2.463343108504398676e-05
2.609970674486803435e-05
2.653958944281524762e-05
2.697947214076246427e-05
2.756598240469208195e-05
2.859237536656891629e-05
2.917888563049853397e-05
2.991202346041055607e-05
3.064516129032257818e-05
3.079178885630498260e-05
3.211143695014662916e-05
3.313782991202346011e-05
3.504398826979472436e-05
3.475073313782990874e-05
3.533724340175953320e-05
3.548387096774193762e-05
3.563049853372434204e-05
3.680351906158357741e-05
3.870967741935484166e-05
4.002932551319648145e-05
4.208211143695014334e-05
4.252199413489736338e-05
4.325513196480938548e-05
4.369501466275659874e-05
4.413489736070381201e-05
4.472140762463342969e-05
4.530791788856304737e-05
4.589442815249267183e-05
4.618768328445748068e-05
4.824046920821114257e-05
4.926686217008797352e-05
4.956011730205278913e-05
5.029325513196481124e-05
5.175953079178885545e-05
5.219941348973606871e-05
5.278592375366568639e-05
5.337243401759531085e-05
5.337243401759531085e-05
5.381231671554252412e-05
5.586510263929618601e-05
5.689149560117302373e-05
5.879765395894428120e-05
5.982404692082111215e-05
6.114369501466275871e-05
6.129032258064515636e-05
6.173020527859237640e-05
6.378299120234603829e-05
6.392961876832844949e-05
6.466275659824046482e-05
6.862170087976539096e-05
6.920821114369500864e-05
6.964809384164222868e-05
7.082111436950146405e-05
7.228739002932550825e-05
7.287390029325512594e-05
7.463343108504399254e-05
7.683284457478005208e-05
7.683284457478005208e-05
7.712609970674487447e-05
7.785923753665688980e-05
7.947214076246334521e-05
8.152492668621700710e-05
8.313782991202346251e-05
8.460410557184750672e-05
8.563049853372434444e-05
8.563049853372434444e-05
8.563049853372434444e-05
8.739002932551319749e-05
8.812316715542522637e-05
8.973607038123166822e-05
9.164222873900293247e-05
9.222873900293255016e-05
9.354838709677419672e-05
9.457478005865102089e-05
9.633431085043988749e-05
9.926686217008797591e-05
1.029325513196480932e-04
1.048387096774193575e-04
1.070381231671554305e-04
1.074780058651026370e-04
1.086510263929618724e-04
1.112903225806451655e-04
1.136363636363636363e-04
1.155425219941349005e-04
1.183284457478005913e-04
1.217008797653958997e-04
1.224340175953079286e-04
1.230205278592375463e-04
1.265395894428152524e-04
1.290322580645161343e-04
1.344574780058651047e-04
1.363636363636363689e-04
1.401759530791788974e-04
1.406158357771261039e-04
1.422287390029325458e-04
1.453079178885630454e-04
1.483870967741935450e-04
1.502932551319648093e-04
1.542521994134897489e-04
1.552785923753665731e-04
1.561583577712609861e-04
1.589442815249266904e-04
1.626099706744868077e-04
1.665689149560117203e-04
1.727272727272727195e-04
1.756598240469208080e-04
1.769794721407624545e-04
1.781524926686216899e-04
1.796187683284457476e-04
1.851906158357771292e-04
1.878299120234604223e-04
1.913489736070381284e-04
1.932551319648093927e-04
1.960410557184750699e-04
1.991202346041055695e-04
2.021994134897360691e-04
2.079178885630498619e-04
2.117302052785923633e-04
2.170087976539589495e-04
2.259530791788856260e-04
2.280058651026393014e-04
2.285923753665689191e-04
2.316715542521994187e-04
2.375366568914955955e-04
2.404692082111436840e-04
2.441348973607038013e-04
2.482404692082111250e-04
2.517595307917888311e-04
2.549853372434017691e-04
2.560117302052785661e-04
2.599706744868035329e-04
2.623167155425220037e-04
2.649560117302052968e-04
2.681818181818181805e-04
2.718475073313783249e-04
2.722873900293255314e-04
2.728739002932551220e-04
2.768328445747800346e-04
2.819648093841642367e-04
2.903225806451612684e-04
2.957478005865102387e-04
3.014662756598240315e-04
3.035190615835777340e-04
3.063049853372434113e-04
3.107038123167155303e-04
3.142228739002932364e-04
3.161290322580645007e-04
3.208211143695014421e-04
3.237536656891495577e-04
3.240469208211143801e-04
3.262463343108504667e-04
3.303519061583577634e-04
3.324046920821114117e-04
3.375366568914956139e-04
3.436950146627566131e-04
3.469208211143694968e-04
3.473607038123167033e-04
3.491202346041055835e-04
3.536656891495601408e-04
3.586510263929618505e-04
3.655425219941348786e-04
3.675953079178885812e-04
3.741935483870967869e-04
3.766862170087976417e-04
3.796187683284457572e-04
3.831378299120234633e-04
3.862170087976539629e-04
3.954545454545454618e-04
3.994134897360703744e-04
4.032258064516129029e-04
4.045454545454545223e-04
4.055718475073313736e-04
4.089442815249266956e-04
4.134897360703812530e-04
4.187683284457477850e-04
4.197947214076246363e-04
4.244868035190615778e-04
4.253665689149559908e-04
4.272727272727272550e-04
4.316715542521994283e-04
4.343108504398827214e-04
4.403225806451612824e-04
4.498533724340176036e-04
4.533724340175953097e-04
4.579178885630498671e-04
4.626099706744868085e-04
4.690615835777126302e-04
4.740469208211143940e-04
4.772727272727272777e-04
4.887096774193548090e-04
4.904692082111437434e-04
4.904692082111437434e-04
4.942815249266861635e-04
5.052785923753665967e-04
5.087976539589442486e-04
5.133431085043988059e-04
5.180351906158357474e-04
5.252199413489736521e-04
5.259530791788856810e-04
5.281524926686216592e-04
5.372434017595307740e-04
5.502932551319648013e-04
5.542521994134897139e-04
5.636363636363635968e-04
5.673020527859237412e-04
5.696480938416422120e-04
5.740469208211143853e-04
5.846041055718475578e-04
5.923753665689149989e-04
6.041055718475073525e-04
6.149560117302052932e-04
6.162756598240469669e-04
6.243401759530791762e-04
6.294721407624633783e-04
6.401759530791789349e-04
6.536656891495601146e-04
6.614369501466275557e-04
6.624633431085043527e-04
6.646627565982404394e-04
6.665689149560117578e-04
6.736070381231671700e-04
6.788856304985337563e-04
6.862170087976539367e-04
6.998533724340176088e-04
7.137829912023460491e-04
7.180351906158357299e-04
7.236070381231671927e-04
7.332844574780058439e-04
7.479472140762463131e-04
7.570381231671554278e-04
7.671554252199413396e-04
7.799120234604105988e-04
7.906158357771260470e-04
7.997067448680351617e-04
8.112903225806451313e-04
8.221407624633430720e-04
8.299120234604105131e-04
