1.899569062516093254e-03
1.801725127734243870e-03
1.709929550997912884e-03
1.623783842660486698e-03
1.542918966151773930e-03
1.466995337978005409e-03
1.395691768266260624e-03
1.328702201135456562e-03
1.265752129256725311e-03
1.206579967401921749e-03
1.150935073383152485e-03
1.098594395443797112e-03
1.049346057698130608e-03
1.002988661639392376e-03
9.593364084139466286e-04
9.182192734442651272e-04
8.794725290499627590e-04
8.429486188106238842e-04
8.085038280114531517e-04
7.760096923448145390e-04
7.453425205312669277e-04
7.163893897086381912e-04
6.890416843816637993e-04
6.632009171880781651e-04
6.387745961546897888e-04
6.156751769594848156e-04
5.938213435001671314e-04
5.731381825171411037e-04
5.535557866096496582e-04
5.350055871531367302e-04
5.174280377104878426e-04
5.007638828828930855e-04
4.849606484640389681e-04
4.699672863353043795e-04
4.557364736683666706e-04
4.422234778758138418e-04
4.293872916605323553e-04
4.171902837697416544e-04
4.055944737046957016e-04
3.945670032408088446e-04
3.840758290607482195e-04
3.740905958693474531e-04
3.645839751698076725e-04
3.555295988917350769e-04
3.469026705715805292e-04
3.386801399756222963e-04
3.308405284769833088e-04
3.233627940062433481e-04
3.162285429425537586e-04
3.094188286922872066e-04
3.029179642908275127e-04
2.967091568280011415e-04
2.907778543885797262e-04
2.851093886420130730e-04
2.796910703182220459e-04
2.745098900049924850e-04
2.695544390007853508e-04
2.648133959155529737e-04
2.602767490316182375e-04
2.559334679972380400e-04
2.517754328437149525e-04
2.477933594491332769e-04
2.439788804622367024e-04
2.403243852313607931e-04
2.368217101320624352e-04
2.334648306714370847e-04
2.302459761267527938e-04
2.271603007102385163e-04
2.242001501144841313e-04
2.213612751802429557e-04
2.186377823818475008e-04
2.160241856472566724e-04
2.135169197572395205e-04
2.111099747708067298e-04
2.088002365780994296e-04
2.065829612547531724e-04
2.044538850896060467e-04
2.024104469455778599e-04
2.004485577344894409e-04
1.985643903026357293e-04
1.967553107533603907e-04
1.950186851900070906e-04
1.933508465299382806e-04
1.917495246743783355e-04
1.902122603496536613e-04
1.887360704131424427e-04
1.873190340120345354e-04
1.859592593973502517e-04
1.846536906668916345e-04
1.834011927712708712e-04
1.821992191253229976e-04
1.810462126741185784e-04
1.799406454665586352e-04
1.788806985132396221e-04
1.778646546881645918e-04
1.768911461113020778e-04
1.759586884872987866e-04
1.750660449033603072e-04
1.742116292007267475e-04
1.733946119202300906e-04
1.726133632473647594e-04
1.718674029689282179e-04
1.711552031338214874e-04
1.704755413811653852e-04
1.698283449513837695e-04
1.692118530627340078e-04
1.686255855020135641e-04
1.680685818428173661e-04
1.675402309047058225e-04
1.670396886765956879e-04
1.665666641201823950e-04
1.661196874920278788e-04
1.656990498304367065e-04
1.653034269111230969e-04
1.649329642532393336e-04
1.645865704631432891e-04
1.642642164370045066e-04
1.639653200982138515e-04
1.636894594412297010e-04
1.634361833566799760e-04
1.632052299100905657e-04
1.629965263418853283e-04
1.628095051273703575e-04
1.626439625397324562e-04
1.624996220925822854e-04
1.623764983378350735e-04
1.622743438929319382e-04
1.621928095119073987e-04
1.621323608560487628e-04
1.620921684661880136e-04
1.620726980036124587e-04
1.620675902813673019e-04
1.620458060642704368e-04
1.620037801330909133e-04
1.619412360014393926e-04
1.618583191884681582e-04
1.617552770767360926e-04
1.616319204913452268e-04
1.614888169569894671e-04
1.613258355064317584e-04
1.611430343473330140e-04
1.609414175618439913e-04
1.607204176252707839e-04
1.604807621333748102e-04
1.602225238457322121e-04
1.599462411832064390e-04
1.596521615283563733e-04
1.593406923348084092e-04
1.590122410561889410e-04
1.586672151461243629e-04
1.583060511620715261e-04
1.579291274538263679e-04
1.575371716171503067e-04
1.571306056575849652e-04
1.567095605423673987e-04
1.562751858728006482e-04
1.558276126161217690e-04
1.553675247123464942e-04
1.548955042380839586e-04
1.544119586469605565e-04
1.539178920211270452e-04
1.534135517431423068e-04
1.528996363049373031e-04
1.523769897175952792e-04
1.518459903309121728e-04
1.513076131232082844e-04
1.507617707829922438e-04
1.502100640209391713e-04
1.496526383562013507e-04
1.490903232479467988e-04
1.485235989093780518e-04
1.479533966630697250e-04
1.473804732086136937e-04
1.468052651034668088e-04
1.462282816646620631e-04
1.456507598049938679e-04
1.450727722840383649e-04
1.444956869818270206e-04
1.439196785213425756e-04
1.433455472579225898e-04
1.427738461643457413e-04
1.422057684976607561e-04
1.416411832906305790e-04
1.410815166309475899e-04
1.405271468684077263e-04
1.399782922817394137e-04
1.394364953739568591e-04
1.389015669701620936e-04
1.383746421197429299e-04
1.378561428282409906e-04
1.373470440739765763e-04
1.368475350318476558e-04
1.363581541227176785e-04
1.358801237074658275e-04
1.354135747533291578e-04
1.349593076156452298e-04
1.345179916825145483e-04
1.340897288173437119e-04
1.336755958618596196e-04
1.332759420620277524e-04
1.328915677731856704e-04
1.325226912740617990e-04
1.321699674008414149e-04
1.318344002356752753e-04
1.315158588113263249e-04
1.312153617618605494e-04
1.309331273660063744e-04
1.306700869463384151e-04
1.304263423662632704e-04
1.302024174947291613e-04
1.299993455177173018e-04
1.298169954679906368e-04
1.296567934332415462e-04
1.295181573368608952e-04
1.294021058129146695e-04
1.293092354899272323e-04
1.292400702368468046e-04
1.291947410209104419e-04
1.291741646127775311e-04
1.291788503294810653e-04
1.292091474169865251e-04
1.292653323616832495e-04
1.293484383495524526e-04
1.294586400035768747e-04
1.295963447773829103e-04
1.297624257858842611e-04
1.299572031712159514e-04
1.301812008023262024e-04
1.304350444115698338e-04
1.307190541410818696e-04
1.310341758653521538e-04
1.313803659286350012e-04
1.317586138611659408e-04
1.321694580838084221e-04
1.326132041867822409e-04
1.330906525254249573e-04
1.336023124167695642e-04
1.341486931778490543e-04
1.347305515082553029e-04
1.353483821731060743e-04
1.360026217298582196e-04
1.366945652989670634e-04
1.374240819131955504e-04
1.381918846163898706e-04
1.389988319715484977e-04
1.398458116455003619e-04
1.407329837093129754e-04
1.416613085893914104e-04
1.426316594006493688e-04
1.436440943507477641e-04
1.447000395273789763e-04
1.457997277611866593e-04
1.469440612709149718e-04
1.481336657889187336e-04
1.493692252552136779e-04
1.506519911345094442e-04
1.519819925306364894e-04
1.533603062853217125e-04
1.547880237922072411e-04
1.562655088491737843e-04
1.577936491230502725e-04
