1.706639421172440052e-03
1.631369465030729771e-03
1.558957505039870739e-03
1.489026704803109169e-03
1.421281136572360992e-03
1.355511834844946861e-03
1.291597145609557629e-03
1.229488407261669636e-03
1.169203897006809711e-03
1.110821845941245556e-03
1.054466469213366508e-03
1.000290038064122200e-03
9.484532056376338005e-04
8.991165086627006531e-04
8.524188306182622910e-04
8.084664004854857922e-04
7.673297659493982792e-04
7.290307548828423023e-04
6.935502169653773308e-04
6.608245894312858582e-04
6.307551520876586437e-04
6.032144301570951939e-04
5.780520732514560223e-04
5.551031208597123623e-04
5.341944051906466484e-04
5.151524674147367477e-04
4.978050710633397102e-04
4.819882160518318415e-04
4.675437230616807938e-04
4.543278482742607594e-04
4.422049678396433592e-04
4.310537478886544704e-04
4.207628953736275434e-04
4.112339229322969913e-04
4.023764922749251127e-04
3.941132454201579094e-04
3.863745660055428743e-04
3.790987830143421888e-04
3.722334513440728188e-04
3.657308407127857208e-04
3.595516609493643045e-04
3.536600270308554173e-04
3.480261075310409069e-04
3.426254552323371172e-04
3.374348452780395746e-04
3.324368735775351524e-04
3.276158531662076712e-04
3.229589201509952545e-04
3.184555389452725649e-04
3.140972694382071495e-04
3.098769811913371086e-04
3.057894064113497734e-04
3.018293937202543020e-04
2.979942364618182182e-04
2.942816063296049833e-04
2.906883310060948133e-04
2.872128679882735014e-04
2.838541404344141483e-04
2.806109259836375713e-04
2.774814784061163664e-04
2.744648663792759180e-04
2.715597511269152164e-04
2.687648229766637087e-04
2.660780446603894234e-04
2.634979609865695238e-04
2.610225346870720387e-04
2.586492337286472321e-04
2.563754969742149115e-04
2.541988214943557978e-04
2.521162969060242176e-04
2.501247508917003870e-04
2.482210984453558922e-04
2.464012359268963337e-04
2.446623693685978651e-04
2.430001331958919764e-04
2.414111368125304580e-04
2.398917276877909899e-04
2.384378021815791726e-04
2.370455767959356308e-04
2.357111370656639338e-04
2.344302483834326267e-04
2.331994473934173584e-04
2.320153580512851477e-04
2.308731491211801767e-04
2.297696628374978900e-04
2.287015231559053063e-04
2.276642044307664037e-04
2.266542578581720591e-04
2.256685838801786304e-04
2.247026277473196387e-04
2.237531734863296151e-04
2.228164667030796409e-04
2.218876616097986698e-04
2.209640078945085406e-04
2.200406306656077504e-04
2.191133826272562146e-04
2.181781892431899905e-04
2.172297827200964093e-04
2.162644668715074658e-04
2.152773813577368855e-04
2.142647426808252931e-04
2.132217050530016422e-04
2.121455181622877717e-04
2.110333152813836932e-04
2.098826807923614979e-04
2.086931781377643347e-04
2.074650692520663142e-04
2.062003914033994079e-04
2.049021422863006592e-04
2.035752113442867994e-04
2.022256230702623725e-04
2.008612500503659248e-04
1.994906488107517362e-04
1.981231762329116464e-04
1.967695716302841902e-04
1.954397594090551138e-04
1.941444643307477236e-04
1.928937999764457345e-04
1.916968903969973326e-04
1.905630051624029875e-04
1.895006425911560655e-04
1.885157689685001969e-04
1.876153983175754547e-04
1.868044491857290268e-04
1.860876800492405891e-04
1.854682050179690123e-04
1.849490217864513397e-04
1.845324150053784251e-04
1.842196797952055931e-04
1.840126933529973030e-04
1.839113101596012712e-04
1.838846656028181314e-04
1.837728195823729038e-04
1.835537550505250692e-04
1.832272973842918873e-04
1.827922533266246319e-04
1.822471822379156947e-04
1.815904688555747271e-04
1.808217639336362481e-04
1.799390884116292000e-04
1.789416128303855658e-04
1.778292062226682901e-04
1.766022905940189958e-04
1.752624375512823462e-04
1.738130813464522362e-04
1.722583838272839785e-04
1.706056209513917565e-04
1.688627380644902587e-04
1.670415804255753756e-04
1.651553320698440075e-04
1.632200292078778148e-04
1.612527848919853568e-04
1.592725020600482821e-04
1.572986657265573740e-04
1.553513720864430070e-04
1.534487964818254113e-04
1.516085758339613676e-04
1.498461206210777164e-04
1.481732324464246631e-04
1.465990790165960789e-04
1.451303251087665558e-04
1.437697646906599402e-04
1.425174559699371457e-04
1.413718564435839653e-04
1.403282949468120933e-04
1.393817219650372863e-04
1.385248760925605893e-04
1.377502339892089367e-04
1.370505924569442868e-04
1.364174531772732735e-04
1.358433364657685161e-04
1.353203697362914681e-04
1.348411024082452059e-04
1.343978510703891516e-04
1.339839072898030281e-04
1.335909764748066664e-04
1.332120446022599936e-04
1.328383514191955328e-04
1.324607874266803265e-04
1.320690644206479192e-04
1.316506095463410020e-04
1.311915839323773980e-04
1.306746999034658074e-04
1.300803123740479350e-04
1.293851964874193072e-04
1.285635516978800297e-04
1.275872782571241260e-04
1.264288875972852111e-04
1.250650675501674414e-04
1.234813244082033634e-04
1.216797681991010904e-04
1.196866578538902104e-04
1.175572397187352180e-04
1.153789780801162124e-04
1.132676479755900800e-04
1.113574980990961194e-04
1.097909989766776562e-04
1.087065320461988449e-04
1.082322924048639834e-04
1.084800605894997716e-04
1.095390762202441692e-04
1.114569240598939359e-04
1.142073015216737986e-04
1.176510995719581842e-04
1.215216107084415853e-04
1.254629460163414478e-04
1.291263761231675744e-04
1.322642783634364605e-04
1.347720535704866052e-04
1.366644428344443440e-04
1.380267349304631352e-04
1.389675453538075089e-04
1.395916187902912498e-04
1.399876346113160253e-04
1.402254420099779963e-04
1.403570786351338029e-04
1.404197246301919222e-04
1.404407375957816839e-04
1.404380600433796644e-04
1.404242648277431726e-04
1.404078066116198897e-04
1.403941569151356816e-04
1.403869100613519549e-04
1.403889182256534696e-04
1.404009672114625573e-04
1.404250797349959612e-04
1.404618960805237293e-04
1.405129441991448402e-04
1.405788789270445704e-04
1.406614755978807807e-04
1.407621020916849375e-04
1.408832322340458632e-04
1.410269178450107574e-04
1.411964476574212313e-04
1.413954450981691480e-04
1.416280720150098205e-04
1.418991014361381531e-04
1.422141795046627522e-04
1.425801019649952650e-04
1.430036936653777957e-04
1.434931182302534580e-04
1.440565683878958225e-04
1.447029353585094213e-04
1.454414741601794958e-04
1.462807122152298689e-04
1.472293224651366472e-04
1.482946390751749277e-04
1.494824973633512855e-04
1.507973065599799156e-04
1.522404636489227414e-04
1.538124051876366138e-04
1.555093622300773859e-04
1.573262707097455859e-04
1.592547196196392179e-04
1.612849300727248192e-04
1.634048530831933022e-04
1.656014501350000501e-04
1.678611588431522250e-04
1.701697183307260275e-04
1.725134789012372494e-04
1.748790091369301081e-04
