1.961190253496170044e-03
1.871049869805574417e-03
1.784400781616568565e-03
1.701158820651471615e-03
1.621242496185004711e-03
1.544566592201590538e-03
1.471059164032340050e-03
1.400644425302743912e-03
1.333248685114085674e-03
1.268807216547429562e-03
1.207250752486288548e-03
1.148512586951255798e-03
1.092527643777430058e-03
1.039231778122484684e-03
9.885587496683001518e-04
9.404423763044178486e-04
8.948189788497984409e-04
8.516171365045011044e-04
8.107685134746134281e-04
7.722011650912463665e-04
7.358424481935799122e-04
7.016158779151737690e-04
6.694432813674211502e-04
6.392465438693761826e-04
6.109424866735935211e-04
5.844507250003516674e-04
5.596863920800387859e-04
5.365657852962613106e-04
5.150059005245566368e-04
4.949222784489393234e-04
4.762316239066421986e-04
4.588538431562483311e-04
4.427093954291194677e-04
4.277199332136660814e-04
4.138114745728671551e-04
4.009117546956986189e-04
3.889520012307912111e-04
3.778664104174822569e-04
3.675930493045598269e-04
3.580715274438261986e-04
3.492475952953100204e-04
3.410682838875800371e-04
3.334850480314344168e-04
3.264519618824124336e-04
3.199265629518777132e-04
3.138697938993573189e-04
3.082446055486798286e-04
3.030170337297022343e-04
2.981559664476662874e-04
2.936325327027589083e-04
2.894198405556380749e-04
2.854934427887201309e-04
2.818311331793665886e-04
2.784110838547348976e-04
2.752153668552637100e-04
2.722252102103084326e-04
2.694252179935574532e-04
2.668002271093428135e-04
2.643363841343671083e-04
2.620208833832293749e-04
2.598428400233387947e-04
2.577905252110213041e-04
2.558546548243612051e-04
2.540258283261209726e-04
2.522954600863158703e-04
2.506556920707225800e-04
2.490997430868446827e-04
2.476197551004588604e-04
2.462103147991001606e-04
2.448649320285767317e-04
2.435779460938647389e-04
2.423444093437865376e-04
2.411592140560969710e-04
2.400177909294143319e-04
2.389154542470350862e-04
2.378476783633232117e-04
2.368113055126741529e-04
2.358014753554016352e-04
2.348143461858853698e-04
2.338464692002162337e-04
2.328943519387394190e-04
2.319543127669021487e-04
2.310224517714232206e-04
2.300956548424437642e-04
2.291712880833074450e-04
2.282447530888020992e-04
2.273128338856622577e-04
2.263735077576711774e-04
2.254225837532430887e-04
2.244576608063653111e-04
2.234751736978068948e-04
2.224725758424028754e-04
2.214476407971233130e-04
2.203975745942443609e-04
2.193207183154299855e-04
2.182156313210725784e-04
2.170800871681421995e-04
2.159137948183342814e-04
2.147171180695295334e-04
2.134896203642711043e-04
2.122323057847097516e-04
2.109469933202490211e-04
2.096356620313599706e-04
2.083019353449344635e-04
2.069484617095440626e-04
2.055802178801968694e-04
2.042017877101898193e-04
2.028186427196487784e-04
2.014362398767843843e-04
2.000611566472798586e-04
1.986994320759549737e-04
1.973578764591366053e-04
1.960424124263226986e-04
1.947600248968228698e-04
1.935166656039655209e-04
1.923180825542658567e-04
1.911704603116959333e-04
1.900784845929592848e-04
1.890474813990294933e-04
1.880812633316963911e-04
1.871840504463762045e-04
1.863593352027237415e-04
1.856099261203780770e-04
1.849382533691823483e-04
1.843470672611147165e-04
1.838380267145112157e-04
1.834120485000312328e-04
1.830709952628239989e-04
1.828155945986509323e-04
1.826462539611384273e-04
1.825637154979631305e-04
1.825418003136292100e-04
1.824504288379102945e-04
1.822718477342277765e-04
1.820058096200227737e-04
1.816512376535683870e-04
1.812078553484752774e-04
1.806744112400338054e-04
1.800499740056693554e-04
1.793334376998245716e-04
1.785237400326877832e-04
1.776201097527518868e-04
1.766213099472224712e-04
1.755270204739645123e-04
1.743372558848932385e-04
1.730518852127715945e-04
1.716726692393422127e-04
1.702007139101624489e-04
1.686395698925480247e-04
1.669928606133908033e-04
1.652660866966471076e-04
1.634657965041697025e-04
1.616003428352996707e-04
1.596794172655791044e-04
1.577143848408013582e-04
1.557181240059435368e-04
1.537044881843030453e-04
1.516883930889889598e-04
1.496860350016504526e-04
1.477123587392270565e-04
1.457829057471826673e-04
1.439128100173547864e-04
1.421155029674991965e-04
1.404025824740529060e-04
1.387838856317102909e-04
1.372669212287291884e-04
1.358564186375588179e-04
1.345557102467864752e-04
1.333651889581233263e-04
1.322830648859962821e-04
1.313064713031053543e-04
1.304304460063576698e-04
1.296495029237121344e-04
1.289568172069266438e-04
1.283457677345722914e-04
1.278091367566958070e-04
1.273398083867505193e-04
1.269310305360704660e-04
1.265761675313115120e-04
1.262693695025518537e-04
1.260049903066828847e-04
1.257781113963574171e-04
1.255840907106176019e-04
1.254190428880974650e-04
1.252794463653117418e-04
1.251623179996386170e-04
1.250646018888801336e-04
1.249843626283109188e-04
1.249195483978837729e-04
1.248683402081951499e-04
1.248295302502810955e-04
1.248021580977365375e-04
1.247846521437168121e-04
1.247766922460868955e-04
1.247777690878137946e-04
1.247871696250513196e-04
1.248047774424776435e-04
1.248305925400927663e-04
1.248646440217271447e-04
1.249066990567371249e-04
1.249577908311039209e-04
1.250178611371666193e-04
1.250878558494150639e-04
1.251686335308477283e-04
1.252614165423437953e-04
1.253675291081890464e-04
1.254886883543804288e-04
1.256270916201174259e-04
1.257854310097172856e-04
1.259666751138865948e-04
1.261747675016522408e-04
1.264142920263111591e-04
1.266911276616156101e-04
1.270119100809097290e-04
1.273853558814153075e-04
1.278219424420967698e-04
1.283343881368637085e-04
1.289383799303323030e-04
1.296525879297405481e-04
1.305001060245558619e-04
1.315080735366791487e-04
1.327080826740711927e-04
1.341357710771262646e-04
1.358284353045746684e-04
1.378228771500289440e-04
1.401460322085767984e-04
1.428059767931699753e-04
1.457749749533832073e-04
1.489691057940945029e-04
1.522263919468969107e-04
1.552937465021386743e-04
1.578270603204146028e-04
1.594186614966019988e-04
1.596507936483249068e-04
1.581793039804324508e-04
1.548303698655217886e-04
1.496968761784955859e-04
1.431948621757328510e-04
1.360437454422935843e-04
1.291421358473598957e-04
1.233835064340382814e-04
1.194891447084955871e-04
1.179205501102842391e-04
1.188491514767520130e-04
1.221297425217926502e-04
1.272782828891649842e-04
1.335285778623074293e-04
1.400183391524478793e-04
1.460380590287968516e-04
1.511831360403448343e-04
1.553491456434130669e-04
1.586271391715854406e-04
1.611902116565033793e-04
1.632203347980976105e-04
1.648730685701593757e-04
1.662696158746257424e-04
1.674972736509516835e-04
1.686202740529552102e-04
1.696818508207798004e-04
1.707128540147095919e-04
1.717350532999262214e-04
