8.828121423721313477e-02
8.268170058727264404e-02
7.730711251497268677e-02
7.218021154403686523e-02
6.732234358787536621e-02
6.275219470262527466e-02
5.848552659153938293e-02
5.453358218073844910e-02
5.090282112360000610e-02
4.759419709444046021e-02
4.460295289754867554e-02
4.191904142498970032e-02
3.952749446034431458e-02
3.740950301289558411e-02
3.554340824484825134e-02
3.390602022409439087e-02
3.247360885143280029e-02
3.122276253998279572e-02
3.013122826814651489e-02
2.917832508683204651e-02
2.834520302712917328e-02
2.761507593095302582e-02
2.697312086820602417e-02
2.640637382864952087e-02
2.590365894138813019e-02
2.545535191893577576e-02
2.505319193005561829e-02
2.469019033014774323e-02
2.436039224267005920e-02
2.405866794288158417e-02
2.378077618777751923e-02
2.352301776409149170e-02
2.328232675790786743e-02
2.305605821311473846e-02
2.284196205437183380e-02
2.263817749917507172e-02
2.244306728243827820e-02
2.225526981055736542e-02
2.207362465560436249e-02
2.189711108803749084e-02
2.172493748366832733e-02
2.155639789998531342e-02
2.139084786176681519e-02
2.122782543301582336e-02
2.106691151857376099e-02
2.090777084231376648e-02
2.075010351836681366e-02
2.059371396899223328e-02
2.043840289115905762e-02
2.028410136699676514e-02
2.013064548373222351e-02
1.997802779078483582e-02
1.982620544731616974e-02
1.967518962919712067e-02
1.952498592436313629e-02
1.937562972307205200e-02
1.922717131674289703e-02
1.907968521118164062e-02
1.893325150012969971e-02
1.878794655203819275e-02
1.864388398826122284e-02
1.850118488073348999e-02
1.835995540022850037e-02
1.822032034397125244e-02
1.808247156441211700e-02
1.794658415019512177e-02
1.781287230551242828e-02
1.768159680068492889e-02
1.755305379629135132e-02
1.742765121161937714e-02
1.730582863092422485e-02
1.718818210065364838e-02
1.707542315125465393e-02
1.696841605007648468e-02
1.686825789511203766e-02
1.677626930177211761e-02
1.669411733746528625e-02
1.662379316985607147e-02
1.656776107847690582e-02
1.652904599905014038e-02
1.651119627058506012e-02
1.651860028505325317e-02
1.655633002519607544e-02
1.663036458194255829e-02
1.674752123653888702e-02
1.691525429487228394e-02
1.714134961366653442e-02
1.743330247700214386e-02
1.779711991548538208e-02
1.823601685464382172e-02
1.874840818345546722e-02
1.932646520435810089e-02
1.995500922203063965e-02
2.061231806874275208e-02
2.127253822982311249e-02
2.190996333956718445e-02
2.250342629849910736e-02
2.303963154554367065e-02
2.351417206227779388e-02
2.393028326332569122e-02
2.429624274373054504e-02
2.462246641516685486e-02
2.491875179111957550e-02
2.519259788095951080e-02
2.544793672859668732e-02
2.568455040454864502e-02
2.589760161936283112e-02
2.607731893658638000e-02
2.620871551334857941e-02
2.627174556255340576e-02
2.624207548797130585e-02
2.609328553080558777e-02
2.580079250037670135e-02
2.534733340144157410e-02
2.472870424389839172e-02
2.395783737301826477e-02
2.306503988802433014e-02
2.209378778934478760e-02
2.109309099614620209e-02
2.010932005941867828e-02
1.918014138936996460e-02
1.833164505660533905e-02
1.757858879864215851e-02
1.692663691937923431e-02
1.637497544288635254e-02
1.591907814145088196e-02
1.555270794779062271e-02
1.526933442801237106e-02
1.506316754966974258e-02
1.492950227111577988e-02
1.486513577401638031e-02
1.484811492264270782e-02
1.477772742509841919e-02
1.464207936078310013e-02
1.444470137357711792e-02
1.419083774089813232e-02
1.388759352266788483e-02
1.354364957660436630e-02
1.316915452480316162e-02
1.277518086135387421e-02
1.237316895276308060e-02
1.197407208383083344e-02
1.158774644136428833e-02
1.122223120182752609e-02
1.088338624686002731e-02
1.057473942637443542e-02
1.029764674603939056e-02
1.005157176405191422e-02
9.834650903940200806e-03
9.643994271755218506e-03
9.476277977228164673e-03
9.328044019639492035e-03
9.195974096655845642e-03
9.077069349586963654e-03
8.968718349933624268e-03
8.868752047419548035e-03
8.775396272540092468e-03
8.687287569046020508e-03
8.603329770267009735e-03
8.522743359208106995e-03
8.444936014711856842e-03
8.369464427232742310e-03
8.296007290482521057e-03
8.224313147366046906e-03
8.154200389981269836e-03
8.085492067039012909e-03
8.018037304282188416e-03
7.951697334647178650e-03
7.886311970651149750e-03
7.821726612746715546e-03
7.757790852338075638e-03
7.694321684539318085e-03
7.631159387528896332e-03
7.568138651549816132e-03
7.505105342715978622e-03
7.441942580044269562e-03
7.378530688583850861e-03
7.314835209399461746e-03
7.250844035297632217e-03
7.186656817793846130e-03
7.122498005628585815e-03
7.058689370751380920e-03
6.995741277933120728e-03
6.934384349733591080e-03
6.875619757920503616e-03
6.820746231824159622e-03
6.771431304514408112e-03
6.729787215590476990e-03
6.698358803987503052e-03
6.680201739072799683e-03
6.678822450339794159e-03
6.698045413941144943e-03
6.741725374013185501e-03
6.813308224081993103e-03
6.914975121617317200e-03
7.046828512102365494e-03
7.205963134765625000e-03
7.386074867099523544e-03
7.578029762953519821e-03
7.771239615976810455e-03
7.955786772072315216e-03
8.124251849949359894e-03
8.272623643279075623e-03
8.400229737162590027e-03
8.508864790201187134e-03
8.601812645792961121e-03
8.682849816977977753e-03
8.755604736506938934e-03
8.823289535939693451e-03
8.888440206646919250e-03
8.952907286584377289e-03
9.017824195325374603e-03
9.083539247512817383e-03
9.149542078375816345e-03
9.214296005666255951e-03
9.274899028241634369e-03
9.326920844614505768e-03
9.364128112792968750e-03
9.378788992762565613e-03
9.362848475575447083e-03
9.310558438301086426e-03
9.222907014191150665e-03
9.112113155424594879e-03
9.003569371998310089e-03
8.932372555136680603e-03
8.935593999922275543e-03
9.043620899319648743e-03
9.273961186408996582e-03
9.627643972635269165e-03
1.008833851665258408e-02
1.062491163611412048e-02
1.119777653366327286e-02
1.176693104207515717e-02
1.229861378669738770e-02
1.276849489659070969e-02
1.316135004162788391e-02
1.346880756318569183e-02
1.368679292500019073e-02
1.381346303969621658e-02
1.384847424924373627e-02
1.379371713846921921e-02
1.365509442985057831e-02
1.344551704823970795e-02
1.318693906068801880e-02
1.290997583419084549e-02
1.264959946274757385e-02
1.243764068931341171e-02
1.229573599994182587e-02
1.223074551671743393e-02
1.223071757704019547e-02
1.224964391440153122e-02
1.214939076453447342e-02
1.155613921582698822e-02
9.972204454243183136e-03
8.208241313695907593e-03
8.154675364494323730e-03
1.060144882649183273e-02
1.437891554087400436e-02
1.632306911051273346e-02
1.614612154662609100e-02
1.522336713969707489e-02
