4.710274934768676758e-02
4.668403416872024536e-02
4.621757939457893372e-02
4.569847136735916138e-02
4.512210935354232788e-02
4.448394849896430969e-02
4.378015175461769104e-02
4.300782456994056702e-02
4.216530919075012207e-02
4.125246405601501465e-02
4.027035459876060486e-02
3.922019898891448975e-02
3.810071200132369995e-02
3.690281882882118225e-02
3.560090810060501099e-02
3.414208069443702698e-02
3.244352340698242188e-02
3.042729943990707397e-02
2.812585607171058655e-02
2.579185180366039276e-02
2.380744554102420807e-02
2.241093479096889496e-02
2.159087732434272766e-02
2.121135219931602478e-02
2.113900519907474518e-02
2.128290943801403046e-02
2.158831059932708740e-02
2.202180400490760803e-02
2.256030961871147156e-02
2.318437397480010986e-02
2.387452870607376099e-02
2.460923977196216583e-02
2.536389045417308807e-02
2.611025422811508179e-02
2.681631036102771759e-02
2.744661830365657806e-02
2.796309441328048706e-02
2.832692302763462067e-02
2.850144729018211365e-02
2.845678851008415222e-02
2.817551419138908386e-02
2.765828929841518402e-02
2.692648768424987793e-02
2.602070942521095276e-02
2.499477192759513855e-02
2.390917390584945679e-02
2.282510884106159210e-02
2.179823257029056549e-02
2.087178267538547516e-02
2.007129043340682983e-02
1.940408535301685333e-02
1.886346377432346344e-02
1.843440532684326172e-02
1.809883117675781250e-02
1.783910393714904785e-02
1.763961091637611389e-02
1.748743094503879547e-02
1.737214066088199615e-02
1.728555001318454742e-02
1.722120866179466248e-02
1.717412658035755157e-02
1.714037731289863586e-02
1.711694523692131042e-02
1.710143685340881348e-02
1.709204725921154022e-02
1.708729751408100128e-02
1.708613522350788116e-02
1.708771288394927979e-02
1.709146797657012939e-02
1.709697395563125610e-02
1.710400916635990143e-02
1.711248420178890228e-02
1.712242513895034790e-02
1.713402569293975830e-02
1.714762486517429352e-02
1.716362498700618744e-02
1.718259416520595551e-02
1.720527745783329010e-02
1.723257452249526978e-02
1.726552098989486694e-02
1.730543002486228943e-02
1.735384203493595123e-02
1.741252653300762177e-02
1.748358830809593201e-02
1.756944879889488220e-02
1.767285168170928955e-02
1.779692061245441437e-02
1.794494502246379852e-02
1.812052167952060699e-02
1.832722872495651245e-02
1.856852881610393524e-02
1.884760335087776184e-02
1.916704513132572174e-02
1.952872797846794128e-02
1.993366889655590057e-02
2.038183994591236115e-02
2.087199315428733826e-02
2.140158414840698242e-02
2.196648716926574707e-02
2.256077714264392853e-02
2.317642048001289368e-02
2.380298636853694916e-02
2.442721463739871979e-02
2.503264695405960083e-02
2.559935674071311951e-02
2.610364742577075958e-02
2.651858702301979065e-02
2.681501954793930054e-02
2.696372382342815399e-02
2.693881653249263763e-02
2.672189660370349884e-02
2.630645968019962311e-02
2.570109441876411438e-02
2.493048086762428284e-02
2.403304167091846466e-02
2.305566146969795227e-02
2.204667963087558746e-02
2.104933559894561768e-02
2.009756304323673248e-02
1.921434514224529266e-02
1.841271482408046722e-02
1.769811660051345825e-02
1.707095839083194733e-02
1.652863435447216034e-02
1.606722548604011536e-02
1.568230427801609039e-02
1.536952517926692963e-02
1.512500271201133728e-02
1.494539342820644379e-02
1.482810173183679581e-02
1.477137580513954163e-02
1.475635264068841934e-02
1.469406299293041229e-02
1.457345392554998398e-02
1.439646352082490921e-02
1.416605897247791290e-02
1.388634648174047470e-02
1.356266532093286514e-02
1.320170983672142029e-02
1.281160954385995865e-02
1.240194682031869888e-02
1.198348589241504669e-02
1.156759914010763168e-02
1.116545218974351883e-02
1.078686676919460297e-02
1.043946016579866409e-02
1.012798864394426346e-02
9.854247793555259705e-03
9.617569856345653534e-03
9.415400214493274689e-03
9.244059212505817413e-03
9.099386632442474365e-03
8.977199904620647430e-03
8.873585611581802368e-03
8.785061538219451904e-03
8.708613924682140350e-03
8.641750551760196686e-03
8.582364767789840698e-03
8.528837002813816071e-03
8.479804731905460358e-03
8.434202522039413452e-03
8.391187526285648346e-03
8.350016549229621887e-03
8.310039527714252472e-03
8.270569145679473877e-03
8.230861276388168335e-03
8.190005086362361908e-03
8.146892301738262177e-03
8.100160397589206696e-03
8.048252202570438385e-03
7.989374920725822449e-03
7.921672426164150238e-03
7.843337021768093109e-03
7.752935867756605148e-03
7.649648468941450119e-03
7.533683907240629196e-03
7.406511809676885605e-03
7.271112874150276184e-03
7.131848018616437912e-03
6.994058378040790558e-03
6.863465532660484314e-03
6.745443213731050491e-03
6.644419394433498383e-03
6.563561968505382538e-03
6.504821591079235077e-03
6.469172891229391098e-03
6.457077804952859879e-03
6.468835752457380295e-03
6.504904944449663162e-03
6.565916351974010468e-03
6.652431096881628036e-03
6.764206103980541229e-03
6.899116095155477524e-03
7.052008993923664093e-03
7.214226294308900833e-03
7.374731358140707016e-03
7.522690109908580780e-03
7.650469895452260971e-03
7.755181752145290375e-03
7.838254794478416443e-03
7.903727702796459198e-03
7.956570014357566833e-03
8.001707494258880615e-03
8.043620735406875610e-03
8.086590096354484558e-03
8.135106414556503296e-03
8.194418624043464661e-03
8.271086029708385468e-03
8.373066782951354980e-03
8.508462458848953247e-03
8.681507781147956848e-03
8.885835297405719757e-03
9.100173600018024445e-03
9.294241666793823242e-03
9.442134760320186615e-03
9.530156850814819336e-03
9.554854594171047211e-03
9.517958387732505798e-03
9.424129500985145569e-03
9.282276034355163574e-03
9.108647704124450684e-03
8.928139694035053253e-03
8.770412765443325043e-03
8.662094362080097198e-03
8.621190674602985382e-03
8.658790960907936096e-03
8.785115554928779602e-03
9.012853726744651794e-03
9.352925233542919159e-03
9.804015047848224640e-03
1.034354604780673981e-02
1.092926319688558578e-02
1.151221152395009995e-02
1.205150317400693893e-02
1.252152118831872940e-02
1.291053928434848785e-02
1.321595441550016403e-02
1.343967486172914505e-02
1.358529925346374512e-02
1.365687977522611618e-02
1.365850493311882019e-02
1.359427440911531448e-02
1.346869301050901413e-02
1.328705344349145889e-02
1.305607892572879791e-02
1.278461329638957977e-02
1.248411368578672409e-02
1.216901279985904694e-02
1.185633707791566849e-02
1.156467758119106293e-02
1.131274551153182983e-02
1.111790817230939865e-02
1.099531352519989014e-02
1.095732860267162323e-02
1.101302541792392731e-02
1.116658933460712433e-02
1.141492649912834167e-02
1.174610108137130737e-02
1.214118674397468567e-02
1.258000824600458145e-02
1.304743066430091858e-02
