6.444543600082397461e-02
6.249596178531646729e-02
6.059196218848228455e-02
5.873306095600128174e-02
5.691794678568840027e-02
5.514419451355934143e-02
5.340807884931564331e-02
5.170442163944244385e-02
5.002614483237266541e-02
4.836417362093925476e-02
4.670700430870056152e-02
4.504070058465003967e-02
4.334898665547370911e-02
4.161380231380462646e-02
3.981695324182510376e-02
3.794342279434204102e-02
3.598633408546447754e-02
3.395416215062141418e-02
3.187845274806022644e-02
2.981829270720481873e-02
2.785644866526126862e-02
2.608453296124935150e-02
2.458074130117893219e-02
2.339044027030467987e-02
2.252016030251979828e-02
2.194633521139621735e-02
2.163269184529781342e-02
2.154891192913055420e-02
2.168719284236431122e-02
2.207520604133605957e-02
2.277796156704425812e-02
2.386304549872875214e-02
2.530289627611637115e-02
2.687814831733703613e-02
2.825538814067840576e-02
2.921229042112827301e-02
2.972792647778987885e-02
2.988977916538715363e-02
2.979083359241485596e-02
2.949088439345359802e-02
2.901700139045715332e-02
2.837574109435081482e-02
2.756713889539241791e-02
2.659867331385612488e-02
2.549762092530727386e-02
2.431694418191909790e-02
2.312915213406085968e-02
2.200904116034507751e-02
2.101454511284828186e-02
2.017581462860107422e-02
1.949624717235565186e-02
1.896118931472301483e-02
1.854754239320755005e-02
1.823100261390209198e-02
1.798979006707668304e-02
1.780604198575019836e-02
1.766585744917392731e-02
1.755870319902896881e-02
1.747664436697959900e-02
1.741379126906394958e-02
1.736577600240707397e-02
1.732921414077281952e-02
1.730156317353248596e-02
1.728081889450550079e-02
1.726542413234710693e-02
1.725407876074314117e-02
1.724574342370033264e-02
1.723956130445003510e-02
1.723480410873889923e-02
1.723086275160312653e-02
1.722722128033638000e-02
1.722342707216739655e-02
1.721913367509841919e-02
1.721402816474437714e-02
1.720793917775154114e-02
1.720073074102401733e-02
1.719238981604576111e-02
1.718310080468654633e-02
1.717317663133144379e-02
1.716328598558902740e-02
1.715445704758167267e-02
1.714828424155712128e-02
1.714719086885452271e-02
1.715476252138614655e-02
1.717618666589260101e-02
1.721889153122901917e-02
1.729333586990833282e-02
1.741374284029006958e-02
1.759854331612586975e-02
1.786984875798225403e-02
1.825041696429252625e-02
1.875721663236618042e-02
1.939143240451812744e-02
2.012915909290313721e-02
2.092050760984420776e-02
2.170207165181636810e-02
2.241729013621807098e-02
2.303195744752883911e-02
2.353732287883758545e-02
2.394403144717216492e-02
2.427300810813903809e-02
2.454788051545619965e-02
2.478993311524391174e-02
2.501503005623817444e-02
2.523222006857395172e-02
2.544317580759525299e-02
2.564237825572490692e-02
2.581797353923320770e-02
2.595307864248752594e-02
2.602711319923400879e-02
2.601762674748897552e-02
2.590221352875232697e-02
2.566085197031497955e-02
2.527912333607673645e-02
2.475143969058990479e-02
2.408424764871597290e-02
2.329735457897186279e-02
2.242264337837696075e-02
2.149984799325466156e-02
2.057065814733505249e-02
1.967271231114864349e-02
1.883557997643947601e-02
1.807919517159461975e-02
1.741451770067214966e-02
1.684521324932575226e-02
1.637023128569126129e-02
1.598571240901947021e-02
1.568668521940708160e-02
1.546826492995023727e-02
1.532626710832118988e-02
1.525780279189348221e-02
1.523970253765583038e-02
1.516471710056066513e-02
1.502001006156206131e-02
1.480897981673479080e-02
1.453674025833606720e-02
1.421043556183576584e-02
1.383902132511138916e-02
1.343321986496448517e-02
1.300502568483352661e-02
1.256708428263664246e-02
1.213170215487480164e-02
1.171010360121726990e-02
1.131153479218482971e-02
1.094275619834661484e-02
1.060794200748205185e-02
1.030878722667694092e-02
1.004491187632083893e-02
9.814389981329441071e-03
9.614332579076290131e-03
9.441291913390159607e-03
9.291651658713817596e-03
9.161918424069881439e-03
9.048779495060443878e-03
8.949311450123786926e-03
8.860871195793151855e-03
8.781171403825283051e-03
8.708231151103973389e-03
8.640293031930923462e-03
8.575883693993091583e-03
8.513721637427806854e-03
8.452662266790866852e-03
8.391725830733776093e-03
8.330103941261768341e-03
8.267069235444068909e-03
8.202032186090946198e-03
8.134528994560241699e-03
8.064238354563713074e-03
7.990976795554161072e-03
7.914679124951362610e-03
7.835473865270614624e-03
7.753629237413406372e-03
7.669561076909303665e-03
7.583884987980127335e-03
7.497312966734170914e-03
7.410712540149688721e-03
7.325045298784971237e-03
7.241322193294763565e-03
7.160584907978773117e-03
7.083900272846221924e-03
7.012276444584131241e-03
6.946669891476631165e-03
6.887973751872777939e-03
6.837013177573680878e-03
6.794542074203491211e-03
6.761294789612293243e-03
6.737980991601943970e-03
6.725358776748180389e-03
6.724265869706869125e-03
6.735628936439752579e-03
6.760539487004280090e-03
6.800159346312284470e-03
6.855727639049291611e-03
6.928345188498497009e-03
7.018701173365116119e-03
7.126764394342899323e-03
7.251321338117122650e-03
7.389808539301156998e-03
7.538285572081804276e-03
7.692002691328525543e-03
7.846150547266006470e-03
7.996735163033008575e-03
8.141052909195423126e-03
8.277803659439086914e-03
8.406742475926876068e-03
8.528071455657482147e-03
8.641959168016910553e-03
8.748038671910762787e-03
8.845277130603790283e-03
8.932122960686683655e-03
9.006939828395843506e-03
9.068448096513748169e-03
9.116130881011486053e-03
9.150282479822635651e-03
9.171892888844013214e-03
9.182433597743511200e-03
9.183605201542377472e-03
9.177329018712043762e-03
9.165720082819461823e-03
9.151362814009189606e-03
9.137463755905628204e-03
9.128254838287830353e-03
9.129246696829795837e-03
9.147412143647670746e-03
9.191166609525680542e-03
9.269983507692813873e-03
9.393890388309955597e-03
9.572712704539299011e-03
9.815307334065437317e-03
1.012861821800470352e-02
1.051640044897794724e-02
1.097689010202884674e-02
1.149930525571107864e-02
1.205982267856597900e-02
1.261961832642555237e-02
1.312876399606466293e-02
1.353812124580144882e-02
1.381502952426671982e-02
1.395320333540439606e-02
1.397038251161575317e-02
1.389634702354669571e-02
1.376002654433250427e-02
1.358134485781192780e-02
1.336893253028392792e-02
1.312135159969329834e-02
1.283056568354368210e-02
1.248738262802362442e-02
1.208997610956430435e-02
1.165409851819276810e-02
1.121878251433372498e-02
1.083979941904544830e-02
1.057328656315803528e-02
1.046494767069816589e-02
1.055373996496200562e-02
1.088090147823095322e-02
1.148725673556327820e-02
1.239396538585424423e-02
1.358050759881734848e-02
1.497803814709186554e-02
1.648323424160480499e-02
1.798987016081809998e-02
