3.405127499718219042e-04
3.789143520407378674e-04
4.207460151519626379e-04
4.619337560143321753e-04
5.001462996006011963e-04
5.357887130230665207e-04
5.709153483621776104e-04
6.073889671824872494e-04
6.455037510022521019e-04
6.839177221991121769e-04
7.208425085991621017e-04
7.553577888756990433e-04
7.877541938796639442e-04
8.190773660317063332e-04
8.505773730576038361e-04
8.834043401293456554e-04
9.185103699564933777e-04
9.566288208588957787e-04
9.982426417991518974e-04
1.043519238010048866e-03
1.092235324904322624e-03
1.143714296631515026e-03
1.196902827359735966e-03
1.250620931386947632e-03
1.304024597629904747e-03
1.357149798423051834e-03
1.411438686773180962e-03
1.470076269470155239e-03
1.537772943265736103e-03
1.618999056518077850e-03
1.713100471533834934e-03
1.808676403015851974e-03
1.888431957922875881e-03
1.945033553056418896e-03
1.984725939109921455e-03
2.017230493947863579e-03
2.049627481028437614e-03
2.086165826767683029e-03
2.129219239577651024e-03
2.179734874516725540e-03
2.237179316580295563e-03
2.299223095178604126e-03
2.361988881602883339e-03
2.421549521386623383e-03
2.475648885592818260e-03
2.524223644286394119e-03
2.568731550127267838e-03
2.611278789117932320e-03
2.654053969308733940e-03
2.699034521356225014e-03
2.747846767306327820e-03
2.801513299345970154e-03
2.860073000192642212e-03
2.922204555943608284e-03
2.985236467793583870e-03
3.045978257432579994e-03
3.102375427260994911e-03
3.155118785798549652e-03
3.208257490769028664e-03
3.268238622695207596e-03
3.340556519106030464e-03
3.424273803830146790e-03
3.510170616209506989e-03
3.588207531720399857e-03
3.655687905848026276e-03
3.716272301971912384e-03
3.775024320930242538e-03
3.835640149191021919e-03
3.900054376572370529e-03
3.968901932239532471e-03
4.042089451104402542e-03
4.119212273508310318e-03
4.199832212179899216e-03
4.283609334379434586e-03
4.370300564914941788e-03
4.459704738110303879e-03
4.551613237708806992e-03
4.645791370421648026e-03
4.741944838315248489e-03
4.839790984988212585e-03
4.939110018312931061e-03
5.039837677031755447e-03
5.142181646078824997e-03
5.246707703918218613e-03
5.354471504688262939e-03
5.467109382152557373e-03
5.586976185441017151e-03
5.717158783227205276e-03
5.861433222889900208e-03
6.023884285241365433e-03
6.207893136888742447e-03
6.414345931261777878e-03
6.639552768319845200e-03
6.874560844153165817e-03
7.108140271157026291e-03
7.332816720008850098e-03
7.548884022980928421e-03
7.762839086353778839e-03
7.982702925801277161e-03
8.214571513235569000e-03
8.461718447506427765e-03
8.725095540285110474e-03
9.004059247672557831e-03
9.296850301325321198e-03
9.600860998034477234e-03
9.912911802530288696e-03
1.022945065051317215e-02
1.054695621132850647e-02
1.086235418915748596e-02
1.117371488362550735e-02
1.148084737360477448e-02
1.178588252514600754e-02
1.209325622767210007e-02
1.240895781666040421e-02
1.273871585726737976e-02
1.308535877615213394e-02
1.344657409936189651e-02
1.381423044949769974e-02
1.417624298483133316e-02
1.452047191560268402e-02
1.483958028256893158e-02
1.513587310910224915e-02
1.542398799210786819e-02
1.571734249591827393e-02
1.598333567380905151e-02
1.616898365318775177e-02
1.638954319059848785e-02
1.681700535118579865e-02
1.730804145336151123e-02
1.765132509171962738e-02
1.780886948108673096e-02
1.784902252256870270e-02
1.800699345767498016e-02
1.827021315693855286e-02
1.855955831706523895e-02
1.881420984864234924e-02
1.902882568538188934e-02
1.922648027539253235e-02
1.942499168217182159e-02
1.963055133819580078e-02
1.984237320721149445e-02
2.005696669220924377e-02
2.027043886482715607e-02
2.047996409237384796e-02
2.068470045924186707e-02
2.088594622910022736e-02
2.108672633767127991e-02
2.129065431654453278e-02
2.150076813995838165e-02
2.171834930777549744e-02
2.194253914058208466e-02
2.217063866555690765e-02
2.239901386201381683e-02
2.262411266565322876e-02
2.284323237836360931e-02
2.305486053228378296e-02
2.325871586799621582e-02
2.345552667975425720e-02
2.364668622612953186e-02
2.383408509194850922e-02
2.401976101100444794e-02
2.420575730502605438e-02
2.439394406974315643e-02
2.458596602082252502e-02
2.478301711380481720e-02
2.498586103320121765e-02
2.519471757113933563e-02
2.540919557213783264e-02
2.562833204865455627e-02
2.585056610405445099e-02
2.607396058738231659e-02
2.629623562097549438e-02
2.651509642601013184e-02
2.672840282320976257e-02
2.693453431129455566e-02
2.713248692452907562e-02
2.732212282717227936e-02
2.750424109399318695e-02
2.768052928149700165e-02
2.785344980657100677e-02
2.802610769867897034e-02
2.820186689496040344e-02
2.838419191539287567e-02
2.857621200382709503e-02
2.878044731914997101e-02
2.899850904941558838e-02
2.923092991113662720e-02
2.947709523141384125e-02
2.973534725606441498e-02
3.000327944755554199e-02
3.027798049151897430e-02
3.055666387081146240e-02
3.083676286041736603e-02
3.111648559570312500e-02
3.139484673738479614e-02
3.167177364230155945e-02
3.194805234670639038e-02
3.222525864839553833e-02
3.250558674335479736e-02
3.279170021414756775e-02
3.308668732643127441e-02
3.339388966560363770e-02
3.371690586209297180e-02
3.405932709574699402e-02
3.442425280809402466e-02
3.481282666325569153e-02
3.522209078073501587e-02
3.564262762665748596e-02
3.605845943093299866e-02
3.645136207342147827e-02
3.680866584181785583e-02
3.712856024503707886e-02
3.741951286792755127e-02
3.769519925117492676e-02
3.796958550810813904e-02
3.825404495000839233e-02
3.855608031153678894e-02
3.888080641627311707e-02
3.923653438687324524e-02
3.964440524578094482e-02
4.014127328991889954e-02
4.074377194046974182e-02
4.137717187404632568e-02
4.193029180169105530e-02
4.239665716886520386e-02
4.284640029072761536e-02
4.337237402796745300e-02
4.405051842331886292e-02
4.486417397856712341e-02
4.568154364824295044e-02
4.637752100825309753e-02
4.693739116191864014e-02
4.742311313748359680e-02
4.791095852851867676e-02
4.846174269914627075e-02
4.908579587936401367e-02
4.967012628912925720e-02
5.006286874413490295e-02
5.037827789783477783e-02
5.083889514207839966e-02
5.149060860276222229e-02
5.226656794548034668e-02
5.309624224901199341e-02
5.392949655652046204e-02
5.472843348979949951e-02
5.546399578452110291e-02
5.612208321690559387e-02
5.671488121151924133e-02
5.728727579116821289e-02
5.790913477540016174e-02
5.864878371357917786e-02
5.953593924641609192e-02
6.054436042904853821e-02
6.161967664957046509e-02
6.273233890533447266e-02
6.390108913183212280e-02
6.516852229833602905e-02
6.655751168727874756e-02
6.804548203945159912e-02
6.957142055034637451e-02
7.106259465217590332e-02
