5.331984139047563076e-04
5.445067072287201881e-04
5.568863707594573498e-04
5.704486975446343422e-04
5.853100446984171867e-04
6.015999242663383484e-04
6.194565212354063988e-04
6.390272174030542374e-04
6.604660302400588989e-04
6.839311099611222744e-04
7.095858454704284668e-04
7.375894929282367229e-04
7.680928101763129234e-04
8.012353209778666496e-04
8.371341973543167114e-04
8.758773328736424446e-04
9.175132145173847675e-04
9.620425407774746418e-04
1.009412808343768120e-03
1.059510861523449421e-03
1.112160156480967999e-03
1.167130889371037483e-03
1.224131206981837749e-03
1.282831304706633091e-03
1.342871342785656452e-03
1.403874019160866737e-03
1.465469365939497948e-03
1.527300919406116009e-03
1.589041203260421753e-03
1.650410704314708710e-03
1.711169490590691566e-03
1.771134906448423862e-03
1.830173190683126450e-03
1.888197381049394608e-03
1.945168944075703621e-03
2.001084620133042336e-03
2.055978868156671524e-03
2.109910827130079269e-03
2.162965014576911926e-03
2.215246902778744698e-03
2.266864990815520287e-03
2.317947568371891975e-03
2.368624089285731316e-03
2.419031690806150436e-03
2.469308674335479736e-03
2.519592409953474998e-03
2.570027019828557968e-03
2.620744053274393082e-03
2.671878552064299583e-03
2.723556244745850563e-03
2.775905886664986610e-03
2.829045988619327545e-03
2.883082954213023186e-03
2.938126446679234505e-03
2.994263311848044395e-03
3.051583888009190559e-03
3.110153833404183388e-03
3.170040436089038849e-03
3.231285139918327332e-03
3.293929388746619225e-03
3.357993671670556068e-03
3.423491027206182480e-03
3.490424482151865959e-03
3.558781929314136505e-03
3.628545440733432770e-03
3.699703142046928406e-03
3.772224299609661102e-03
3.846091916784644127e-03
3.921294119209051132e-03
3.997814841568470001e-03
4.075667820870876312e-03
4.154880531132221222e-03
4.235499072819948196e-03
4.317602142691612244e-03
4.401301965117454529e-03
4.486740101128816605e-03
4.574113991111516953e-03
4.663659259676933289e-03
4.755673930048942566e-03
4.850505385547876358e-03
4.948584362864494324e-03
5.050390493124723434e-03
5.156496074050664902e-03
5.267536733299493790e-03
5.384230054914951324e-03
5.507377907633781433e-03
5.637838505208492279e-03
5.776518024504184723e-03
5.924362223595380783e-03
6.082308012992143631e-03
6.251236889511346817e-03
6.431899033486843109e-03
6.624865811318159103e-03
6.830418482422828674e-03
7.048493716865777969e-03
7.278584875166416168e-03
7.519725244492292404e-03
7.770478725433349609e-03
8.029016666114330292e-03
8.293288759887218475e-03
8.561183698475360870e-03
8.830875158309936523e-03
9.101041592657566071e-03
9.371163323521614075e-03
9.641734883189201355e-03
9.914344176650047302e-03
1.019164174795150757e-02
1.047706138342618942e-02
1.077434234321117401e-02
1.108675356954336166e-02
1.141612045466899872e-02
1.176189258694648743e-02
1.212051138281822205e-02
1.248542591929435730e-02
1.284815929830074310e-02
1.319986395537853241e-02
1.353340316563844681e-02
1.384505443274974823e-02
1.413603778928518295e-02
1.441364549100399017e-02
1.469194982200860977e-02
1.499034557491540909e-02
1.532800961285829544e-02
1.571352221071720123e-02
1.613496802747249603e-02
1.656056940555572510e-02
1.695178449153900146e-02
1.727843098342418671e-02
1.752477139234542847e-02
1.768644154071807861e-02
1.776444166898727417e-02
1.778507046401500702e-02
1.787025853991508484e-02
1.803343929350376129e-02
1.826659590005874634e-02
1.855410635471343994e-02
1.887199096381664276e-02
1.919182948768138885e-02
1.948910951614379883e-02
1.975097134709358215e-02
1.997786015272140503e-02
2.017880044877529144e-02
2.036507613956928253e-02
2.054602652788162231e-02
2.072777599096298218e-02
2.091359160840511322e-02
2.110476978123188019e-02
2.130155079066753387e-02
2.150349877774715424e-02
2.170990407466888428e-02
2.191984280943870544e-02
2.213237993419170380e-02
2.234656549990177155e-02
2.256151847541332245e-02
2.277647517621517181e-02
2.299079857766628265e-02
2.320397086441516876e-02
2.341569028794765472e-02
2.362570539116859436e-02
2.383391745388507843e-02
2.404030971229076385e-02
2.424488589167594910e-02
2.444777265191078186e-02
2.464908733963966370e-02
2.484898269176483154e-02
2.504765987396240234e-02
2.524527721107006073e-02
2.544206567108631134e-02
2.563822641968727112e-02
2.583401650190353394e-02
2.602968551218509674e-02
2.622547559440135956e-02
2.642169967293739319e-02
2.661863341927528381e-02
2.681656926870346069e-02
2.701577916741371155e-02
2.721657603979110718e-02
2.741923928260803223e-02
2.762403525412082672e-02
2.783118374645709991e-02
2.804092690348625183e-02
2.825348265469074249e-02
2.846894785761833191e-02
2.868755348026752472e-02
2.890938147902488708e-02
2.913454733788967133e-02
2.936315909028053284e-02
2.959535829722881317e-02
2.983126416802406311e-02
3.007108159363269806e-02
3.031506389379501343e-02
3.056354261934757233e-02
3.081702440977096558e-02
3.107607923448085785e-02
3.134150058031082153e-02
3.161427751183509827e-02
3.189551830291748047e-02
3.218650072813034058e-02
3.248853236436843872e-02
3.280291706323623657e-02
3.313061967492103577e-02
3.347216546535491943e-02
3.382721543312072754e-02
3.419442847371101379e-02
3.457120433449745178e-02
3.495373204350471497e-02
3.533724322915077209e-02
3.571661561727523804e-02
3.608695417642593384e-02
3.644442930817604065e-02
3.678695857524871826e-02
3.711444512009620667e-02
3.742896020412445068e-02
3.773456066846847534e-02
3.803698718547821045e-02
3.834315016865730286e-02
3.866069018840789795e-02
3.899759054183959961e-02
3.936151415109634399e-02
3.975918143987655640e-02
4.019590467214584351e-02
4.067475348711013794e-02
4.119609296321868896e-02
4.175724089145660400e-02
4.235249012708663940e-02
4.297359287738800049e-02
4.361062124371528625e-02
4.425328224897384644e-02
4.489218071103096008e-02
4.551982134580612183e-02
4.613144695758819580e-02
4.672523215413093567e-02
4.730214923620223999e-02
4.786526039242744446e-02
4.841919243335723877e-02
4.896917939186096191e-02
4.952053725719451904e-02
5.007785931229591370e-02
5.064504593610763550e-02
5.122499167919158936e-02
5.181995779275894165e-02
5.243159830570220947e-02
5.306150019168853760e-02
5.371139571070671082e-02
5.438331514596939087e-02
5.507964640855789185e-02
5.580312758684158325e-02
5.655675753951072693e-02
5.734369903802871704e-02
5.816729366779327393e-02
5.903107672929763794e-02
5.993885174393653870e-02
6.089473143219947815e-02
6.190342083573341370e-02
6.297044456005096436e-02
6.410219520330429077e-02
6.530633568763732910e-02
6.659202277660369873e-02
6.797009706497192383e-02
6.945333629846572876e-02
7.105692476034164429e-02
