4.179143288638442755e-04
4.278599808458238840e-04
4.430397530086338520e-04
4.649712354876101017e-04
4.943414242006838322e-04
5.302825593389570713e-04
5.704179638996720314e-04
6.118263700045645237e-04
6.522036273963749409e-04
6.904082838445901871e-04
7.263394072651863098e-04
7.605285500176250935e-04
7.937707705423235893e-04
8.268829551525413990e-04
8.605820476077497005e-04
8.954301010817289352e-04
9.318175143562257290e-04
9.699861984699964523e-04
1.010093023069202900e-03
1.052294275723397732e-03
1.096858060918748379e-03
1.144241192378103733e-03
1.195097109302878380e-03
1.250154571607708931e-03
1.309989835135638714e-03
1.374678802676498890e-03
1.443560002371668816e-03
1.515183830633759499e-03
1.587613485753536224e-03
1.658897381275892258e-03
1.727523631416261196e-03
1.792639610357582569e-03
1.854028087109327316e-03
1.911930507048964500e-03
1.966843847185373306e-03
2.019349252805113792e-03
2.070015063509345055e-03
2.119353972375392914e-03
2.167805563658475876e-03
2.215722342953085899e-03
2.263404428958892822e-03
2.311090938746929169e-03
2.358990721404552460e-03
2.407267922535538673e-03
2.456063404679298401e-03
2.505502430722117424e-03
2.555676503106951714e-03
2.606680151075124741e-03
2.658575074747204781e-03
2.711420413106679916e-03
2.765254350379109383e-03
2.820106921717524529e-03
2.875995356589555740e-03
2.932931995019316673e-03
2.990912878885865211e-03
3.049927763640880585e-03
3.109976882115006447e-03
3.171035088598728180e-03
3.233100753277540207e-03
3.296156413853168488e-03
3.360201139003038406e-03
3.425240749493241310e-03
3.491283860057592392e-03
3.558345604687929153e-03
3.626472083851695061e-03
3.695692634209990501e-03
3.766061505302786827e-03
3.837642725557088852e-03
3.910504747182130814e-03
3.984719980508089066e-03
4.060382489114999771e-03
4.137571901082992554e-03
4.216379020363092422e-03
4.296898376196622849e-03
4.379238002002239227e-03
4.463518969714641571e-03
4.549885168671607971e-03
4.638529382646083832e-03
4.729682113975286484e-03
4.823695402592420578e-03
4.920999985188245773e-03
5.022181663662195206e-03
5.127974785864353180e-03
5.239276681095361710e-03
5.357111338526010513e-03
5.482580512762069702e-03
5.616724956780672073e-03
5.760451313108205795e-03
5.914311390370130539e-03
6.078432314097881317e-03
6.252480670809745789e-03
6.435772404074668884e-03
6.627515424042940140e-03
6.827041972428560257e-03
7.034028414636850357e-03
7.248588837683200836e-03
7.471197750419378281e-03
7.702462375164031982e-03
7.942918688058853149e-03
8.192825131118297577e-03
8.452002890408039093e-03
8.719821460545063019e-03
8.995247073471546173e-03
9.276988916099071503e-03
9.563689120113849640e-03
9.854103438556194305e-03
1.014734804630279541e-02
1.044303644448518753e-02
1.074143406003713608e-02
1.104348618537187576e-02
1.135071273893117905e-02
1.166506577283143997e-02
1.198849361389875412e-02
1.232228614389896393e-02
1.266640424728393555e-02
1.301863975822925568e-02
1.337414234876632690e-02
1.372566353529691696e-02
1.406471151858568192e-02
1.438356004655361176e-02
1.467795856297016144e-02
1.494992338120937347e-02
1.521021965891122818e-02
1.547881215810775757e-02
1.577921397984027863e-02
1.612316444516181946e-02
1.649390533566474915e-02
1.684833504259586334e-02
1.714057847857475281e-02
1.734175533056259155e-02
1.744083315134048462e-02
1.746719703078269958e-02
1.757674291729927063e-02
1.778826303780078888e-02
1.808946952223777771e-02
1.844790019094944000e-02
1.881165988743305206e-02
1.913229376077651978e-02
1.939161308109760284e-02
1.960264891386032104e-02
1.978941820561885834e-02
1.997100375592708588e-02
2.015780843794345856e-02
2.035382017493247986e-02
2.055957540869712830e-02
2.077384479343891144e-02
2.099468931555747986e-02
2.121992036700248718e-02
2.144740708172321320e-02
2.167516387999057770e-02
2.190142311155796051e-02
2.212466113269329071e-02
2.234361134469509125e-02
2.255736477673053741e-02
2.276540920138359070e-02
2.296773716807365417e-02
2.316478639841079712e-02
2.335747145116329193e-02
2.354699186980724335e-02
2.373472973704338074e-02
2.392226085066795349e-02
2.411108464002609253e-02
2.430256269872188568e-02
2.449795603752136230e-02
2.469813264906406403e-02
2.490363642573356628e-02
2.511450462043285370e-02
2.533023990690708160e-02
2.554968185722827911e-02
2.577119506895542145e-02
2.599255368113517761e-02
2.621141634881496429e-02
2.642557397484779358e-02
2.663323469460010529e-02
2.683344297111034393e-02
2.702618017792701721e-02
2.721237577497959137e-02
2.739376202225685120e-02
2.757257223129272461e-02
2.775145880877971649e-02
2.793305367231369019e-02
2.811987511813640594e-02
2.831411920487880707e-02
2.851747348904609680e-02
2.873105928301811218e-02
2.895531989634037018e-02
2.918993681669235229e-02
2.943398989737033844e-02
2.968600578606128693e-02
2.994417026638984680e-02
3.020665608346462250e-02
3.047191724181175232e-02
3.073886968195438385e-02
3.100712783634662628e-02
3.127701580524444580e-02
3.154965862631797791e-02
3.182671591639518738e-02
3.211027011275291443e-02
3.240256756544113159e-02
3.270573168992996216e-02
3.302149847149848938e-02
3.335091099143028259e-02
3.369406610727310181e-02
3.405005112290382385e-02
3.441672772169113159e-02
3.479091078042984009e-02
3.516855090856552124e-02
3.554517403244972229e-02
3.591642528772354126e-02
3.627851232886314392e-02
3.662884235382080078e-02
3.696634247899055481e-02
3.729172796010971069e-02
3.760747984051704407e-02
3.791771829128265381e-02
3.822801634669303894e-02
3.854489326477050781e-02
3.887555748224258423e-02
3.922726213932037354e-02
3.960703313350677490e-02
4.002089053392410278e-02
4.047362133860588074e-02
4.096810519695281982e-02
4.150500893592834473e-02
4.208240285515785217e-02
4.269583895802497864e-02
4.333830252289772034e-02
4.400058463215827942e-02
4.467206820845603943e-02
4.534136131405830383e-02
4.599722102284431458e-02
4.662963375449180603e-02
4.723060503602027893e-02
4.779502749443054199e-02
4.832142218947410583e-02
4.881263896822929382e-02
4.927700757980346680e-02
4.972927644848823547e-02
5.019181221723556519e-02
5.069452151656150818e-02
5.127120018005371094e-02
5.194760859012603760e-02
5.272287875413894653e-02
5.355589836835861206e-02
5.437932536005973816e-02
5.513859167695045471e-02
5.582160875201225281e-02
5.645581707358360291e-02
5.708676576614379883e-02
5.775939673185348511e-02
5.850788578391075134e-02
5.935288965702056885e-02
6.030137464404106140e-02
6.134989857673645020e-02
6.248878315091133118e-02
6.370688974857330322e-02
6.499509513378143311e-02
6.634797155857086182e-02
6.776355206966400146e-02
6.924317777156829834e-02
7.078994065523147583e-02
