2.841490204446017742e-04
2.939765108749270439e-04
3.059299488086253405e-04
3.204323293175548315e-04
3.378700639586895704e-04
3.584981313906610012e-04
3.823429287876933813e-04
4.091421433258801699e-04
4.383669875096529722e-04
4.693322407547384501e-04
5.013316986151039600e-04
5.337317707017064095e-04
5.660046008415520191e-04
5.977317923679947853e-04
6.285970448516309261e-04
6.583968643099069595e-04
6.870551151223480701e-04
7.146191783249378204e-04
7.412504637613892555e-04
7.671992643736302853e-04
7.927717524580657482e-04
8.183073950931429863e-04
8.441543905064463615e-04
8.706601802259683609e-04
8.981617866083979607e-04
9.269860456697642803e-04
9.574521682225167751e-04
9.898673743009567261e-04
1.024526078253984451e-03
1.061708433553576469e-03
1.101666712202131748e-03
1.144612906500697136e-03
1.190697425045073032e-03
1.239987206645309925e-03
1.292447443120181561e-03
1.347922487184405327e-03
1.406121300533413887e-03
1.466636429540812969e-03
1.528963563032448292e-03
1.592525513842701912e-03
1.656725420616567135e-03
1.721000997349619865e-03
1.784849213436245918e-03
1.847874489612877369e-03
1.909785089083015919e-03
1.970410812646150589e-03
2.029692521318793297e-03
2.087659202516078949e-03
2.144412137567996979e-03
2.200108021497726440e-03
2.254938008263707161e-03
2.309109549969434738e-03
2.362844068557024002e-03
2.416353207081556320e-03
2.469854895025491714e-03
2.523541916161775589e-03
2.577600535005331039e-03
2.632202114909887314e-03
2.687501022592186928e-03
2.743629505857825279e-03
2.800715388730168343e-03
2.858855994418263435e-03
2.918146317824721336e-03
2.978654112666845322e-03
3.040445735678076744e-03
3.103559836745262146e-03
3.168029244989156723e-03
3.233881434425711632e-03
3.301121294498443604e-03
3.369756042957305908e-03
3.439788939431309700e-03
3.511201124638319016e-03
3.583999350666999817e-03
3.658181056380271912e-03
3.733739955350756645e-03
3.810703055933117867e-03
3.889086423441767693e-03
3.968941513448953629e-03
4.050325136631727219e-03
4.133324138820171356e-03
4.218048881739377975e-03
4.304641392081975937e-03
4.393270704895257950e-03
4.484140314161777496e-03
4.577486775815486908e-03
4.673588555306196213e-03
4.772752989083528519e-03
4.875327460467815399e-03
4.981690552085638046e-03
5.092270672321319580e-03
5.207505077123641968e-03
5.327892489731311798e-03
5.453933030366897583e-03
5.586181301623582840e-03
5.725187715142965317e-03
5.871564149856567383e-03
6.025915034115314484e-03
6.188897415995597839e-03
6.361170671880245209e-03
6.543426308780908585e-03
6.736378651112318039e-03
6.940731778740882874e-03
7.157198619097471237e-03
7.386388722807168961e-03
7.628827355802059174e-03
7.884816266596317291e-03
8.154324255883693695e-03
8.436874486505985260e-03
8.731407113373279572e-03
9.036149829626083374e-03
9.348592720925807953e-03
9.665505029261112213e-03
9.983127005398273468e-03
1.029741391539573669e-02
1.060448028147220612e-02
1.090114936232566833e-02
1.118557062000036240e-02
1.145811378955841064e-02
1.172233931720256805e-02
1.198604330420494080e-02
1.226161699742078781e-02
1.256424468010663986e-02
1.290650013834238052e-02
1.329023577272891998e-02
1.370046008378267288e-02
1.410792768001556396e-02
1.447981875389814377e-02
1.479066815227270126e-02
1.502638123929500580e-02
1.518210303038358688e-02
1.525757368654012680e-02
1.527757477015256882e-02
1.536041498184204102e-02
1.552013400942087173e-02
1.575110480189323425e-02
1.604143343865871429e-02
1.637119799852371216e-02
1.671444065868854523e-02
1.704548485577106476e-02
1.734702289104461670e-02
1.761409640312194824e-02
1.785194128751754761e-02
1.807026565074920654e-02
1.827834546566009521e-02
1.848266832530498505e-02
1.868674531579017639e-02
1.889198087155818939e-02
1.909840106964111328e-02
1.930557191371917725e-02
1.951282471418380737e-02
1.971952430903911591e-02
1.992526836693286896e-02
2.012977004051208496e-02
2.033300325274467468e-02
2.053503319621086121e-02
2.073610760271549225e-02
2.093653753399848938e-02
2.113666757941246033e-02
2.133689634501934052e-02
2.153752930462360382e-02
2.173887006938457489e-02
2.194113656878471375e-02
2.214444987475872040e-02
2.234889194369316101e-02
2.255447767674922943e-02
2.276111766695976257e-02
2.296869643032550812e-02
2.317701466381549835e-02
2.338584885001182556e-02
2.359493635594844818e-02
2.380396053194999695e-02
2.401267364621162415e-02
2.422067523002624512e-02
2.442769706249237061e-02
2.463343180716037750e-02
2.483761124312877655e-02
2.503997460007667542e-02
2.524040825664997101e-02
2.543880231678485870e-02
2.563513070344924927e-02
2.582948468625545502e-02
2.602204494178295135e-02
2.621312811970710754e-02
2.640310302376747131e-02
2.659252658486366272e-02
2.678196877241134644e-02
2.697213925421237946e-02
2.716385200619697571e-02
2.735788002610206604e-02
2.755507826805114746e-02
2.775629051029682159e-02
2.796232700347900391e-02
2.817388810217380524e-02
2.839154563844203949e-02
2.861572988331317902e-02
2.884669229388237000e-02
2.908448874950408936e-02
2.932894974946975708e-02
2.957980707287788391e-02
2.983654104173183441e-02
3.009867295622825623e-02
3.036570549011230469e-02
3.063726983964443207e-02
3.091310895979404449e-02
3.119332157075405121e-02
3.147824481129646301e-02
3.176853433251380920e-02
3.206507861614227295e-02
3.236896544694900513e-02
3.268129006028175354e-02
3.300301730632781982e-02
3.333477303385734558e-02
3.367670625448226929e-02
3.402833268046379089e-02
3.438854217529296875e-02
3.475558385252952576e-02
3.512729704380035400e-02
3.550129383802413940e-02
3.587531670928001404e-02
3.624760359525680542e-02
3.661718219518661499e-02
3.698394820094108582e-02
3.734898939728736877e-02
3.771435841917991638e-02
3.808316960930824280e-02
3.845928981900215149e-02
3.884712234139442444e-02
3.925132378935813904e-02
3.967650979757308960e-02
4.012692719697952271e-02
4.060604050755500793e-02
4.111642763018608093e-02
4.165939241647720337e-02
4.223485663533210754e-02
4.284147173166275024e-02
4.347649589180946350e-02
4.413629695773124695e-02
4.481647908687591553e-02
4.551254957914352417e-02
4.622005298733711243e-02
4.693484678864479065e-02
4.765351861715316772e-02
4.837293177843093872e-02
4.909044876694679260e-02
4.980383440852165222e-02
5.051114037632942200e-02
5.121091753244400024e-02
5.190235003829002380e-02
5.258559808135032654e-02
5.326195061206817627e-02
5.393411591649055481e-02
5.460599437355995178e-02
5.528266727924346924e-02
5.597005784511566162e-02
5.667489394545555115e-02
5.740423873066902161e-02
5.816528573632240295e-02
5.896534398198127747e-02
5.981170758605003357e-02
6.071147322654724121e-02
6.167168170213699341e-02
