1.939966168720275164e-04
2.068316680379211903e-04
2.286588132847100496e-04
2.608702634461224079e-04
2.990401699207723141e-04
3.361681301612406969e-04
3.701003442984074354e-04
4.027955874335020781e-04
4.358542500995099545e-04
4.692354123108088970e-04
5.022721015848219395e-04
5.346148973330855370e-04
5.663008778356015682e-04
5.974005325697362423e-04
6.278100190684199333e-04
6.573236896656453609e-04
6.858059205114841461e-04
7.132996106520295143e-04
7.400195463560521603e-04
7.662855205126106739e-04
7.924428791739046574e-04
8.188203210011124611e-04
8.457013173028826714e-04
8.733315626159310341e-04
9.019308490678668022e-04
9.317038930021226406e-04
9.628614061512053013e-04
9.956316789612174034e-04
1.030262210406363010e-03
1.067034900188446045e-03
1.106248819269239902e-03
1.148212235420942307e-03
1.193220261484384537e-03
1.241515390574932098e-03
1.293247332796454430e-03
1.348434598185122013e-03
1.406924333423376083e-03
1.468372880481183529e-03
1.532252295874059200e-03
1.597888069227337837e-03
1.664508949033915997e-03
1.731332740746438503e-03
1.797633129172027111e-03
1.862799748778343201e-03
1.926380791701376438e-03
1.988094067201018333e-03
2.047816291451454163e-03
2.105563180521130562e-03
2.161465119570493698e-03
2.215730724856257439e-03
2.268627751618623734e-03
2.320454223081469536e-03
2.371522597968578339e-03
2.422153251245617867e-03
2.472660737112164497e-03
2.523335395380854607e-03
2.574471291154623032e-03
2.626340137794613838e-03
2.679181983694434166e-03
2.733229892328381538e-03
2.788689918816089630e-03
2.845730632543563843e-03
2.904507797211408615e-03
2.965132705867290497e-03
3.027673810720443726e-03
3.092164639383554459e-03
3.158585168421268463e-03
3.226876957342028618e-03
3.296925686299800873e-03
3.368582343682646751e-03
3.441656008362770081e-03
3.515944350510835648e-03
3.591242013499140739e-03
3.667349927127361298e-03
3.744106041267514229e-03
3.821390913799405098e-03
3.899143077433109283e-03
3.977368585765361786e-03
4.056131001561880112e-03
4.135572351515293121e-03
4.215886350721120834e-03
4.297359380871057510e-03
4.380316939204931259e-03
4.465165548026561737e-03
4.552341997623443604e-03
4.642368294298648834e-03
4.735798109322786331e-03
4.833236336708068848e-03
4.935314878821372986e-03
5.042700562626123428e-03
5.156055558472871780e-03
5.276056006550788879e-03
5.403331946581602097e-03
5.538496654480695724e-03
5.682068876922130585e-03
5.834498442709445953e-03
5.996128078550100327e-03
6.167174316942691803e-03
6.347733549773693085e-03
6.537808571010828018e-03
6.737282034009695053e-03
6.945988629013299942e-03
7.163744885474443436e-03
7.390400394797325134e-03
7.625856436789035797e-03
7.870147004723548889e-03
8.123363368213176727e-03
8.385669440031051636e-03
8.657222613692283630e-03
8.938018232583999634e-03
9.227831847965717316e-03
9.526052512228488922e-03
9.831614792346954346e-03
1.014302857220172882e-02
1.045838277786970139e-02
1.077535282820463181e-02
1.109135989099740982e-02
1.140346005558967590e-02
1.170852594077587128e-02
1.200327370315790176e-02
1.228473801165819168e-02
1.255116611719131470e-02
1.280417665839195251e-02
1.305212918668985367e-02
1.331267692148685455e-02
1.360774692147970200e-02
1.394425146281719208e-02
1.429356634616851807e-02
1.460108999162912369e-02
1.482048537582159042e-02
1.493002846837043762e-02
1.495929341763257980e-02
1.508121006190776825e-02
1.531679276376962662e-02
1.564768142998218536e-02
1.602596603333950043e-02
1.638870500028133392e-02
1.669876836240291595e-02
1.696003414690494537e-02
1.719500683248043060e-02
1.742225326597690582e-02
1.765041612088680267e-02
1.788128539919853210e-02
1.811341755092144012e-02
1.834465563297271729e-02
1.857303455471992493e-02
1.879721134901046753e-02
1.901644468307495117e-02
1.923062466084957123e-02
1.944003254175186157e-02
1.964534074068069458e-02
1.984738558530807495e-02
2.004711888730525970e-02
2.024546265602111816e-02
2.044325508177280426e-02
2.064120583236217499e-02
2.083992213010787964e-02
2.103979326784610748e-02
2.124105021357536316e-02
2.144376374781131744e-02
2.164789102971553802e-02
2.185323461890220642e-02
2.205953374505043030e-02
2.226649038493633270e-02
2.247376181185245514e-02
2.268099784851074219e-02
2.288791537284851074e-02
2.309422940015792847e-02
2.329973503947257996e-02
2.350427024066448212e-02
2.370772883296012878e-02
2.391003631055355072e-02
2.411122433841228485e-02
2.431127615272998810e-02
2.451031096279621124e-02
2.470840699970722198e-02
2.490573376417160034e-02
2.510242350399494171e-02
2.529865689575672150e-02
2.549461275339126587e-02
2.569045312702655792e-02
2.588638104498386383e-02
2.608254551887512207e-02
2.627912536263465881e-02
2.647624164819717407e-02
2.667406946420669556e-02
2.687272801995277405e-02
2.707236632704734802e-02
2.727314829826354980e-02
2.747532725334167480e-02
2.767915092408657074e-02
2.788496389985084534e-02
2.809319086372852325e-02
2.830436266958713531e-02
2.851914614439010620e-02
2.873827330768108368e-02
2.896253392100334167e-02
2.919273264706134796e-02
2.942968159914016724e-02
2.967405319213867188e-02
2.992635034024715424e-02
3.018688596785068512e-02
3.045568987727165222e-02
3.073256649076938629e-02
3.101712279021739960e-02
3.130890801548957825e-02
3.160738199949264526e-02
3.191219270229339600e-02
3.222301974892616272e-02
3.253971040248870850e-02
3.286229446530342102e-02
3.319073095917701721e-02
3.352498635649681091e-02
3.386490046977996826e-02
3.421008214354515076e-02
3.456000983715057373e-02
3.491397947072982788e-02
3.527118638157844543e-02
3.563088178634643555e-02
3.599246963858604431e-02
3.635565191507339478e-02
3.672054782509803772e-02
3.708778694272041321e-02
3.745853155851364136e-02
3.783442452549934387e-02
3.821768239140510559e-02
3.861089795827865601e-02
3.901688382029533386e-02
3.943869844079017639e-02
3.987931460142135620e-02
4.034157097339630127e-02
4.082800075411796570e-02
4.134061932563781738e-02
4.188089817762374878e-02
4.244963452219963074e-02
4.304677993059158325e-02
4.367141053080558777e-02
4.432182013988494873e-02
4.499544948339462280e-02
4.568891227245330811e-02
4.639820381999015808e-02
4.711887240409851074e-02
4.784609749913215637e-02
4.857505485415458679e-02
4.930115118622779846e-02
5.002022162079811096e-02
5.072883144021034241e-02
5.142457038164138794e-02
5.210608243942260742e-02
5.277350544929504395e-02
5.342850089073181152e-02
5.407451838254928589e-02
5.471692606806755066e-02
5.536348372697830200e-02
5.602446570992469788e-02
5.671319738030433655e-02
5.744654312729835510e-02
5.824534967541694641e-02
5.913479253649711609e-02
6.014452502131462097e-02
6.130803748965263367e-02
