1.616943482076749206e-04
1.857138413470238447e-04
2.240450121462345123e-04
2.527427568566054106e-04
2.843612164724618196e-04
3.180335042998194695e-04
3.518816665746271610e-04
3.872835659421980381e-04
4.237863759044557810e-04
4.590878961607813835e-04
4.919351777061820030e-04
5.229785456322133541e-04
5.535598029382526875e-04
5.844989209435880184e-04
6.157390889711678028e-04
6.466419436037540436e-04
6.765146390534937382e-04
7.050080457702279091e-04
7.322172168642282486e-04
7.585492567159235477e-04
7.844899082556366920e-04
8.104472653940320015e-04
8.366740075871348381e-04
8.633144898340106010e-04
8.904858841560781002e-04
9.183724760077893734e-04
9.472999372519552708e-04
9.777569212019443512e-04
1.010395702905952930e-03
1.045967219397425652e-03
1.085212687030434608e-03
1.128663658164441586e-03
1.176372636109590530e-03
1.227641245350241661e-03
1.280955970287322998e-03
1.334343105554580688e-03
1.386249321512877941e-03
1.436608959920704365e-03
1.487583969719707966e-03
1.543207676149904728e-03
1.607498736120760441e-03
1.681373920291662216e-03
1.760943210683763027e-03
1.839842763729393482e-03
1.913494314067065716e-03
1.980687491595745087e-03
2.042353618890047073e-03
2.099945908412337303e-03
2.154680900275707245e-03
2.207444515079259872e-03
2.258895896375179291e-03
2.309557748958468437e-03
2.359876176342368126e-03
2.410205779597163200e-03
2.460787771269679070e-03
2.511704806238412857e-03
2.562886103987693787e-03
2.614135155454277992e-03
2.665284555405378342e-03
2.716513117775321007e-03
2.768872538581490517e-03
2.824881579726934433e-03
2.888553310185670853e-03
2.963093807920813560e-03
3.045178717002272606e-03
3.121676156297326088e-03
3.180210711434483528e-03
3.224002663046121597e-03
3.269319422543048859e-03
3.331650979816913605e-03
3.414610167965292931e-03
3.508569439873099327e-03
3.601321484893560410e-03
3.687011776491999626e-03
3.765703644603490829e-03
3.839770564809441566e-03
3.911797888576984406e-03
3.983908332884311676e-03
4.057753365486860275e-03
4.134537652134895325e-03
4.214953631162643433e-03
4.299016669392585754e-03
4.385978914797306061e-03
4.474577959626913071e-03
4.563631024211645126e-03
4.652854986488819122e-03
4.743173252791166306e-03
4.836345091462135315e-03
4.934167489409446716e-03
5.037872586399316788e-03
5.148102529346942902e-03
5.265253596007823944e-03
5.389828234910964966e-03
5.522645544260740280e-03
5.664810538291931152e-03
5.817535333335399628e-03
5.981815513223409653e-03
6.158187519758939743e-03
6.346398498862981796e-03
6.545417010784149170e-03
6.753556430339813232e-03
6.968872155994176865e-03
7.189705502241849899e-03
7.415255531668663025e-03
7.645932491868734360e-03
7.883409038186073303e-03
8.130267262458801270e-03
8.389283902943134308e-03
8.662491105496883392e-03
8.950466290116310120e-03
9.251836687326431274e-03
9.563536383211612701e-03
9.881344623863697052e-03
1.020086184144020081e-02
1.051833666861057281e-02
1.083122845739126205e-02
1.113837677985429764e-02
1.143977604806423187e-02
1.173613499850034714e-02
1.202841289341449738e-02
1.231755688786506653e-02
1.260414347052574158e-02
1.288771722465753555e-02
1.316598895937204361e-02
1.343459822237491608e-02
1.369001809507608414e-02
1.393983326852321625e-02
1.421721931546926498e-02
1.454852893948554993e-02
1.485667657107114792e-02
1.502668485045433044e-02
1.507288310676813126e-02
1.526467595249414444e-02
1.560690533369779587e-02
1.597462967038154602e-02
1.626195944845676422e-02
1.649405993521213531e-02
1.672148890793323517e-02
1.696037687361240387e-02
1.720830984413623810e-02
1.745933666825294495e-02
1.770852319896221161e-02
1.795265264809131622e-02
1.819011010229587555e-02
1.842067949473857880e-02
1.864516176283359528e-02
1.886504329741001129e-02
1.908183656632900238e-02
1.929663121700286865e-02
1.950977370142936707e-02
1.972101628780364990e-02
1.992965303361415863e-02
2.013488858938217163e-02
2.033630013465881348e-02
2.053397335112094879e-02
2.072867751121520996e-02
2.092181332409381866e-02
2.111509256064891815e-02
2.131037786602973938e-02
2.150928415358066559e-02
2.171300724148750305e-02
2.192201465368270874e-02
2.213605679571628571e-02
2.235412783920764923e-02
2.257456630468368530e-02
2.279528416693210602e-02
2.301397547125816345e-02
2.322842925786972046e-02
2.343687787652015686e-02
2.363826334476470947e-02
2.383241429924964905e-02
2.402020990848541260e-02
2.420344203710556030e-02
2.438465505838394165e-02
2.456662617623806000e-02
2.475195005536079407e-02
2.494248561561107635e-02
2.513895742595195770e-02
2.534092590212821960e-02
2.554688602685928345e-02
2.575475722551345825e-02
2.596241608262062073e-02
2.616812102496623993e-02
2.637081593275070190e-02
2.657024376094341278e-02
2.676687389612197876e-02
2.696155570447444916e-02
2.715547382831573486e-02
2.734978310763835907e-02
2.754542231559753418e-02
2.774310298264026642e-02
2.794344536960124969e-02
2.814701944589614868e-02
2.835460565984249115e-02
2.856729924678802490e-02
2.878637239336967468e-02
2.901301905512809753e-02
2.924812771379947662e-02
2.949203923344612122e-02
2.974450401961803436e-02
3.000499121844768524e-02
3.027291037142276764e-02
3.054782934486865997e-02
3.082975558936595917e-02
3.111910820007324219e-02
3.141642361879348755e-02
3.172206878662109375e-02
3.203578665852546692e-02
3.235646709799766541e-02
3.268208727240562439e-02
3.301029279828071594e-02
3.333937376737594604e-02
3.366911038756370544e-02
3.400116786360740662e-02
3.433880209922790527e-02
3.468558564782142639e-02
3.504391759634017944e-02
3.541396930813789368e-02
3.579335659742355347e-02
3.617773950099945068e-02
3.656204417347908020e-02
3.694174438714981079e-02
3.731420263648033142e-02
3.767944127321243286e-02
3.804034367203712463e-02
3.840263187885284424e-02
3.877395018935203552e-02
3.916276246309280396e-02
3.957659751176834106e-02
4.002045840024948120e-02
4.049614816904067993e-02
4.100281745195388794e-02
4.153855144977569580e-02
4.210184887051582336e-02
4.269217699766159058e-02
4.330942407250404358e-02
4.395285993814468384e-02
4.462037608027458191e-02
4.530813172459602356e-02
4.601079225540161133e-02
4.672235623002052307e-02
4.743688553571701050e-02
4.814914986491203308e-02
4.885512962937355042e-02
4.955233633518218994e-02
5.024030804634094238e-02
5.092105269432067871e-02
5.159976705908775330e-02
5.228504911065101624e-02
5.298678949475288391e-02
5.371041223406791687e-02
5.444610863924026489e-02
5.515968427062034607e-02
5.580205842852592468e-02
5.634924769401550293e-02
5.685171112418174744e-02
5.743985250592231750e-02
5.824280530214309692e-02
5.927253141999244690e-02
6.041499972343444824e-02
6.153191626071929932e-02
