1.631964809384164254e-04
1.957478005865102746e-04
2.287390029325513303e-04
2.645161290322580903e-04
2.951612903225806482e-04
3.222873900293254999e-04
3.630498533724340238e-04
3.982404692082111390e-04
4.338709677419354607e-04
4.651026392961876634e-04
4.973607038123166631e-04
5.357771260997067162e-04
5.565982404692081846e-04
5.885630498533724704e-04
6.202346041055718795e-04
6.542521994134897594e-04
6.843108504398827266e-04
7.129032258064516361e-04
7.366568914956012201e-04
7.546920821114369571e-04
7.868035190615836269e-04
8.143695014662756309e-04
8.448680351906158589e-04
8.665689149560117403e-04
8.992668621700879465e-04
9.227272727272727623e-04
9.456011730205278248e-04
9.909090909090909061e-04
1.024633431085044018e-03
1.058504398826979514e-03
1.090762463343108567e-03
1.134017595307917946e-03
1.182697947214076187e-03
1.219501466275659798e-03
1.308357771260997135e-03
1.355571847507331317e-03
1.405131964809384080e-03
1.451173020527859190e-03
1.508211143695014625e-03
1.542375366568914889e-03
1.569061583577712696e-03
1.622580645161290263e-03
1.782991202346041011e-03
1.901173020527859286e-03
1.954985337243401837e-03
2.011290322580645135e-03
2.042375366568914899e-03
2.066422287390029359e-03
2.116129032258064722e-03
2.178445747800586418e-03
2.262170087976539661e-03
2.355278592375366353e-03
2.398973607038123318e-03
2.423313782991202547e-03
2.452932551319648036e-03
2.503665689149560305e-03
2.559384164222874066e-03
2.607771260997067322e-03
2.662609970674486778e-03
2.720527859237536518e-03
2.763636363636363513e-03
2.794868035190615878e-03
2.897947214076246423e-03
2.962170087976539763e-03
3.036070381231671753e-03
3.106158357771260890e-03
3.178885630498533808e-03
3.218768328445747919e-03
3.258064516129032060e-03
3.314516129032257959e-03
3.404985337243401737e-03
3.492815249266862168e-03
3.605571847507331364e-03
3.687390029325513397e-03
3.742668621700879789e-03
3.793401759530791624e-03
3.892668621700879749e-03
3.960850439882698110e-03
4.052052785923753592e-03
4.137976539589443246e-03
4.213049853372434310e-03
4.282111436950146975e-03
4.339002932551319809e-03
4.456744868035190932e-03
4.550000000000000225e-03
4.653225806451612503e-03
4.745161290322580556e-03
4.843841642228738711e-03
4.930351906158357903e-03
4.993841642228738671e-03
5.137829912023460233e-03
5.264369501466275268e-03
5.403225806451613170e-03
5.537976539589442582e-03
5.688269794721407743e-03
5.810263929618768655e-03
5.922140762463342679e-03
6.142228739002932210e-03
6.348973607038122836e-03
6.578152492668621482e-03
6.782697947214076130e-03
6.985777126099706504e-03
7.152639296187683453e-03
7.314222873900292840e-03
7.592082111436949943e-03
7.867008797653958496e-03
8.163049853372433828e-03
8.431964809384163984e-03
8.663343108504398607e-03
8.851026392961876266e-03
9.084604105571847735e-03
9.492521994134897959e-03
9.862316715542522247e-03
1.021730205278592422e-02
1.052214076246334347e-02
1.084222873900293239e-02
1.105718475073313826e-02
1.125263929618768380e-02
1.164750733137829945e-02
1.199017595307917856e-02
1.233958944281524951e-02
1.261876832844574699e-02
1.288563049853372507e-02
1.308181818181818230e-02
1.325014662756598266e-02
1.361055718475073263e-02
1.391392961876832847e-02
1.420014662756598212e-02
1.444589442815249342e-02
1.468592375366568892e-02
1.485498533724340098e-02
1.501774193548387031e-02
1.536231671554252193e-02
1.564457478005865099e-02
1.593621700879765263e-02
1.621524926686216880e-02
1.646598240469208246e-02
1.666041055718475022e-02
1.681876832844574760e-02
1.712815249266862183e-02
1.741099706744867956e-02
1.768123167155425182e-02
1.792111436950146602e-02
1.816744868035190599e-02
1.834046920821114438e-02
1.848885630498533703e-02
1.878357771260997025e-02
1.900909090909090951e-02
1.925571847507331208e-02
1.945997067448680326e-02
1.968900293255131800e-02
1.985601173020527799e-02
1.999002932551319570e-02
2.022155425219941335e-02
2.044648093841642394e-02
2.066348973607038189e-02
2.089941348973606977e-02
2.108225806451612810e-02
2.122903225806451605e-02
2.135894428152492613e-02
2.161231671554252054e-02
2.183665689149560246e-02
2.204985337243401886e-02
2.225865102639296156e-02
2.260014662756598333e-02
2.272096774193548344e-02
2.286686217008797664e-02
2.310791788856304818e-02
2.333709677419354769e-02
2.354310850439882835e-02
2.374545454545454529e-02
2.400542521994135023e-02
2.413768328445747846e-02
2.426686217008797511e-02
2.441950146627566015e-02
2.468211143695014584e-02
2.490454545454545351e-02
2.511832844574780205e-02
2.532448680351906053e-02
2.548049853372433976e-02
2.561612903225806565e-02
2.589296187683284498e-02
2.610498533724340056e-02
2.632038123167155380e-02
2.652609970674486839e-02
2.674237536656891637e-02
2.688416422287390195e-02
2.701876832844574833e-02
2.728548387096774164e-02
2.750865102639296275e-02
2.772258064516128911e-02
2.792741935483870896e-02
2.812243401759530886e-02
2.827184750733137755e-02
2.843049853372434099e-02
2.873005865102639181e-02
2.895410557184750766e-02
2.920469208211143655e-02
2.945351906158357944e-02
2.972272727272727219e-02
2.992023460410557154e-02
3.011231671554252115e-02
3.045674486803518974e-02
3.075102639296187559e-02
3.107844574780058503e-02
3.137214076246334221e-02
3.167609970674487019e-02
3.191935483870967510e-02
3.213431085043988444e-02
3.255000000000000254e-02
3.290205278592375077e-02
3.326715542521994223e-02
3.360557184750732895e-02
3.393093841642228631e-02
3.417580645161290287e-02
3.442521994134897095e-02
3.489662756598240628e-02
3.529134897360703543e-02
3.569721407624633358e-02
3.609032258064515802e-02
3.647184750733137998e-02
3.674545454545454642e-02
3.701041055718475026e-02
3.748519061583577977e-02
3.790293255131964995e-02
3.831671554252199380e-02
3.871304985337243459e-02
3.911671554252199590e-02
3.938064516129032022e-02
3.966158357771260717e-02
4.034296187683284601e-02
4.086070381231671211e-02
4.145483870967742179e-02
4.207697947214076445e-02
4.266099706744867770e-02
4.304237536656891489e-02
4.342155425219941522e-02
4.441994134897360447e-02
4.520967741935483925e-02
4.586348973607037860e-02
4.669105571847507324e-02
4.742243401759530658e-02
4.787228739002932776e-02
4.831202346041055945e-02
4.934824046920820856e-02
5.016510263929618851e-02
5.089530791788856451e-02
5.149882697947213983e-02
5.231436950146627768e-02
5.275498533724340411e-02
5.317214076246334215e-02
5.430894428152492626e-02
5.513372434017595192e-02
5.595117302052785707e-02
5.613797653958944173e-02
5.675806451612903231e-02
5.732096774193548572e-02
5.782316715542522301e-02
5.933797653958944318e-02
6.038225806451612970e-02
6.140733137829912369e-02
