9.994074106216430664e-01
9.993841648101806641e-01
9.993481040000915527e-01
9.992949962615966797e-01
9.992243051528930664e-01
9.991425275802612305e-01
9.990603327751159668e-01
9.989841580390930176e-01
9.989143610000610352e-01
9.988477230072021484e-01
9.987815022468566895e-01
9.987145662307739258e-01
9.986471533775329590e-01
9.985795021057128906e-01
9.985124468803405762e-01
9.984460473060607910e-01
9.983799457550048828e-01
9.983137845993041992e-01
9.982469081878662109e-01
9.981782436370849609e-01
9.981073141098022461e-01
9.980333447456359863e-01
9.979555606842041016e-01
9.978737831115722656e-01
9.977874755859375000e-01
9.976966977119445801e-01
9.976014494895935059e-01
9.975020289421081543e-01
9.973987340927124023e-01
9.972922205924987793e-01
9.971830844879150391e-01
9.970718622207641602e-01
9.969592094421386719e-01
9.968455433845520020e-01
9.967315196990966797e-01
9.966174960136413574e-01
9.965038299560546875e-01
9.963906407356262207e-01
9.962782263755798340e-01
9.961665272712707520e-01
9.960556030273437500e-01
9.959455132484436035e-01
9.958360195159912109e-01
9.957273006439208984e-01
9.956188797950744629e-01
9.955109357833862305e-01
9.954030513763427734e-01
9.952953457832336426e-01
9.951874017715454102e-01
9.950791597366333008e-01
9.949706196784973145e-01
9.948613047599792480e-01
9.947512745857238770e-01
9.946402907371520996e-01
9.945283532142639160e-01
9.944150447845458984e-01
9.943004846572875977e-01
9.941845536231994629e-01
9.940669536590576172e-01
9.939476251602172852e-01
9.938265681266784668e-01
9.937035441398620605e-01
9.935785531997680664e-01
9.934513568878173828e-01
9.933220744132995605e-01
9.931903481483459473e-01
9.930563569068908691e-01
9.929197430610656738e-01
9.927806258201599121e-01
9.926387071609497070e-01
9.924937486648559570e-01
9.923459291458129883e-01
9.921950101852416992e-01
9.920406937599182129e-01
9.918828010559082031e-01
9.917211532592773438e-01
9.915555119514465332e-01
9.913855791091918945e-01
9.912109971046447754e-01
9.910315275192260742e-01
9.908466935157775879e-01
9.906558394432067871e-01
9.904584884643554688e-01
9.902542233467102051e-01
9.900420904159545898e-01
9.898215532302856445e-01
9.895915389060974121e-01
9.893510937690734863e-01
9.890991449356079102e-01
9.888346791267395020e-01
9.885565042495727539e-01
9.882633686065673828e-01
9.879541397094726562e-01
9.876275062561035156e-01
9.872825145721435547e-01
9.869183897972106934e-01
9.865342378616333008e-01
9.861299395561218262e-01
9.857056140899658203e-01
9.852613806724548340e-01
9.847981333732604980e-01
9.843170642852783203e-01
9.838194251060485840e-01
9.833067059516906738e-01
9.827802181243896484e-01
9.822413325309753418e-01
9.816910624504089355e-01
9.811300635337829590e-01
9.805584549903869629e-01
9.799760580062866211e-01
9.793820381164550781e-01
9.787755012512207031e-01
9.781551957130432129e-01
9.775201678276062012e-01
9.768708944320678711e-01
9.762095808982849121e-01
9.755409955978393555e-01
9.748739600181579590e-01
9.742194414138793945e-01
9.735901951789855957e-01
9.729973077774047852e-01
9.724470973014831543e-01
9.719358086585998535e-01
9.714438319206237793e-01
9.709322452545166016e-01
9.703556299209594727e-01
9.697009921073913574e-01
9.690240621566772461e-01
9.684277176856994629e-01
9.680001735687255859e-01
9.677854180335998535e-01
9.677278995513916016e-01
9.674873948097229004e-01
9.670183062553405762e-01
9.663476943969726562e-01
9.655633568763732910e-01
9.648011326789855957e-01
9.641588330268859863e-01
9.636382460594177246e-01
9.631860852241516113e-01
9.627537131309509277e-01
9.623171687126159668e-01
9.618701338768005371e-01
9.614143967628479004e-01
9.609549045562744141e-01
9.604969024658203125e-01
9.600446224212646484e-01
9.596010446548461914e-01
9.591675400733947754e-01
9.587438702583312988e-01
9.583285450935363770e-01
9.579192399978637695e-01
9.575135707855224609e-01
9.571092724800109863e-01
9.567043781280517578e-01
9.562976956367492676e-01
9.558885097503662109e-01
9.554762840270996094e-01
9.550614953041076660e-01
9.546445012092590332e-01
9.542258381843566895e-01
9.538065195083618164e-01
9.533870816230773926e-01
9.529683589935302734e-01
9.525511264801025391e-01
9.521357417106628418e-01
9.517225027084350586e-01
9.513117671012878418e-01
9.509032368659973145e-01
9.504971504211425781e-01
9.500930309295654297e-01
9.496906399726867676e-01
9.492896795272827148e-01
9.488895535469055176e-01
9.484899044036865234e-01
9.480901956558227539e-01
9.476898908615112305e-01
9.472886919975280762e-01
9.468861222267150879e-01
9.464816451072692871e-01
9.460748434066772461e-01
9.456653594970703125e-01
9.452527761459350586e-01
9.448367953300476074e-01
9.444169402122497559e-01
9.439927935600280762e-01
9.435640573501586914e-01
9.431300759315490723e-01
9.426904320716857910e-01
9.422445297241210938e-01
9.417916536331176758e-01
9.413310885429382324e-01
9.408618807792663574e-01
9.403830766677856445e-01
9.398933053016662598e-01
9.393914937973022461e-01
9.388760924339294434e-01
9.383456110954284668e-01
9.377987384796142578e-01
9.372342228889465332e-01
9.366511106491088867e-01
9.360489845275878906e-01
9.354279041290283203e-01
9.347887039184570312e-01
9.341333508491516113e-01
9.334642291069030762e-01
9.327845573425292969e-01
9.320983290672302246e-01
9.314093589782714844e-01
9.307214021682739258e-01
9.300372600555419922e-01
9.293590188026428223e-01
9.286867380142211914e-01
9.280194044113159180e-01
9.273540973663330078e-01
9.266864061355590820e-01
9.260104298591613770e-01
9.253194332122802734e-01
9.246059656143188477e-01
9.238626360893249512e-01
9.230825901031494141e-01
9.222598075866699219e-01
9.213902950286865234e-01
9.204718470573425293e-01
9.195050597190856934e-01
9.184933304786682129e-01
9.174425005912780762e-01
9.163604974746704102e-01
9.152567386627197266e-01
9.141407608985900879e-01
9.130211472511291504e-01
9.119046330451965332e-01
9.107944369316101074e-01
9.096902012825012207e-01
9.085872173309326172e-01
9.074771404266357422e-01
9.063479900360107422e-01
9.051863551139831543e-01
9.039786458015441895e-01
9.027141928672790527e-01
9.013877511024475098e-01
9.000012874603271484e-01
8.985657095909118652e-01
8.970983624458312988e-01
8.956208825111389160e-01
8.941530585289001465e-01
8.927090764045715332e-01
8.912932872772216797e-01
8.898985385894775391e-01
8.885069489479064941e-01
8.870931267738342285e-01
8.856273293495178223e-01
8.840806484222412109e-01
8.824287652969360352e-01
8.806555867195129395e-01
8.787519335746765137e-01
8.767138123512268066e-01
8.745356202125549316e-01
8.722053170204162598e-01
8.696994781494140625e-01
8.669822216033935547e-01
