9.994277358055114746e-01
9.993957281112670898e-01
9.993464350700378418e-01
9.992774128913879395e-01
9.991944432258605957e-01
9.991104006767272949e-01
9.990350008010864258e-01
9.989674091339111328e-01
9.989026784896850586e-01
9.988363385200500488e-01
9.987668991088867188e-01
9.986954331398010254e-01
9.986240863800048828e-01
9.985552430152893066e-01
9.984902143478393555e-01
9.984287619590759277e-01
9.983696341514587402e-01
9.983099699020385742e-01
9.982471466064453125e-01
9.981783628463745117e-01
9.981022477149963379e-01
9.980189800262451172e-01
9.979315996170043945e-01
9.978445768356323242e-01
9.977618455886840820e-01
9.976841211318969727e-01
9.976083040237426758e-01
9.975277781486511230e-01
9.974334836006164551e-01
9.973178505897521973e-01
9.971808195114135742e-01
9.970347881317138672e-01
9.968985319137573242e-01
9.967832565307617188e-01
9.966880679130554199e-01
9.966049194335937500e-01
9.965249896049499512e-01
9.964404702186584473e-01
9.963449835777282715e-01
9.962334036827087402e-01
9.961036443710327148e-01
9.959588646888732910e-01
9.958100318908691406e-01
9.956719875335693359e-01
9.955551028251647949e-01
9.954590797424316406e-01
9.953746199607849121e-01
9.952899217605590820e-01
9.951954483985900879e-01
9.950863718986511230e-01
9.949643611907958984e-01
9.948375821113586426e-01
9.947159886360168457e-01
9.946051239967346191e-01
9.945045113563537598e-01
9.944093823432922363e-01
9.943131208419799805e-01
9.942101240158081055e-01
9.940965175628662109e-01
9.939716458320617676e-01
9.938375353813171387e-01
9.936982393264770508e-01
9.935583472251892090e-01
9.934211373329162598e-01
9.932878613471984863e-01
9.931581616401672363e-01
9.930301308631896973e-01
9.929016232490539551e-01
9.927703738212585449e-01
9.926343560218811035e-01
9.924922585487365723e-01
9.923434853553771973e-01
9.921877384185791016e-01
9.920254349708557129e-01
9.918577075004577637e-01
9.916856288909912109e-01
9.915102720260620117e-01
9.913328289985656738e-01
9.911543130874633789e-01
9.909754395484924316e-01
9.907960891723632812e-01
9.906157851219177246e-01
9.904335737228393555e-01
9.902473092079162598e-01
9.900548458099365234e-01
9.898529648780822754e-01
9.896382093429565430e-01
9.894070029258728027e-01
9.891555905342102051e-01
9.888811707496643066e-01
9.885828495025634766e-01
9.882619976997375488e-01
9.879228472709655762e-01
9.875705838203430176e-01
9.872084259986877441e-01
9.868361949920654297e-01
9.864504337310791016e-01
9.860481023788452148e-01
9.856291413307189941e-01
9.851968288421630859e-01
9.847545623779296875e-01
9.843024015426635742e-01
9.838349819183349609e-01
9.833430051803588867e-01
9.828178882598876953e-01
9.822577834129333496e-01
9.816715121269226074e-01
9.810748696327209473e-01
9.804809689521789551e-01
9.798921942710876465e-01
9.793013334274291992e-01
9.786988496780395508e-01
9.780795574188232422e-01
9.774442315101623535e-01
9.767970442771911621e-01
9.761435985565185547e-01
9.754893183708190918e-01
9.748387336730957031e-01
9.741956591606140137e-01
9.735629558563232422e-01
9.729430675506591797e-01
9.723404645919799805e-01
9.717631340026855469e-01
9.712213873863220215e-01
9.707229137420654297e-01
9.702548384666442871e-01
9.697476625442504883e-01
9.690911173820495605e-01
9.683241844177246094e-01
9.676938652992248535e-01
9.673717617988586426e-01
9.672863483428955078e-01
9.669382572174072266e-01
9.663242697715759277e-01
9.656364917755126953e-01
9.650596380233764648e-01
9.645876884460449219e-01
9.641370177268981934e-01
9.636692404747009277e-01
9.631866216659545898e-01
9.627033472061157227e-01
9.622320532798767090e-01
9.617785811424255371e-01
9.613422155380249023e-01
9.609168171882629395e-01
9.604943394660949707e-01
9.600684046745300293e-01
9.596366286277770996e-01
9.592007994651794434e-01
9.587649106979370117e-01
9.583330154418945312e-01
9.579070806503295898e-01
9.574866890907287598e-01
9.570701718330383301e-01
9.566556215286254883e-01
9.562424421310424805e-01
9.558323025703430176e-01
9.554283022880554199e-01
9.550340175628662109e-01
9.546512365341186523e-01
9.542784690856933594e-01
9.539101719856262207e-01
9.535372853279113770e-01
9.531501531600952148e-01
9.527413249015808105e-01
9.523090124130249023e-01
9.518589377403259277e-01
9.514020681381225586e-01
9.509509205818176270e-01
9.505143165588378906e-01
9.500958323478698730e-01
9.496936798095703125e-01
9.493032097816467285e-01
9.489185810089111328e-01
9.485345482826232910e-01
9.481474161148071289e-01
9.477550983428955078e-01
9.473580121994018555e-01
9.469572901725769043e-01
9.465551972389221191e-01
9.461539983749389648e-01
9.457549452781677246e-01
9.453577995300292969e-01
9.449605941772460938e-01
9.445598721504211426e-01
9.441509246826171875e-01
9.437291026115417480e-01
9.432908296585083008e-01
9.428344368934631348e-01
9.423602223396301270e-01
9.418714046478271484e-01
9.413718581199645996e-01
9.408669471740722656e-01
9.403606057167053223e-01
9.398556947708129883e-01
9.393531680107116699e-01
9.388517737388610840e-01
9.383483529090881348e-01
9.378379583358764648e-01
9.373147487640380859e-01
9.367722272872924805e-01
9.362041354179382324e-01
9.356051683425903320e-01
9.349721074104309082e-01
9.343047738075256348e-01
9.336071014404296875e-01
9.328867197036743164e-01
9.321556687355041504e-01
9.314279556274414062e-01
9.307174086570739746e-01
9.300349950790405273e-01
9.293863773345947266e-01
9.287694692611694336e-01
9.281747937202453613e-01
9.275843501091003418e-01
9.269749522209167480e-01
9.263229370117187500e-01
9.256123304367065430e-01
9.248408675193786621e-01
9.240203499794006348e-01
9.231688380241394043e-01
9.223015904426574707e-01
9.214252233505249023e-01
9.205369353294372559e-01
9.196281433105468750e-01
9.186877608299255371e-01
9.177060723304748535e-01
9.166771769523620605e-01
9.156005978584289551e-01
9.144819378852844238e-01
9.133318662643432617e-01
9.121640324592590332e-01
9.109926223754882812e-01
9.098291993141174316e-01
9.086804389953613281e-01
9.075465798377990723e-01
9.064207077026367188e-01
9.052894115447998047e-01
9.041335582733154297e-01
9.029303789138793945e-01
9.016567468643188477e-01
9.002945423126220703e-01
8.988368511199951172e-01
8.972966074943542480e-01
8.957110643386840820e-01
8.941398262977600098e-01
8.926520347595214844e-01
8.913047313690185547e-01
8.901133537292480469e-01
8.890056014060974121e-01
8.877320289611816406e-01
8.858950138092041016e-01
8.836929202079772949e-01
8.819423317909240723e-01
8.805763721466064453e-01
8.790915608406066895e-01
8.771937489509582520e-01
8.748555779457092285e-01
8.722569942474365234e-01
8.696277737617492676e-01
8.671067357063293457e-01
