9.991764426231384277e-01
9.991533756256103516e-01
9.991276860237121582e-01
9.990986585617065430e-01
9.990664124488830566e-01
9.990302324295043945e-01
9.989902377128601074e-01
9.989462494850158691e-01
9.988980293273925781e-01
9.988460540771484375e-01
9.987903237342834473e-01
9.987313151359558105e-01
9.986693859100341797e-01
9.986049532890319824e-01
9.985380172729492188e-01
9.984690546989440918e-01
9.983980059623718262e-01
9.983249306678771973e-01
9.982495903968811035e-01
9.981721639633178711e-01
9.980923533439636230e-01
9.980102181434631348e-01
9.979254007339477539e-01
9.978383183479309082e-01
9.977485537528991699e-01
9.976563453674316406e-01
9.975618124008178711e-01
9.974648952484130859e-01
9.973658919334411621e-01
9.972646236419677734e-01
9.971615076065063477e-01
9.970566034317016602e-01
9.969500899314880371e-01
9.968419075012207031e-01
9.967325925827026367e-01
9.966219663619995117e-01
9.965103268623352051e-01
9.963977336883544922e-01
9.962846040725708008e-01
9.961709380149841309e-01
9.960567951202392578e-01
9.959425330162048340e-01
9.958283305168151855e-01
9.957141280174255371e-01
9.956004619598388672e-01
9.954871535301208496e-01
9.953745007514953613e-01
9.952626228332519531e-01
9.951515197753906250e-01
9.950414299964904785e-01
9.949319958686828613e-01
9.948233366012573242e-01
9.947153925895690918e-01
9.946076869964599609e-01
9.945000410079956055e-01
9.943920969963073730e-01
9.942832589149475098e-01
9.941729903221130371e-01
9.940608143806457520e-01
9.939462542533874512e-01
9.938287138938903809e-01
9.937077760696411133e-01
9.935833811759948730e-01
9.934553503990173340e-01
9.933237433433532715e-01
9.931889772415161133e-01
9.930512905120849609e-01
9.929110407829284668e-01
9.927687644958496094e-01
9.926245808601379395e-01
9.924787282943725586e-01
9.923311471939086914e-01
9.921816587448120117e-01
9.920299053192138672e-01
9.918753504753112793e-01
9.917173981666564941e-01
9.915555119514465332e-01
9.913892149925231934e-01
9.912179112434387207e-01
9.910413622856140137e-01
9.908590912818908691e-01
9.906709194183349609e-01
9.904766082763671875e-01
9.902759790420532227e-01
9.900683760643005371e-01
9.898532032966613770e-01
9.896295666694641113e-01
9.893961548805236816e-01
9.891511201858520508e-01
9.888927340507507324e-01
9.886188507080078125e-01
9.883275628089904785e-01
9.880168437957763672e-01
9.876856803894042969e-01
9.873329997062683105e-01
9.869588017463684082e-01
9.865636825561523438e-01
9.861488342285156250e-01
9.857161641120910645e-01
9.852674007415771484e-01
9.848048686981201172e-01
9.843302369117736816e-01
9.838449358940124512e-01
9.833498001098632812e-01
9.828445911407470703e-01
9.823282957077026367e-01
9.817988276481628418e-01
9.812533259391784668e-01
9.806884527206420898e-01
9.801009893417358398e-01
9.794887304306030273e-01
9.788516759872436523e-01
9.781925678253173828e-01
9.775181412696838379e-01
9.768382310867309570e-01
9.761650562286376953e-01
9.755114316940307617e-01
9.748879671096801758e-01
9.743018150329589844e-01
9.737529158592224121e-01
9.732329249382019043e-01
9.727218151092529297e-01
9.721892476081848145e-01
9.716031551361083984e-01
9.709472060203552246e-01
9.702396988868713379e-01
9.695353507995605469e-01
9.689030051231384277e-01
9.683989882469177246e-01
9.680557847023010254e-01
9.678869247436523438e-01
9.678419232368469238e-01
9.676543474197387695e-01
9.672885537147521973e-01
9.667525887489318848e-01
9.660743474960327148e-01
9.653115868568420410e-01
9.645436406135559082e-01
9.638415575027465820e-01
9.632388353347778320e-01
9.627268910408020020e-01
9.622756242752075195e-01
9.618550539016723633e-01
9.614446163177490234e-01
9.610336422920227051e-01
9.606181979179382324e-01
9.601979255676269531e-01
9.597737789154052734e-01
9.593472480773925781e-01
9.589197635650634766e-01
9.584927558898925781e-01
9.580671787261962891e-01
9.576437473297119141e-01
9.572227597236633301e-01
9.568044543266296387e-01
9.563887119293212891e-01
9.559753537178039551e-01
9.555637240409851074e-01
9.551535248756408691e-01
9.547443389892578125e-01
9.543355703353881836e-01
9.539270997047424316e-01
9.535184502601623535e-01
9.531093239784240723e-01
9.526999592781066895e-01
9.522901773452758789e-01
9.518799781799316406e-01
9.514694809913635254e-01
9.510588049888610840e-01
9.506483078002929688e-01
9.502379894256591797e-01
9.498282074928283691e-01
9.494189023971557617e-01
9.490104317665100098e-01
9.486029744148254395e-01
9.481963515281677246e-01
9.477909803390502930e-01
9.473865032196044922e-01
9.469829797744750977e-01
9.465801119804382324e-01
9.461774826049804688e-01
9.457748532295227051e-01
9.453715682029724121e-01
9.449669718742370605e-01
9.445604085922241211e-01
9.441508054733276367e-01
9.437373876571655273e-01
9.433190226554870605e-01
9.428948163986206055e-01
9.424632191658020020e-01
9.420233964920043945e-01
9.415736794471740723e-01
9.411129951477050781e-01
9.406397342681884766e-01
9.401524662971496582e-01
9.396498203277587891e-01
9.391304254531860352e-01
9.385930895805358887e-01
9.380370378494262695e-01
9.374617934226989746e-01
9.368674159049987793e-01
9.362550377845764160e-01
9.356258511543273926e-01
9.349824190139770508e-01
9.343277215957641602e-01
9.336651563644409180e-01
9.329980611801147461e-01
9.323300719261169434e-01
9.316636323928833008e-01
9.310002923011779785e-01
9.303408265113830566e-01
9.296844601631164551e-01
9.290289878845214844e-01
9.283714890480041504e-01
9.277077317237854004e-01
9.270328283309936523e-01
9.263418316841125488e-01
9.256293177604675293e-01
9.248905181884765625e-01
9.241211414337158203e-01
9.233179092407226562e-01
9.224786758422851562e-01
9.216026663780212402e-01
9.206904768943786621e-01
9.197441339492797852e-01
9.187665581703186035e-01
9.177612662315368652e-01
9.167321324348449707e-01
9.156827330589294434e-01
9.146157503128051758e-01
9.135330915451049805e-01
9.124354124069213867e-01
9.113224148750305176e-01
9.101929068565368652e-01
9.090448021888732910e-01
9.078758955001831055e-01
9.066840410232543945e-01
9.054673314094543457e-01
9.042247533798217773e-01
9.029559493064880371e-01
9.016614556312561035e-01
9.003424644470214844e-01
8.990010023117065430e-01
8.976390361785888672e-01
8.962582349777221680e-01
8.948601484298706055e-01
8.934451341629028320e-01
8.920122385025024414e-01
8.905592560768127441e-01
8.890823721885681152e-01
8.875759243965148926e-01
8.860323429107666016e-01
8.844426870346069336e-01
8.827958703041076660e-01
8.810795545578002930e-01
8.792794346809387207e-01
8.773795962333679199e-01
8.753625154495239258e-01
8.732088208198547363e-01
8.708971142768859863e-01
8.684040904045104980e-01
