1.475231349468231201e-02
1.492973789572715759e-02
1.510803587734699249e-02
1.528702955693006516e-02
1.546655222773551941e-02
1.564643159508705139e-02
1.582648791372776031e-02
1.600652188062667847e-02
1.618635654449462891e-02
1.636580750346183777e-02
1.654466055333614349e-02
1.672275923192501068e-02
1.689988933503627777e-02
1.707587018609046936e-02
1.725050620734691620e-02
1.742361485958099365e-02
1.759499683976173401e-02
1.776449196040630341e-02
1.793190650641918182e-02
1.809706538915634155e-02
1.825981028378009796e-02
1.841996982693672180e-02
1.857739686965942383e-02
1.873193308711051941e-02
1.888344623148441315e-02
1.903179660439491272e-02
1.917686499655246735e-02
1.931853219866752625e-02
1.945670507848262787e-02
1.959128305315971375e-02
1.972216740250587463e-02
1.984932273626327515e-02
1.997264847159385681e-02
2.009214088320732117e-02
2.020773850381374359e-02
2.031942084431648254e-02
2.042718045413494110e-02
2.053102664649486542e-02
2.063095755875110626e-02
2.072701230645179749e-02
2.081923745572566986e-02
2.090766653418540955e-02
2.099238336086273193e-02
2.107344195246696472e-02
2.115095779299736023e-02
2.122501097619533539e-02
2.129569463431835175e-02
2.136314846575260162e-02
2.142749726772308350e-02
2.148887142539024353e-02
2.154739201068878174e-02
2.160324715077877045e-02
2.165655419230461121e-02
2.170748822391033173e-02
2.175621129572391510e-02
2.180288545787334442e-02
2.184766344726085663e-02
2.189073525369167328e-02
2.193224802613258362e-02
2.197236754000186920e-02
2.201126329600811005e-02
2.204908989369869232e-02
2.208600193262100220e-02
2.212214097380638123e-02
2.215765602886676788e-02
2.219268120825290680e-02
2.222733013331890106e-02
2.226172573864459991e-02
2.229597792029380798e-02
2.233019843697547913e-02
2.236445434391498566e-02
2.239883691072463989e-02
2.243340946733951569e-02
2.246822789311408997e-02
2.250333316624164581e-02
2.253878302872180939e-02
2.257458306849002838e-02
2.261075749993324280e-02
2.264732308685779572e-02
2.268426306545734406e-02
2.272158674895763397e-02
2.275926433503627777e-02
2.279727719724178314e-02
2.283560484647750854e-02
2.287419699132442474e-02
2.291302569210529327e-02
2.295205928385257721e-02
2.299124374985694885e-02
2.303053252398967743e-02
2.306986600160598755e-02
2.310922928154468536e-02
2.314855344593524933e-02
2.318779006600379944e-02
2.322690561413764954e-02
2.326584793627262115e-02
2.330457605421543121e-02
2.334305457770824432e-02
2.338124439120292664e-02
2.341912686824798584e-02
2.345664612948894501e-02
2.349381335079669952e-02
2.353058010339736938e-02
2.356694638729095459e-02
2.360288612544536591e-02
2.363839186728000641e-02
2.367346175014972687e-02
2.370809949934482574e-02
2.374230884015560150e-02
2.377606555819511414e-02
2.380940690636634827e-02
2.384233660995960236e-02
2.387485653162002563e-02
2.390700578689575195e-02
2.393878810107707977e-02
2.397023513913154602e-02
2.400136366486549377e-02
2.403219044208526611e-02
2.406275831162929535e-02
2.409308962523937225e-02
2.412320673465728760e-02
2.415315806865692139e-02
2.418295666575431824e-02
2.421265095472335815e-02
2.424226328730583191e-02
2.427183650434017181e-02
2.430139482021331787e-02
2.433099225163459778e-02
2.436063811182975769e-02
2.439040131866931915e-02
2.442028932273387909e-02
2.445034869015216827e-02
2.448061481118202209e-02
2.451113425195217133e-02
2.454192191362380981e-02
2.457304485142230988e-02
2.460451982915401459e-02
2.463638223707675934e-02
2.466866932809352875e-02
2.470142580568790436e-02
2.473468892276287079e-02
2.476849406957626343e-02
2.480286732316017151e-02
2.483785711228847504e-02
2.487351000308990479e-02
2.490983903408050537e-02
2.494690380990505219e-02
2.498473040759563446e-02
2.502334676682949066e-02
2.506282180547714233e-02
2.510316111147403717e-02
