1.506795268505811691e-02
1.524483039975166321e-02
1.542241871356964111e-02
1.560053229331970215e-02
1.577903144061565399e-02
1.595771685242652893e-02
1.613642275333404541e-02
1.631498336791992188e-02
1.649321429431438446e-02
1.667092740535736084e-02
1.684795133769512177e-02
1.702409051358699799e-02
1.719918474555015564e-02
1.737302541732788086e-02
1.754544489085674286e-02
1.771626621484756470e-02
1.788529753684997559e-02
1.805238611996173859e-02
1.821735687553882599e-02
1.838002540171146393e-02
1.854026317596435547e-02
1.869788207113742828e-02
1.885276101529598236e-02
1.900472864508628845e-02
1.915366947650909424e-02
1.929945312440395355e-02
1.944196224212646484e-02
1.958108320832252502e-02
1.971670612692832947e-02
1.984875835478305817e-02
1.997715048491954803e-02
2.010181732475757599e-02
2.022268064320087433e-02
2.033972367644309998e-02
2.045288123190402985e-02
2.056215144693851471e-02
2.066750638186931610e-02
2.076895721256732941e-02
2.086650021374225616e-02
2.096018008887767792e-02
2.105001360177993774e-02
2.113605476915836334e-02
2.121836692094802856e-02
2.129700593650341034e-02
2.137205749750137329e-02
2.144363336265087128e-02
2.151181362569332123e-02
2.157672122120857239e-02
2.163845673203468323e-02
2.169716730713844299e-02
2.175298705697059631e-02
2.180605009198188782e-02
2.185650356113910675e-02
2.190450578927993774e-02
2.195021510124206543e-02
2.199379168450832367e-02
2.203539572656154633e-02
2.207519859075546265e-02
2.211335860192775726e-02
2.215003967285156250e-02
2.218540385365486145e-02
2.221961691975593567e-02
2.225281856954097748e-02
2.228517085313796997e-02
2.231681346893310547e-02
2.234789729118347168e-02
2.237853407859802246e-02
2.240884676575660706e-02
2.243896201252937317e-02
2.246897481381893158e-02
2.249899879097938538e-02
2.252909354865550995e-02
2.255935221910476685e-02
2.258983254432678223e-02
2.262058854103088379e-02
2.265166863799095154e-02
2.268308959901332855e-02
2.271490357816219330e-02
2.274710498750209808e-02
2.277969941496849060e-02
2.281268686056137085e-02
2.284605987370014191e-02
2.287979423999786377e-02
2.291387133300304413e-02
2.294825389981269836e-02
2.298290841281414032e-02
2.301779203116893768e-02
2.305288426578044891e-02
2.308810502290725708e-02
2.312342636287212372e-02
2.315879054367542267e-02
2.319416590034961700e-02
2.322949655354022980e-02
2.326472848653793335e-02
2.329982072114944458e-02
2.333473786711692810e-02
2.336942963302135468e-02
2.340386621654033661e-02
2.343800850212574005e-02
2.347183041274547577e-02
2.350531518459320068e-02
2.353841252624988556e-02
2.357112988829612732e-02
2.360345050692558289e-02
2.363536134362220764e-02
2.366685122251510620e-02
2.369792386889457703e-02
2.372858673334121704e-02
2.375883795320987701e-02
2.378868684172630310e-02
2.381815761327743530e-02
2.384725399315357208e-02
2.387600764632225037e-02
2.390442974865436554e-02
2.393255382776260376e-02
2.396039292216300964e-02
2.398799546062946320e-02
2.401537448167800903e-02
2.404258027672767639e-02
2.406962402164936066e-02
2.409656532108783722e-02
2.412342093884944916e-02
2.415023371577262878e-02
2.417705580592155457e-02
2.420390956103801727e-02
2.423083409667015076e-02
2.425787784159183502e-02
2.428507432341575623e-02
2.431246638298034668e-02
2.434009313583374023e-02
2.436799742281436920e-02
2.439621090888977051e-02
2.442477270960807800e-02
2.445374242961406708e-02
2.448313124477863312e-02
2.451301179826259613e-02
2.454338781535625458e-02
2.457432821393013000e-02
2.460584603250026703e-02
2.463800460100173950e-02
2.467082254588603973e-02
2.470435574650764465e-02
2.473862469196319580e-02
2.477368712425231934e-02
2.480955980718135834e-02
2.484628558158874512e-02
2.488392964005470276e-02
2.492249757051467896e-02
2.496204152703285217e-02
2.500258572399616241e-02
