1.480534113943576813e-02
1.498561725020408630e-02
1.516657788306474686e-02
1.534806843847036362e-02
1.552989799529314041e-02
1.571189984679222107e-02
1.589389890432357788e-02
1.607570052146911621e-02
1.625713519752025604e-02
1.643800549209117889e-02
1.661812700331211090e-02
1.679734140634536743e-02
1.697542332112789154e-02
1.715220883488655090e-02
1.732751168310642242e-02
1.750116609036922455e-02
1.767297834157943726e-02
1.784277148544788361e-02
1.801039092242717743e-02
1.817567273974418640e-02
1.833842135965824127e-02
1.849853061139583588e-02
1.865583471953868866e-02
1.881019398570060730e-02
1.896147243678569794e-02
1.910955272614955902e-02
1.925433427095413208e-02
1.939567364752292633e-02
1.953351870179176331e-02
1.966775767505168915e-02
1.979833096265792847e-02
1.992515288293361664e-02
2.004818245768547058e-02
2.016738615930080414e-02
2.028273046016693115e-02
2.039419114589691162e-02
2.050176262855529785e-02
2.060546167194843292e-02
2.070528455078601837e-02
2.080127410590648651e-02
2.089347317814826965e-02
2.098191715776920319e-02
2.106669545173645020e-02
2.114785648882389069e-02
2.122549712657928467e-02
2.129969559609889984e-02
2.137058414518833160e-02
2.143825218081474304e-02
2.150282450020313263e-02
2.156442962586879730e-02
2.162321470677852631e-02
2.167931012809276581e-02
2.173285931348800659e-02
2.178402058780193329e-02
2.183294482529163361e-02
2.187979221343994141e-02
2.192473225295543671e-02
2.196790091693401337e-02
2.200948074460029602e-02
2.204961329698562622e-02
2.208845876157283783e-02
2.212618291378021240e-02
2.216292172670364380e-02
2.219881489872932434e-02
2.223402820527553558e-02
2.226866967976093292e-02
2.230286225676536560e-02
2.233673632144927979e-02
2.237039245665073395e-02
2.240393124520778656e-02
2.243743836879730225e-02
2.247100882232189178e-02
2.250469289720058441e-02
2.253856882452964783e-02
2.257267385721206665e-02
2.260705642402172089e-02
2.264172770082950592e-02
2.267674542963504791e-02
2.271209284663200378e-02
2.274777740240097046e-02
2.278381027281284332e-02
2.282015606760978699e-02
2.285680547356605530e-02
2.289374172687530518e-02
2.293092943727970123e-02
2.296832390129566193e-02
2.300590090453624725e-02
2.304360084235668182e-02
2.308140136301517487e-02
2.311923168599605560e-02
2.315706014633178711e-02
2.319483086466789246e-02
2.323249727487564087e-02
2.327002212405204773e-02
2.330735512077808380e-02
2.334445714950561523e-02
2.338127605617046356e-02
2.341779880225658417e-02
2.345396578311920166e-02
2.348976954817771912e-02
2.352516166865825653e-02
2.356014214456081390e-02
2.359466813504695892e-02
2.362875267863273621e-02
2.366237156093120575e-02
2.369551733136177063e-02
2.372818626463413239e-02
2.376038581132888794e-02
2.379213087260723114e-02
2.382341399788856506e-02
2.385424636304378510e-02
2.388465963304042816e-02
2.391466684639453888e-02
2.394427917897701263e-02
2.397353947162628174e-02
2.400246635079383850e-02
2.403107658028602600e-02
2.405942045152187347e-02
2.408752590417861938e-02
2.411541528999805450e-02
2.414314635097980499e-02
2.417074143886566162e-02
2.419824153184890747e-02
2.422568760812282562e-02
2.425311878323554993e-02
2.428057603538036346e-02
2.430810965597629547e-02
2.433574944734573364e-02
2.436353266239166260e-02
2.439152263104915619e-02
2.441974729299545288e-02
2.444825507700443268e-02
2.447707951068878174e-02
2.450628019869327545e-02
2.453588880598545074e-02
2.456594444811344147e-02
2.459650300443172455e-02
2.462760545313358307e-02
2.465927973389625549e-02
2.469157986342906952e-02
2.472455427050590515e-02
2.475822903215885162e-02
2.479266002774238586e-02
2.482789382338523865e-02
2.486394904553890228e-02
2.490088716149330139e-02
2.493875846266746521e-02
2.497759275138378143e-02
2.501742914319038391e-02
2.505831606686115265e-02
