1.467940049457773684e-02
1.488618022959301360e-02
1.517812989595873456e-02
1.534831591118895021e-02
1.555026251071321870e-02
1.572824526137321308e-02
1.592254999357308257e-02
1.611622324484803664e-02
1.625913757267823459e-02
1.635793612452714554e-02
1.646150478917570575e-02
1.669758618457044957e-02
1.689332059118923632e-02
1.716159494141335923e-02
1.735675555572848208e-02
1.756715051699383676e-02
1.766965298182571198e-02
1.778785630375195881e-02
1.803343518801721335e-02
1.824837585767767612e-02
1.846266182879770235e-02
1.863963507879259907e-02
1.885020629048463070e-02
1.900709539929670150e-02
1.911730808831465719e-02
1.925561320766308593e-02
1.937563209432907607e-02
1.955539591417347622e-02
1.963581536747674439e-02
1.983759893624404552e-02
1.991276019195938399e-02
1.995986391085383116e-02
2.009948320452064480e-02
2.018987818695477249e-02
2.032664630323037860e-02
2.040342399295674500e-02
2.053389550815051812e-02
2.058041129750863216e-02
2.063329091300222795e-02
2.072463418527327808e-02
2.080395918949057982e-02
2.091919163088393208e-02
2.097052369460150265e-02
2.107300782125533928e-02
2.113625287192170271e-02
2.118544321189208893e-02
2.122368276622337360e-02
2.132114163044834115e-02
2.140552288636196968e-02
2.146940264122243480e-02
2.157600884305151470e-02
2.161534360774310451e-02
2.165138276545304497e-02
2.172966843504195444e-02
2.179192267579197970e-02
2.186230472435990793e-02
2.191831739110376709e-02
2.196699245691851113e-02
2.200348325687508447e-02
2.202610860318568106e-02
2.206173593481061679e-02
2.208876902775676332e-02
2.213185866849732772e-02
2.216078832908179030e-02
2.220056507591423520e-02
2.222592223037285486e-02
2.225664649289673183e-02
2.231029972193813299e-02
2.236596364248609817e-02
2.241481078034861588e-02
2.244751928270388719e-02
2.248950086648691601e-02
2.251386192159467170e-02
2.253032739655392788e-02
2.257527549605147302e-02
2.261308070896878714e-02
2.265962529249630070e-02
2.269527110435728620e-02
2.273124013127679130e-02
2.275311710748692887e-02
2.278461634842115016e-02
2.282374759693800437e-02
2.287021494545250777e-02
2.290975300840128459e-02
2.294201255961519567e-02
2.298513382291946308e-02
2.300435779335450667e-02
2.303055816899047398e-02
2.308670580600917510e-02
2.311779255118644530e-02
2.315891809818644564e-02
2.321540524112656462e-02
2.323721142795487013e-02
2.325922204365239720e-02
2.329605658778089589e-02
2.333009643670076738e-02
2.337684901556398923e-02
2.341009932065568969e-02
2.343901383734794605e-02
2.346270155344566330e-02
2.348635778286541770e-02
2.352096637217427483e-02
2.355560539461390435e-02
2.360984575341446359e-02
2.364616545085898580e-02
2.367699305223677775e-02
2.370293853967903389e-02
2.371896875123659029e-02
2.374481132761022475e-02
2.378362532055243450e-02
2.382944421378289240e-02
2.386267333225317033e-02
2.390157187653303011e-02
2.392692857525417771e-02
2.394585841882566554e-02
2.398169362761170750e-02
2.401444780373319585e-02
2.406658850427843485e-02
2.410660450646004427e-02
2.422865760879008151e-02
2.424909077730977996e-02
2.426533857932076238e-02
2.428964352415686687e-02
2.432136022623241148e-02
2.436141427287753097e-02
2.441491649443507800e-02
2.444239004433771886e-02
2.446417519711628977e-02
2.448021217494161447e-02
2.451191372200919524e-02
2.454539282881793710e-02
2.457994410348445652e-02
2.460967673625383267e-02
2.464074420064737633e-02
2.465837444631910347e-02
2.467284105215579101e-02
2.469187930710961890e-02
2.471655228934876991e-02
2.475150616316592472e-02
2.477429043756787172e-02
2.480413122492546030e-02
2.482033698517872172e-02
2.483122747957662579e-02
2.484932843977408906e-02
2.487379262789064793e-02
2.489979566771974989e-02
2.492031613591064523e-02
2.494359651421284435e-02
2.495527066496592075e-02
2.496320310363129083e-02
