7.536499202251434326e-02
7.625075429677963257e-02
7.714015245437622070e-02
7.803223282098770142e-02
7.892630249261856079e-02
7.982139289379119873e-02
8.071664720773696899e-02
8.161125332117080688e-02
8.250428736209869385e-02
8.339479565620422363e-02
8.428193628787994385e-02
8.516473323106765747e-02
8.604235947132110596e-02
8.691380172967910767e-02
8.777818828821182251e-02
8.863466978073120117e-02
8.948226273059844971e-02
9.032020717859268188e-02
9.114761650562286377e-02
9.196357429027557373e-02
9.276742488145828247e-02
9.355824440717697144e-02
9.433538466691970825e-02
9.509801119565963745e-02
9.584556519985198975e-02
9.657733142375946045e-02
9.729277342557907104e-02
9.799126535654067993e-02
9.867230057716369629e-02
9.933546930551528931e-02
9.998034685850143433e-02
1.006065905094146729e-01
1.012138053774833679e-01
1.018018946051597595e-01
1.023705303668975830e-01
1.029196977615356445e-01
1.034492626786231995e-01
1.039592474699020386e-01
1.044496595859527588e-01
1.049207001924514771e-01
1.053724512457847595e-01
1.058051735162734985e-01
1.062191948294639587e-01
1.066147908568382263e-01
1.069923639297485352e-01
1.073524951934814453e-01
1.076955795288085938e-01
1.080222204327583313e-01
1.083329319953918457e-01
1.086284443736076355e-01
1.089094355702400208e-01
1.091765686869621277e-01
1.094305813312530518e-01
1.096722781658172607e-01
1.099024415016174316e-01
1.101218909025192261e-01
1.103314086794853210e-01
1.105318665504455566e-01
1.107240617275238037e-01
1.109088286757469177e-01
1.110869571566581726e-01
1.112592965364456177e-01
1.114265546202659607e-01
1.115895286202430725e-01
1.117489337921142578e-01
1.119055226445198059e-01
1.120598688721656799e-01
1.122125983238220215e-01
1.123643219470977783e-01
1.125155314803123474e-01
1.126667931675910950e-01
1.128184273838996887e-01
1.129708960652351379e-01
1.131244674324989319e-01
1.132794395089149475e-01
1.134360432624816895e-01
1.135943681001663208e-01
1.137546971440315247e-01
1.139169707894325256e-01
1.140812262892723083e-01
1.142474710941314697e-01
1.144156828522682190e-01
1.145856976509094238e-01
1.147574633359909058e-01
1.149307787418365479e-01
1.151054650545120239e-01
1.152813285589218140e-01
1.154582351446151733e-01
1.156358271837234497e-01
1.158139109611511230e-01
1.159922257065773010e-01
1.161706224083900452e-01
1.163487732410430908e-01
1.165264695882797241e-01
1.167034655809402466e-01
1.168795749545097351e-01
1.170545667409896851e-01
1.172282770276069641e-01
1.174005046486854553e-01
1.175711452960968018e-01
1.177400872111320496e-01
1.179070696234703064e-01
1.180721670389175415e-01
1.182352602481842041e-01
1.183962747454643250e-01
1.185551807284355164e-01
1.187120154500007629e-01
1.188667491078376770e-01
1.190194338560104370e-01
1.191701069474220276e-01
1.193188577890396118e-01
1.194657385349273682e-01
1.196108832955360413e-01
1.197543591260910034e-01
1.198963299393653870e-01
1.200368851423263550e-01
1.201762333512306213e-01
1.203144714236259460e-01
1.204518377780914307e-01
1.205883771181106567e-01
1.207244098186492920e-01
1.208600252866744995e-01
1.209954395890235901e-01
1.211308687925338745e-01
1.212664842605590820e-01
1.214024573564529419e-01
1.215390413999557495e-01
1.216764077544212341e-01
1.218147501349449158e-01
1.219542995095252991e-01
1.220952495932579041e-01
1.222377717494964600e-01
1.223820745944976807e-01
1.225284188985824585e-01
1.226769089698791504e-01
1.228278875350952148e-01
1.229813620448112488e-01
1.231377124786376953e-01
1.232969984412193298e-01
1.234595179557800293e-01
1.236253902316093445e-01
1.237948760390281677e-01
1.239681020379066467e-01
1.241453438997268677e-01
1.243266835808753967e-01
1.245123744010925293e-01
1.247027143836021423e-01
1.248977407813072205e-01
1.250977069139480591e-01
1.253027617931365967e-01
