6.228349357843399048e-02
6.316464394330978394e-02
6.405708938837051392e-02
6.495986878871917725e-02
6.587217748165130615e-02
6.679313629865646362e-02
6.772186607122421265e-02
6.865728646516799927e-02
6.959860026836395264e-02
7.054476439952850342e-02
7.149478793144226074e-02
7.244767993688583374e-02
7.340247929096221924e-02
7.435817271471023560e-02
7.531378418207168579e-02
7.626824080944061279e-02
7.722065597772598267e-02
7.816992700099945068e-02
7.911511510610580444e-02
8.005528897047042847e-02
8.098942041397094727e-02
8.191665261983871460e-02
8.283593505620956421e-02
8.374651521444320679e-02
8.464743196964263916e-02
8.553782850503921509e-02
8.641692996025085449e-02
8.728388696908950806e-02
8.813799172639846802e-02
8.897846937179565430e-02
8.980467170476913452e-02
9.061588346958160400e-02
9.141158312559127808e-02
9.219111502170562744e-02
9.295397251844406128e-02
9.369964897632598877e-02
9.442773461341857910e-02
9.513784945011138916e-02
9.582955390214920044e-02
9.650267660617828369e-02
9.715683013200759888e-02
9.779185801744461060e-02
9.840764850378036499e-02
9.900408238172531128e-02
9.958103299140930176e-02
1.001385226845741272e-01
1.006766483187675476e-01
1.011954769492149353e-01
1.016951352357864380e-01
1.021757945418357849e-01
1.026376783847808838e-01
1.030811741948127747e-01
1.035064756870269775e-01
1.039140075445175171e-01
1.043042168021202087e-01
1.046775206923484802e-01
1.050343811511993408e-01
1.053754165768623352e-01
1.057011187076568604e-01
1.060121282935142517e-01
1.063090190291404724e-01
1.065924242138862610e-01
1.068631559610366821e-01
1.071218699216842651e-01
1.073691993951797485e-01
1.076059117913246155e-01
1.078328043222427368e-01
1.080505847930908203e-01
1.082600429654121399e-01
1.084619164466857910e-01
1.086569502949714661e-01
1.088459342718124390e-01
1.090296432375907898e-01
1.092087179422378540e-01
1.093838587403297424e-01
1.095558851957321167e-01
1.097253337502479553e-01
1.098929047584533691e-01
1.100591868162155151e-01
1.102247387170791626e-01
1.103900596499443054e-01
1.105557307600975037e-01
1.107221171259880066e-01
1.108895838260650635e-01
1.110585927963256836e-01
1.112293004989624023e-01
1.114021167159080505e-01
1.115771681070327759e-01
1.117546111345291138e-01
1.119345054030418396e-01
1.121169477701187134e-01
1.123019382357597351e-01
1.124894469976425171e-01
1.126793101429939270e-01
1.128714755177497864e-01
1.130657419562339783e-01
1.132619306445121765e-01
1.134598031640052795e-01
1.136590465903282166e-01
1.138594150543212891e-01
1.140606254339218140e-01
1.142623499035835266e-01
1.144642680883407593e-01
1.146660149097442627e-01
1.148673444986343384e-01
1.150678694248199463e-01
1.152672991156578064e-01
1.154653578996658325e-01
1.156617477536201477e-01
1.158562004566192627e-01
1.160485595464706421e-01
1.162385642528533936e-01
1.164260432124137878e-01
1.166109070181846619e-01
1.167930290102958679e-01
1.169723793864250183e-01
1.171488687396049500e-01
1.173226088285446167e-01
1.174935922026634216e-01
1.176619231700897217e-01
1.178278252482414246e-01
1.179912835359573364e-01
1.181526854634284973e-01
1.183122321963310242e-01
1.184701547026634216e-01
1.186267659068107605e-01
1.187824681401252747e-01
1.189375892281532288e-01
1.190925240516662598e-01
1.192477270960807800e-01
1.194036081433296204e-01
1.195606663823127747e-01
1.197194010019302368e-01
1.198802068829536438e-01
1.200437322258949280e-01
1.202103644609451294e-01
1.203808039426803589e-01
1.205555200576782227e-01
1.207350045442581177e-01
1.209198385477066040e-01
1.211107075214385986e-01
1.213080659508705139e-01
1.215124353766441345e-01
1.217244863510131836e-01
1.219447702169418335e-01
1.221738234162330627e-01
1.224122643470764160e-01
1.226605400443077087e-01
1.229193732142448425e-01
1.231891587376594543e-01
