6.335607171058654785e-02
6.423510611057281494e-02
6.512498855590820312e-02
6.602496653795242310e-02
6.693420559167861938e-02
6.785178929567337036e-02
6.877681612968444824e-02
6.970842182636260986e-02
7.064573466777801514e-02
7.158765196800231934e-02
7.253336906433105469e-02
7.348189502954483032e-02
7.443226873874664307e-02
7.538352161645889282e-02
7.633463293313980103e-02
7.728464156389236450e-02
7.823272794485092163e-02
7.917775958776473999e-02
8.011884987354278564e-02
8.105508238077163696e-02
8.198551088571548462e-02
8.290919661521911621e-02
8.382534235715866089e-02
8.473294973373413086e-02
8.563129603862762451e-02
8.651948720216751099e-02
8.739673346281051636e-02
8.826231211423873901e-02
8.911543339490890503e-02
8.995544165372848511e-02
9.078164398670196533e-02
9.159339219331741333e-02
9.239014238119125366e-02
9.317133575677871704e-02
9.393648058176040649e-02
9.468501806259155273e-02
9.541658312082290649e-02
9.613082557916641235e-02
9.682730585336685181e-02
9.750591963529586792e-02
9.816624224185943604e-02
9.880818426609039307e-02
9.943156689405441284e-02
1.000363081693649292e-01
1.006223335862159729e-01
1.011896058917045593e-01
1.017382964491844177e-01
1.022683680057525635e-01
1.027800142765045166e-01
1.032734140753746033e-01
1.037488281726837158e-01
1.042064577341079712e-01
1.046467125415802002e-01
1.050699055194854736e-01
1.054764539003372192e-01
1.058667227625846863e-01
1.062412858009338379e-01
1.066006496548652649e-01
1.069453135132789612e-01
1.072758212685585022e-01
1.075928360223770142e-01
1.078969910740852356e-01
1.081889122724533081e-01
1.084692031145095825e-01
1.087386757135391235e-01
1.089978963136672974e-01
1.092476844787597656e-01
1.094886735081672668e-01
1.097215935587882996e-01
1.099471673369407654e-01
1.101661100983619690e-01
1.103791147470474243e-01
1.105868741869926453e-01
1.107899919152259827e-01
1.109892949461936951e-01
1.111851930618286133e-01
1.113784313201904297e-01
1.115694865584373474e-01
1.117590218782424927e-01
1.119474098086357117e-01
1.121351718902587891e-01
1.123227253556251526e-01
1.125104203820228577e-01
1.126986145973205566e-01
1.128875911235809326e-01
1.130775436758995056e-01
1.132686808705329895e-01
1.134611815214157104e-01
1.136550977826118469e-01
1.138503924012184143e-01
1.140472069382667542e-01
1.142453923821449280e-01
1.144448742270469666e-01
1.146455407142639160e-01
1.148471906781196594e-01
1.150496378540992737e-01
1.152526289224624634e-01
1.154559701681137085e-01
1.156592741608619690e-01
1.158623546361923218e-01
1.160648316144943237e-01
1.162664294242858887e-01
1.164668276906013489e-01
1.166657209396362305e-01
1.168627440929412842e-01
1.170577183365821838e-01
1.172502711415290833e-01
1.174401864409446716e-01
1.176272630691528320e-01
1.178112104535102844e-01
1.179919689893722534e-01
1.181693002581596375e-01
1.183431819081306458e-01
1.185135096311569214e-01
1.186802685260772705e-01
1.188434511423110962e-01
1.190031468868255615e-01
1.191594004631042480e-01
1.193123608827590942e-01
1.194622442126274109e-01
1.196092218160629272e-01
1.197535544633865356e-01
1.198955476284027100e-01
1.200354620814323425e-01
1.201736852526664734e-01
1.203106045722961426e-01
1.204466372728347778e-01
1.205821931362152100e-01
1.207177937030792236e-01
1.208537817001342773e-01
1.209908053278923035e-01
1.211293414235115051e-01
1.212699338793754578e-01
1.214130744338035583e-01
1.215593442320823669e-01
1.217093393206596375e-01
1.218636631965637207e-01
1.220228448510169983e-01
1.221874430775642395e-01
1.223581135272979736e-01
1.225354149937629700e-01
1.227199584245681763e-01
1.229123398661613464e-01
1.231130659580230713e-01
1.233228370547294617e-01
1.235421672463417053e-01
1.237716376781463623e-01
1.240118518471717834e-01
1.242633610963821411e-01
1.245267316699028015e-01
