8.614615797996520996e-01
8.595689535140991211e-01
8.576694726943969727e-01
8.557647466659545898e-01
8.538562059402465820e-01
8.519455790519714355e-01
8.500342369079589844e-01
8.481239080429077148e-01
8.462162017822265625e-01
8.443126678466796875e-01
8.424149751663208008e-01
8.405247926712036133e-01
8.386434912681579590e-01
8.367730379104614258e-01
8.349148035049438477e-01
8.330705165863037109e-01
8.312415480613708496e-01
8.294296860694885254e-01
8.276362419128417969e-01
8.258627057075500488e-01
8.241106867790222168e-01
8.223814964294433594e-01
8.206765055656433105e-01
8.189970254898071289e-01
8.173443078994750977e-01
8.157196640968322754e-01
8.141241073608398438e-01
8.125590085983276367e-01
8.110251426696777344e-01
8.095234036445617676e-01
8.080551028251647949e-01
8.066205978393554688e-01
8.052209019660949707e-01
8.038566708564758301e-01
8.025285601615905762e-01
8.012368679046630859e-01
7.999821305274963379e-01
7.987647056579589844e-01
7.975848913192749023e-01
7.964426875114440918e-01
7.953382134437561035e-01
7.942715287208557129e-01
7.932423353195190430e-01
7.922505736351013184e-01
7.912958264350891113e-01
7.903777360916137695e-01
7.894958257675170898e-01
7.886494398117065430e-01
7.878379821777343750e-01
7.870605587959289551e-01
7.863163352012634277e-01
7.856044173240661621e-01
7.849237918853759766e-01
7.842732667922973633e-01
7.836517691612243652e-01
7.830580472946166992e-01
7.824907898902893066e-01
7.819486260414123535e-01
7.814300656318664551e-01
7.809338569641113281e-01
7.804583311080932617e-01
7.800021767616271973e-01
7.795637249946594238e-01
7.791415452957153320e-01
7.787340879440307617e-01
7.783397436141967773e-01
7.779572010040283203e-01
7.775847911834716797e-01
7.772212028503417969e-01
7.768650054931640625e-01
7.765149474143981934e-01
7.761697769165039062e-01
7.758282423019409180e-01
7.754892110824584961e-01
7.751518487930297852e-01
7.748150229454040527e-01
7.744779586791992188e-01
7.741400599479675293e-01
7.738005518913269043e-01
7.734589576721191406e-01
7.731149792671203613e-01
7.727682590484619141e-01
7.724184989929199219e-01
7.720657587051391602e-01
7.717099785804748535e-01
7.713512182235717773e-01
7.709897160530090332e-01
7.706256508827209473e-01
7.702594995498657227e-01
7.698915004730224609e-01
7.695221304893493652e-01
7.691519260406494141e-01
7.687814235687255859e-01
7.684110403060913086e-01
7.680413722991943359e-01
7.676730155944824219e-01
7.673065066337585449e-01
7.669423222541809082e-01
7.665809988975524902e-01
7.662231326103210449e-01
7.658690214157104492e-01
7.655191421508789062e-01
7.651739120483398438e-01
7.648335695266723633e-01
7.644984126091003418e-01
7.641686797142028809e-01
7.638445496559143066e-01
7.635259628295898438e-01
7.632132172584533691e-01
7.629061937332153320e-01
7.626046538352966309e-01
7.623088359832763672e-01
7.620183229446411133e-01
7.617330551147460938e-01
7.614527344703674316e-01
7.611770629882812500e-01
7.609056830406188965e-01
7.606383562088012695e-01
7.603746056556701660e-01
7.601141333580017090e-01
7.598564028739929199e-01
7.596009373664855957e-01
7.593473196029663086e-01
7.590951323509216309e-01
7.588438391685485840e-01
7.585927844047546387e-01
7.583417296409606934e-01
7.580900788307189941e-01
7.578372359275817871e-01
7.575827836990356445e-01
7.573261857032775879e-01
7.570669651031494141e-01
7.568045854568481445e-01
7.565385699272155762e-01
7.562685608863830566e-01
7.559939026832580566e-01
7.557141184806823730e-01
7.554289698600769043e-01
7.551379203796386719e-01
7.548404932022094727e-01
7.545362710952758789e-01
7.542248368263244629e-01
7.539058327674865723e-01
7.535790205001831055e-01
7.532437443733215332e-01
7.528997659683227539e-01
7.525467276573181152e-01
7.521842122077941895e-01
7.518120408058166504e-01
7.514296770095825195e-01
