1.481121033430099487e-02
1.498962659388780594e-02
1.516861189156770706e-02
1.534802187234163284e-02
1.552769728004932404e-02
1.570743136107921600e-02
1.588707044720649719e-02
1.606643758714199066e-02
1.624534837901592255e-02
1.642364263534545898e-02
1.660110987722873688e-02
1.677760295569896698e-02
1.695292070508003235e-02
1.712688058614730835e-02
1.729932427406311035e-02
1.747006736695766449e-02
1.763895340263843536e-02
1.780579239130020142e-02
1.797041483223438263e-02
1.813270524144172668e-02
1.829246617853641510e-02
1.844956539571285248e-02
1.860386505722999573e-02
1.875523291528224945e-02
1.890352927148342133e-02
1.904865726828575134e-02
1.919049024581909180e-02
1.932891830801963806e-02
1.946389302611351013e-02
1.959528401494026184e-02
1.972305029630661011e-02
1.984713226556777954e-02
1.996747031807899475e-02
2.008401788771152496e-02
2.019678428769111633e-02
2.030573226511478424e-02
2.041085436940193176e-02
2.051216550171375275e-02
2.060969546437263489e-02
2.070346102118492126e-02
2.079351618885993958e-02
2.087991312146186829e-02
2.096274308860301971e-02
2.104203589260578156e-02
2.111791260540485382e-02
2.119045890867710114e-02
2.125978097319602966e-02
2.132600918412208557e-02
2.138924226164817810e-02
2.144964225590229034e-02
2.150731906294822693e-02
2.156243100762367249e-02
2.161512523889541626e-02
2.166556380689144135e-02
2.171388268470764160e-02
2.176025882363319397e-02
2.180484496057033539e-02
2.184780500829219818e-02
2.188928611576557159e-02
2.192946709692478180e-02
2.196848578751087189e-02
2.200652286410331726e-02
2.204369194805622101e-02
2.208015508949756622e-02
2.211601845920085907e-02
2.215145528316497803e-02
2.218654938042163849e-02
2.222142927348613739e-02
2.225619740784168243e-02
2.229092642664909363e-02
2.232572063803672791e-02
2.236065268516540527e-02
2.239577285945415497e-02
2.243112772703170776e-02
2.246678806841373444e-02
2.250274829566478729e-02
2.253905124962329865e-02
2.257568947970867157e-02
2.261269092559814453e-02
2.265002019703388214e-02
2.268767729401588440e-02
2.272565104067325592e-02
2.276388555765151978e-02
2.280237153172492981e-02
2.284103818237781525e-02
2.287988923490047455e-02
2.291882596909999847e-02
2.295784465968608856e-02
2.299686521291732788e-02
2.303584478795528412e-02
2.307474426925182343e-02
2.311349287629127502e-02
2.315205521881580353e-02
2.319037914276123047e-02
2.322840876877307892e-02
2.326610870659351349e-02
2.330346591770648956e-02
2.334040589630603790e-02
2.337692677974700928e-02
2.341298386454582214e-02
2.344856038689613342e-02
2.348363213241100311e-02
2.351819537580013275e-02
2.355224452912807465e-02
2.358575724065303802e-02
2.361874654889106750e-02
2.365121431648731232e-02
2.368316240608692169e-02
2.371459826827049255e-02
2.374555170536041260e-02
2.377602830529212952e-02
2.380604483187198639e-02
2.383563295006752014e-02
2.386481873691082001e-02
2.389362454414367676e-02
2.392209321260452271e-02
2.395024150609970093e-02
2.397812157869338989e-02
2.400575019419193268e-02
2.403317391872406006e-02
2.406043000519275665e-02
2.408755198121070862e-02
2.411458455026149750e-02
2.414155751466751099e-02
2.416852116584777832e-02
2.419551461935043335e-02
2.422257885336875916e-02
2.424976229667663574e-02
2.427709102630615234e-02
2.430460415780544281e-02
2.433235011994838715e-02
2.436038106679916382e-02
2.438871189951896667e-02
2.441740036010742188e-02
2.444647625088691711e-02
2.447598800063133240e-02
2.450596727430820465e-02
2.453646622598171234e-02
2.456750534474849701e-02
2.459912374615669250e-02
2.463136427104473114e-02
2.466428652405738831e-02
2.469789795577526093e-02
2.473224326968193054e-02
2.476737834513187408e-02
2.480330690741539001e-02
2.484010346233844757e-02
2.487777732312679291e-02
2.491637133061885834e-02
2.495593577623367310e-02
