1.483444962650537491e-02
1.501524820923805237e-02
1.519654691219329834e-02
1.537816040217876434e-02
1.555993407964706421e-02
1.574167795479297638e-02
1.592322625219821930e-02
1.610437408089637756e-02
1.628495194017887115e-02
1.646476984024047852e-02
1.664363779127597809e-02
1.682137325406074524e-02
1.699780300259590149e-02
1.717274636030197144e-02
1.734599843621253967e-02
1.751740649342536926e-02
1.768678799271583557e-02
1.785396039485931396e-02
1.801878027617931366e-02
1.818109117448329926e-02
1.834071241319179535e-02
1.849752105772495270e-02
1.865138299763202667e-02
1.880212686955928802e-02
1.894968189299106598e-02
1.909388601779937744e-02
1.923465542495250702e-02
1.937190629541873932e-02
1.950552314519882202e-02
1.963545382022857666e-02
1.976162008941173553e-02
1.988395489752292633e-02
2.000244893133640289e-02
2.011704444885253906e-02
2.022774145007133484e-02
2.033448964357376099e-02
2.043733000755310059e-02
2.053628303110599518e-02
2.063134871423244476e-02
2.072256244719028473e-02
2.080999873578548431e-02
2.089371345937252045e-02
2.097376063466072083e-02
2.105023339390754700e-02
2.112322673201560974e-02
2.119281888008117676e-02
2.125917561352252960e-02
2.132234908640384674e-02
2.138251438736915588e-02
2.143978513777256012e-02
2.149430476129055023e-02
2.154624089598655701e-02
2.159572206437587738e-02
2.164290845394134521e-02
2.168797515332698822e-02
2.173107303678989410e-02
2.177236974239349365e-02
2.181202732026576996e-02
2.185019291937351227e-02
2.188706584274768829e-02
2.192277647554874420e-02
2.195749804377555847e-02
2.199134044349193573e-02
2.202451229095458984e-02
2.205710671842098236e-02
2.208928763866424561e-02
2.212115563452243805e-02
2.215283550322055817e-02
2.218444645404815674e-02
2.221605367958545685e-02
2.224778942763805389e-02
2.227970398962497711e-02
2.231186442077159882e-02
2.234434522688388824e-02
2.237716503441333771e-02
2.241039089858531952e-02
2.244403958320617676e-02
2.247811667621135712e-02
2.251263894140720367e-02
2.254758775234222412e-02
2.258296124637126923e-02
2.261876128613948822e-02
2.265494503080844879e-02
2.269147522747516632e-02
2.272831089794635773e-02
2.276543155312538147e-02
2.280276641249656677e-02
2.284027636051177979e-02
2.287791483104228973e-02
2.291562221944332123e-02
2.295336127281188965e-02
2.299104258418083191e-02
2.302864566445350647e-02
2.306610532104969025e-02
2.310336753726005554e-02
2.314040623605251312e-02
2.317714691162109375e-02
2.321356907486915588e-02
2.324962988495826721e-02
2.328529953956604004e-02
2.332052774727344513e-02
2.335532195866107941e-02
2.338963933289051056e-02
2.342346496880054474e-02
2.345681190490722656e-02
2.348964102566242218e-02
2.352195605635643005e-02
2.355375513434410095e-02
2.358507737517356873e-02
2.361588552594184875e-02
2.364621311426162720e-02
2.367607690393924713e-02
2.370548062026500702e-02
2.373447827994823456e-02
2.376305870711803436e-02
2.379127405583858490e-02
2.381913177669048309e-02
2.384666539728641510e-02
2.387393452227115631e-02
2.390096150338649750e-02
2.392777055501937866e-02
2.395440638065338135e-02
2.398090995848178864e-02
2.400731295347213745e-02
2.403366751968860626e-02
2.406000718474388123e-02
2.408635616302490234e-02
2.411279082298278809e-02
2.413930185139179230e-02
2.416600100696086884e-02
2.419286966323852539e-02
2.421998232603073120e-02
2.424735389649868011e-02
2.427506446838378906e-02
2.430309168994426727e-02
2.433154545724391937e-02
2.436042763292789459e-02
2.438979409635066986e-02
2.441966906189918518e-02
2.445010095834732056e-02
2.448113635182380676e-02
2.451281435787677765e-02
2.454515360295772552e-02
2.457822859287261963e-02
2.461204491555690765e-02
2.464664913713932037e-02
2.468209154903888702e-02
2.471840567886829376e-02
2.475563995540142059e-02
2.479381673038005829e-02
