6.274509429931640625e-02
6.364214420318603516e-02
6.455031037330627441e-02
6.546866893768310547e-02
6.639653444290161133e-02
6.733277440071105957e-02
6.827646493911743164e-02
6.922683119773864746e-02
7.018259167671203613e-02
7.114297151565551758e-02
7.210689783096313477e-02
7.307341694831848145e-02
7.404136657714843750e-02
7.500985264778137207e-02
7.597783207893371582e-02
7.694426178932189941e-02
7.790821790695190430e-02
7.886853814125061035e-02
7.982435822486877441e-02
8.077463507652282715e-02
8.171841502189636230e-02
8.265474438667297363e-02
8.358272910118103027e-02
8.450147509574890137e-02
8.540999889373779297e-02
8.630755543708801270e-02
8.719331026077270508e-02
8.806639909744262695e-02
8.892613649368286133e-02
8.977165818214416504e-02
9.060245752334594727e-02
9.141784906387329102e-02
9.221714735031127930e-02
9.299981594085693359e-02
9.376534819602966309e-02
9.451317787170410156e-02
9.524297714233398438e-02
9.595426917076110840e-02
9.664678573608398438e-02
9.732019901275634766e-02
9.797424077987670898e-02
9.860867261886596680e-02
9.922346472740173340e-02
9.981846809387207031e-02
1.003935933113098145e-01
1.009487509727478027e-01
1.014842391014099121e-01
1.019999086856842041e-01
1.024960577487945557e-01
1.029728353023529053e-01
1.034304201602935791e-01
1.038691699504852295e-01
1.042894124984741211e-01
1.046914160251617432e-01
1.050758659839630127e-01
1.054428517818450928e-01
1.057930588722229004e-01
1.061270236968994141e-01
1.064453721046447754e-01
1.067484915256500244e-01
1.070372164249420166e-01
1.073119938373565674e-01
1.075737476348876953e-01
1.078229546546936035e-01
1.080604791641235352e-01
1.082869172096252441e-01
1.085030436515808105e-01
1.087096631526947021e-01
1.089074909687042236e-01
1.090972721576690674e-01
1.092796623706817627e-01
1.094556152820587158e-01
1.096256077289581299e-01
1.097905039787292480e-01
1.099509596824645996e-01
1.101076006889343262e-01
1.102611422538757324e-01
1.104120612144470215e-01
1.105611324310302734e-01
1.107086837291717529e-01
1.108553707599639893e-01
1.110015511512756348e-01
1.111477315425872803e-01
1.112941801548004150e-01
1.114412844181060791e-01
1.115893125534057617e-01
1.117384433746337891e-01
1.118889153003692627e-01
1.120407581329345703e-01
1.121941208839416504e-01
1.123490333557128906e-01
1.125054061412811279e-01
1.126632094383239746e-01
1.128224134445190430e-01
1.129827797412872314e-01
1.131442785263061523e-01
1.133064329624176025e-01
1.134693324565887451e-01
1.136325597763061523e-01
1.137958168983459473e-01
1.139589250087738037e-01
1.141214966773986816e-01
1.142834424972534180e-01
1.144441962242126465e-01
1.146036684513092041e-01
1.147615313529968262e-01
1.149175465106964111e-01
1.150715053081512451e-01
1.152231097221374512e-01
1.153723001480102539e-01
1.155188679695129395e-01
1.156625747680664062e-01
1.158035397529602051e-01
1.159415841102600098e-01
1.160767376422882080e-01
1.162089407444000244e-01
1.163383126258850098e-01
1.164649724960327148e-01
1.165890693664550781e-01
1.167106628417968750e-01
1.168300509452819824e-01
1.169474422931671143e-01
1.170631945133209229e-01
1.171774864196777344e-01
1.172907054424285889e-01
1.174032688140869141e-01
1.175155639648437500e-01
1.176278293132781982e-01
1.177408099174499512e-01
1.178547739982604980e-01
1.179701983928680420e-01
1.180876195430755615e-01
1.182074844837188721e-01
1.183304190635681152e-01
1.184569299221038818e-01
1.185874938964843750e-01
1.187226772308349609e-01
1.188631057739257812e-01
1.190092265605926514e-01
1.191616058349609375e-01
1.193208098411560059e-01
1.194875538349151611e-01
1.196622252464294434e-01
1.198453903198242188e-01
1.200376749038696289e-01
1.202395558357238770e-01
1.204516589641571045e-01
1.206744313240051270e-01
1.209085285663604736e-01
1.211544871330261230e-01
