8.614892959594726562e-01
8.596202135086059570e-01
8.577425479888916016e-01
8.558578491210937500e-01
8.539676666259765625e-01
8.520735502243041992e-01
8.501772880554199219e-01
8.482803702354431152e-01
8.463845252990722656e-01
8.444914817810058594e-01
8.426027297973632812e-01
8.407201170921325684e-01
8.388452529907226562e-01
8.369799852371215820e-01
8.351256847381591797e-01
8.332842588424682617e-01
8.314571380615234375e-01
8.296461105346679688e-01
8.278527259826660156e-01
8.260784745216369629e-01
8.243248462677001953e-01
8.225935697555541992e-01
8.208858966827392578e-01
8.192031383514404297e-01
8.175468444824218750e-01
8.159182071685791016e-01
8.143184185028076172e-01
8.127487897872924805e-01
8.112103939056396484e-01
8.097041845321655273e-01
8.082312345504760742e-01
8.067922592163085938e-01
8.053883314132690430e-01
8.040200471878051758e-01
8.026880621910095215e-01
8.013929128646850586e-01
8.001350760459899902e-01
7.989150881767272949e-01
7.977330684661865234e-01
7.965892553329467773e-01
7.954837083816528320e-01
7.944164872169494629e-01
7.933875322341918945e-01
7.923964858055114746e-01
7.914432287216186523e-01
7.905271649360656738e-01
7.896479368209838867e-01
7.888048887252807617e-01
7.879973649978637695e-01
7.872244119644165039e-01
7.864853143692016602e-01
7.857791185379028320e-01
7.851045131683349609e-01
7.844605445861816406e-01
7.838459610939025879e-01
7.832592725753784180e-01
7.826994657516479492e-01
7.821646928787231445e-01
7.816538214683532715e-01
7.811651229858398438e-01
7.806971073150634766e-01
7.802480459213256836e-01
7.798166275024414062e-01
7.794008851051330566e-01
7.789994478225708008e-01
7.786105871200561523e-01
7.782326936721801758e-01
7.778643965721130371e-01
7.775040864944458008e-01
7.771501541137695312e-01
7.768015265464782715e-01
7.764566540718078613e-01
7.761143445968627930e-01
7.757735848426818848e-01
7.754332423210144043e-01
7.750923633575439453e-01
7.747501134872436523e-01
7.744058966636657715e-01
7.740589380264282227e-01
7.737089395523071289e-01
7.733553647994995117e-01
7.729979753494262695e-01
7.726367712020874023e-01
7.722716331481933594e-01
7.719025611877441406e-01
7.715299129486083984e-01
7.711536884307861328e-01
7.707743644714355469e-01
7.703921794891357422e-01
7.700077891349792480e-01
7.696215510368347168e-01
7.692340612411499023e-01
7.688458561897277832e-01
7.684575915336608887e-01
7.680697441101074219e-01
7.676829099655151367e-01
7.672978043556213379e-01
7.669148445129394531e-01
7.665346264839172363e-01
7.661576271057128906e-01
7.657842636108398438e-01
7.654149532318115234e-01
7.650501728057861328e-01
7.646901607513427734e-01
7.643350362777709961e-01
7.639852762222290039e-01
7.636409401893615723e-01
7.633020877838134766e-01
7.629687190055847168e-01
7.626409530639648438e-01
7.623186111450195312e-01
7.620017528533935547e-01
7.616900801658630371e-01
7.613835334777832031e-01
7.610818147659301758e-01
7.607846260070800781e-01
7.604918479919433594e-01
7.602031230926513672e-01
7.599179744720458984e-01
7.596361637115478516e-01
7.593573331832885742e-01
7.590811252593994141e-01
7.588069438934326172e-01
7.585346102714538574e-01
7.582635879516601562e-01
7.579934597015380859e-01
7.577238082885742188e-01
7.574542760848999023e-01
7.571843862533569336e-01
7.569137811660766602e-01
7.566418647766113281e-01
7.563683986663818359e-01
7.560930252075195312e-01
7.558152079582214355e-01
7.555345892906188965e-01
7.552508115768432617e-01
7.549633979797363281e-01
7.546721696853637695e-01
7.543766498565673828e-01
7.540764808654785156e-01
7.537714242935180664e-01
7.534610033035278320e-01
7.531448602676391602e-01
7.528228759765625000e-01
7.524945735931396484e-01
7.521597146987915039e-01
7.518180012702941895e-01
7.514691352844238281e-01
7.511128187179565430e-01
7.507487535476684570e-01
