8.609997034072875977e-01
8.590897321701049805e-01
8.571725487709045410e-01
8.552497029304504395e-01
8.533226847648620605e-01
8.513929843902587891e-01
8.494622707366943359e-01
8.475321531295776367e-01
8.456040620803833008e-01
8.436799049377441406e-01
8.417611122131347656e-01
8.398493528366088867e-01
8.379463553428649902e-01
8.360536098480224609e-01
8.341728448867797852e-01
8.323056101799011230e-01
8.304534554481506348e-01
8.286181092262268066e-01
8.268009424209594727e-01
8.250036239624023438e-01
8.232275843620300293e-01
8.214742541313171387e-01
8.197449445724487305e-01
8.180413246154785156e-01
8.163644671440124512e-01
8.147156238555908203e-01
8.130961656570434570e-01
8.115071058273315430e-01
8.099496364593505859e-01
8.084247112274169922e-01
8.069334030151367188e-01
8.054763078689575195e-01
8.040546178817749023e-01
8.026686906814575195e-01
8.013194799423217773e-01
8.000072240829467773e-01
7.987326383590698242e-01
7.974959611892700195e-01
7.962976098060607910e-01
7.951375842094421387e-01
7.940161228179931641e-01
7.929331660270690918e-01
7.918885350227355957e-01
7.908821105957031250e-01
7.899135947227478027e-01
7.889825105667114258e-01
7.880884408950805664e-01
7.872306704521179199e-01
7.864085435867309570e-01
7.856212258338928223e-01
7.848678827285766602e-01
7.841475009918212891e-01
7.834589481353759766e-01
7.828010916709899902e-01
7.821728587150573730e-01
7.815726995468139648e-01
7.809994220733642578e-01
7.804514765739440918e-01
7.799273729324340820e-01
7.794257402420043945e-01
7.789448499679565430e-01
7.784832119941711426e-01
7.780391573905944824e-01
7.776111364364624023e-01
7.771973609924316406e-01
7.767964601516723633e-01
7.764068245887756348e-01
7.760268449783325195e-01
7.756550312042236328e-01
7.752900123596191406e-01
7.749303579330444336e-01
7.745746970176696777e-01
7.742220163345336914e-01
7.738710641860961914e-01
7.735208272933959961e-01
7.731703519821166992e-01
7.728189229965209961e-01
7.724658250808715820e-01
7.721103429794311523e-01
7.717522382736206055e-01
7.713909149169921875e-01
7.710263729095458984e-01
7.706582546234130859e-01
7.702866792678833008e-01
7.699117660522460938e-01
7.695335149765014648e-01
7.691522836685180664e-01
7.687684297561645508e-01
7.683823704719543457e-01
7.679945230484008789e-01
7.676053047180175781e-01
7.672153115272521973e-01
7.668251991271972656e-01
7.664354443550109863e-01
7.660466432571411133e-01
7.656593918800354004e-01
7.652742862701416016e-01
7.648918628692626953e-01
7.645126581192016602e-01
7.641370296478271484e-01
7.637655138969421387e-01
7.633985280990600586e-01
7.630363106727600098e-01
7.626793384552001953e-01
7.623276710510253906e-01
7.619814872741699219e-01
7.616410255432128906e-01
7.613063454627990723e-01
7.609774470329284668e-01
7.606541514396667480e-01
7.603365182876586914e-01
7.600244283676147461e-01
7.597177028656005859e-01
7.594159245491027832e-01
7.591191530227661133e-01
7.588269114494323730e-01
7.585388422012329102e-01
7.582547664642333984e-01
7.579740285873413086e-01
7.576965093612670898e-01
7.574217319488525391e-01
7.571491599082946777e-01
7.568784952163696289e-01
7.566091418266296387e-01
7.563408017158508301e-01
7.560729980468750000e-01
7.558052539825439453e-01
7.555370330810546875e-01
7.552679181098937988e-01
7.549976110458374023e-01
7.547255754470825195e-01
7.544512748718261719e-01
7.541744709014892578e-01
7.538946866989135742e-01
7.536113262176513672e-01
7.533242106437683105e-01
7.530329823493957520e-01
7.527371048927307129e-01
7.524362206459045410e-01
7.521300315856933594e-01
7.518182396888732910e-01
7.515004873275756836e-01
7.511762976646423340e-01
7.508454918861389160e-01
7.505077719688415527e-01
7.501627206802368164e-01
7.498102188110351562e-01
7.494498491287231445e-01
7.490812540054321289e-01
7.487044334411621094e-01
