7.431290578097105026e-03
7.521533872932195663e-03
7.612094283103942871e-03
7.702901959419250488e-03
7.793874945491552353e-03
7.884909398853778839e-03
7.975930348038673401e-03
8.066846989095211029e-03
8.157566189765930176e-03
8.248005062341690063e-03
8.338063955307006836e-03
8.427660912275314331e-03
8.516697213053703308e-03
8.605080656707286835e-03
8.692729286849498749e-03
8.779549039900302887e-03
8.865461684763431549e-03
8.950367569923400879e-03
9.034180082380771637e-03
9.116840548813343048e-03
9.198248386383056641e-03
9.278334677219390869e-03
9.357025846838951111e-03
9.434255771338939667e-03
9.509951807558536530e-03
9.584063664078712463e-03
9.656520560383796692e-03
9.727269411087036133e-03
9.796282276511192322e-03
9.863491170108318329e-03
9.928873740136623383e-03
9.992396458983421326e-03
1.005402766168117523e-02
1.011374127119779587e-02
1.017153821885585785e-02
1.022740267217159271e-02
1.028132624924182892e-02
1.033331267535686493e-02
1.038337592035531998e-02
1.043152902275323868e-02
1.047778967767953873e-02
1.052218582481145859e-02
1.056476403027772903e-02
1.060553733259439468e-02
1.064456533640623093e-02
1.068189367651939392e-02
1.071757171303033829e-02
1.075166650116443634e-02
1.078422926366329193e-02
1.081533916294574738e-02
1.084505487233400345e-02
1.087345555424690247e-02
1.090061571449041367e-02
1.092661824077367783e-02
1.095153111964464188e-02
1.097544748336076736e-02
1.099844370037317276e-02
1.102060358971357346e-02
1.104200445115566254e-02
1.106273476034402847e-02
1.108286809176206589e-02
1.110249478369951248e-02
1.112167723476886749e-02
1.114049553871154785e-02
1.115900278091430664e-02
1.117729209363460541e-02
1.119540445506572723e-02
1.121340692043304443e-02
1.123135350644588470e-02
1.124927960336208344e-02
1.126724015921354294e-02
1.128527149558067322e-02
1.130340527743101120e-02
1.132165826857089996e-02
1.134007051587104797e-02
1.135863829404115677e-02
1.137738768011331558e-02
1.139631122350692749e-02
1.141542289406061172e-02
1.143470872193574905e-02
1.145416498184204102e-02
1.147378887981176376e-02
1.149354968219995499e-02
1.151344459503889084e-02
1.153343729674816132e-02
1.155352499336004257e-02
1.157366391271352768e-02
1.159384753555059433e-02
1.161403674632310867e-02
1.163420453667640686e-02
1.165433973073959351e-02
1.167439855635166168e-02
1.169436424970626831e-02
1.171420887112617493e-02
1.173390541225671768e-02
1.175343524664640427e-02
1.177279185503721237e-02
1.179193425923585892e-02
1.181086339056491852e-02
1.182955503463745117e-02
1.184799987822771072e-02
1.186618767678737640e-02
1.188411284238100052e-02
1.190177351236343384e-02
1.191916037350893021e-02
1.193627528846263885e-02
1.195312477648258209e-02
1.196970511227846146e-02
1.198602095246315002e-02
1.200208999216556549e-02
1.201791223138570786e-02
1.203349791467189789e-02
1.204886380583047867e-02
1.206402014940977097e-02
1.207898184657096863e-02
1.209377031773328781e-02
1.210839301347732544e-02
1.212287694215774536e-02
1.213723234832286835e-02
1.215148344635963440e-02
1.216564793139696121e-02
1.217974349856376648e-02
1.219379529356956482e-02
1.220781635493040085e-02
1.222183462232351303e-02
1.223587058484554291e-02
1.224994380027055740e-02
1.226407662034034729e-02
1.227829139679670334e-02
1.229260303080081940e-02
1.230703666806221008e-02
1.232161838561296463e-02
1.233635749667882919e-02
1.235128752887248993e-02
1.236642058938741684e-02
1.238177809864282608e-02
1.239738520234823227e-02
1.241326238960027695e-02
1.242942363023757935e-02
1.244589127600193024e-02
1.246268115937709808e-02
1.247982867062091827e-02
1.249733753502368927e-02
1.251523289829492569e-02
1.253354270011186600e-02
1.255226600915193558e-02
1.257144659757614136e-02
1.259108725935220718e-02
1.261120848357677460e-02
1.263184007257223129e-02
