8.613511919975280762e-01
8.594656586647033691e-01
8.575721383094787598e-01
8.556721806526184082e-01
8.537673354148864746e-01
8.518591523170471191e-01
8.499492406845092773e-01
8.480391502380371094e-01
8.461306095123291016e-01
8.442251682281494141e-01
8.423246741294860840e-01
8.404305577278137207e-01
8.385444879531860352e-01
8.366683125495910645e-01
8.348034620285034180e-01
8.329517841339111328e-01
8.311144709587097168e-01
8.292935490608215332e-01
8.274903297424316406e-01
8.257063031196594238e-01
8.239431977272033691e-01
8.222022652626037598e-01
8.204848766326904297e-01
8.187925219535827637e-01
8.171265125274658203e-01
8.154881000518798828e-01
8.138784766197204590e-01
8.122987151145935059e-01
8.107500076293945312e-01
8.092333078384399414e-01
8.077495098114013672e-01
8.062996864318847656e-01
8.048844337463378906e-01
8.035045266151428223e-01
8.021605610847473145e-01
8.008531928062438965e-01
7.995828390121459961e-01
7.983497977256774902e-01
7.971544861793518066e-01
7.959969043731689453e-01
7.948772907257080078e-01
7.937956452369689941e-01
7.927517890930175781e-01
7.917456030845642090e-01
7.907767295837402344e-01
7.898448705673217773e-01
7.889494299888610840e-01
7.880899906158447266e-01
7.872655987739562988e-01
7.864758372306823730e-01
7.857195734977722168e-01
7.849959731101989746e-01
7.843039631843566895e-01
7.836424708366394043e-01
7.830103039741516113e-01
7.824062705039978027e-01
7.818289399147033691e-01
7.812769412994384766e-01
7.807489633560180664e-01
7.802434563636779785e-01
7.797588109970092773e-01
7.792937159538269043e-01
7.788465023040771484e-01
7.784155011177062988e-01
7.779994010925292969e-01
7.775964736938476562e-01
7.772051692008972168e-01
7.768242359161376953e-01
7.764519453048706055e-01
7.760869264602661133e-01
7.757280468940734863e-01
7.753738164901733398e-01
7.750231027603149414e-01
7.746748328208923340e-01
7.743278741836547852e-01
7.739813327789306641e-01
7.736344933509826660e-01
7.732865810394287109e-01
7.729368805885314941e-01
7.725849151611328125e-01
7.722303271293640137e-01
7.718727588653564453e-01
7.715120315551757812e-01
7.711480855941772461e-01
7.707807421684265137e-01
7.704103589057922363e-01
7.700368762016296387e-01
7.696605920791625977e-01
7.692818641662597656e-01
7.689010500907897949e-01
7.685183286666870117e-01
7.681343555450439453e-01
7.677495479583740234e-01
7.673643231391906738e-01
7.669792175292968750e-01
7.665945887565612793e-01
7.662110924720764160e-01
7.658290863037109375e-01
7.654491066932678223e-01
7.650713920593261719e-01
7.646964788436889648e-01
7.643246054649353027e-01
7.639561295509338379e-01
7.635912895202636719e-01
7.632302641868591309e-01
7.628732919692993164e-01
7.625203728675842285e-01
7.621716856956481934e-01
7.618271112442016602e-01
7.614868283271789551e-01
7.611506581306457520e-01
7.608184218406677246e-01
7.604901194572448730e-01
7.601654529571533203e-01
7.598443031311035156e-01
7.595264315605163574e-01
7.592114806175231934e-01
7.588991522789001465e-01
7.585893273353576660e-01
7.582814097404479980e-01
7.579752206802368164e-01
7.576703429222106934e-01
7.573664784431457520e-01
7.570631504058837891e-01
7.567600607872009277e-01
7.564567923545837402e-01
7.561528682708740234e-01
7.558480501174926758e-01
7.555418610572814941e-01
7.552338838577270508e-01
7.549238204956054688e-01
7.546111941337585449e-01
7.542957663536071777e-01
7.539770007133483887e-01
7.536547183990478516e-01
7.533285021781921387e-01
7.529979348182678223e-01
7.526627182960510254e-01
7.523224949836730957e-01
7.519770264625549316e-01
7.516258955001831055e-01
7.512689232826232910e-01
7.509056329727172852e-01
7.505358457565307617e-01
7.501592636108398438e-01
7.497755885124206543e-01
7.493845820426940918e-01
7.489858865737915039e-01
7.485792636871337891e-01
7.481645345687866211e-01
