7.376620080322027206e-03
7.465358823537826538e-03
7.554534357041120529e-03
7.644060067832469940e-03
7.733851671218872070e-03
7.823822088539600372e-03
7.913883775472640991e-03
8.003934286534786224e-03
8.093887940049171448e-03
8.183650672435760498e-03
8.273114450275897980e-03
8.362203836441040039e-03
8.450810797512531281e-03
8.538843132555484772e-03
8.626205846667289734e-03
8.712805807590484619e-03
8.798543363809585571e-03
8.883339352905750275e-03
8.967095054686069489e-03
9.049724787473678589e-03
9.131148457527160645e-03
9.211281314492225647e-03
9.290048852562904358e-03
9.367370977997779846e-03
9.443182498216629028e-03
9.517412632703781128e-03
9.590003639459609985e-03
9.660893119871616364e-03
9.730036370456218719e-03
9.797382168471813202e-03
9.862881153821945190e-03
9.926515631377696991e-03
9.988235309720039368e-03
1.004803832620382309e-02
1.010589301586151123e-02
1.016178913414478302e-02
1.021572295576334000e-02
1.026770099997520447e-02
1.031771954149007797e-02
1.036580000072717667e-02
1.041196286678314209e-02
1.045622676610946655e-02
1.049863360822200775e-02
1.053921040147542953e-02
1.057801488786935806e-02
1.061508618295192719e-02
1.065047178417444229e-02
1.068424154072999954e-02
1.071645691990852356e-02
1.074718311429023743e-02
1.077648065984249115e-02
1.080444548279047012e-02
1.083113532513380051e-02
1.085663679987192154e-02
1.088103093206882477e-02
1.090440060943365097e-02
1.092682126909494400e-02
1.094838697463274002e-02
1.096917130053043365e-02
1.098925992846488953e-02
1.100873574614524841e-02
1.102767605334520340e-02
1.104615908116102219e-02
1.106425467878580093e-02
1.108203642070293427e-02
1.109957601875066757e-02
1.111692469567060471e-02
1.113414764404296875e-02
1.115129981189966202e-02
1.116843428462743759e-02
1.118558831512928009e-02
1.120280474424362183e-02
1.122011616826057434e-02
1.123755052685737610e-02
1.125513017177581787e-02
1.127288118004798889e-02
1.129080913960933685e-02
1.130892429500818253e-02
1.132723409682512283e-02
1.134573295712471008e-02
1.136442366987466812e-02
1.138329226523637772e-02
1.140232663601636887e-02
1.142152212560176849e-02
1.144084800034761429e-02
1.146029401570558548e-02
1.147984247654676437e-02
1.149946637451648712e-02
1.151914335787296295e-02
1.153884269297122955e-02
1.155855599790811539e-02
1.157825160771608353e-02
1.159790251404047012e-02
1.161749381572008133e-02
1.163699850440025330e-02
1.165639609098434448e-02
1.167566794902086258e-02
1.169479731470346451e-02
1.171377114951610565e-02
1.173256523907184601e-02
1.175118144601583481e-02
1.176959834992885590e-02
1.178781408816576004e-02
1.180581655353307724e-02
1.182360388338565826e-02
1.184117048978805542e-02
1.185852196067571640e-02
1.187565829604864120e-02
1.189256832003593445e-02
1.190927159041166306e-02
1.192576717585325241e-02
1.194205973297357559e-02
1.195816509425640106e-02
1.197408698499202728e-02
1.198984216898679733e-02
1.200543623417615891e-02
1.202087942510843277e-02
1.203619409352540970e-02
1.205138955265283585e-02
1.206647884100675583e-02
1.208148524165153503e-02
1.209641434252262115e-02
1.211129222065210342e-02
1.212612912058830261e-02
1.214094553142786026e-02
1.215575542300939560e-02
1.217058487236499786e-02
1.218544039875268936e-02
1.220035273581743240e-02
1.221532840281724930e-02
1.223039068281650543e-02
1.224555540829896927e-02
1.226084772497415543e-02
1.227627694606781006e-02
1.229187287390232086e-02
1.230764295905828476e-02
1.232361048460006714e-02
1.233978942036628723e-02
1.235620491206645966e-02
1.237287279218435287e-02
1.238981448113918304e-02
1.240704115480184555e-02
1.242457516491413116e-02
1.244244258850812912e-02
1.246064901351928711e-02
1.247922517359256744e-02
1.249818131327629089e-02
1.251753605902194977e-02
1.253732014447450638e-02
1.255753915756940842e-02
