7.340153047943669302e-03
7.443571673924589266e-03
7.589589056963127675e-03
7.674710369593508962e-03
7.775717730507311458e-03
7.864740725416412975e-03
7.961928873450530714e-03
8.058802843678396569e-03
8.130288205408718952e-03
8.179707906358125308e-03
8.231516587767176429e-03
8.349608934866163332e-03
8.447521433547086622e-03
8.581722621395804565e-03
8.679352810300262205e-03
8.784604592102387630e-03
8.835884146432024938e-03
8.895021748757567584e-03
9.017883735551020241e-03
9.125420058396368009e-03
9.232629982272911456e-03
9.321172890734299651e-03
9.426530331581087913e-03
9.505030781754290892e-03
9.560183253185295521e-03
9.629393795865758693e-03
9.689454075183638951e-03
9.779409366038823576e-03
9.819653350306512332e-03
9.920630596672343204e-03
9.958246371451087361e-03
9.981826822099099800e-03
1.005170377164996132e-02
1.009694674385778514e-02
1.016539875982254253e-02
1.020382825028999345e-02
1.026912819690666522e-02
1.029241189214723587e-02
1.031888333671237938e-02
1.036460531685360308e-02
1.040431178762485885e-02
1.046199117163833063e-02
1.048768816834445838e-02
1.053898670988196069e-02
1.057064537246625927e-02
1.059527160113335822e-02
1.061441781602030961e-02
1.066320477959115109e-02
1.070544692573452417e-02
1.073742690722318503e-02
1.079079361158101144e-02
1.081048641419522088e-02
1.082853252517089644e-02
1.086772646113463511e-02
1.089889493982555517e-02
1.093413271210339106e-02
1.096217700007637470e-02
1.098654725459541869e-02
1.100481801043403339e-02
1.101614963487471816e-02
1.103398995577612243e-02
1.104752748976373100e-02
1.106910345774872288e-02
1.108359023220881028e-02
1.110350673746909010e-02
1.111620381260288587e-02
1.113159024009314005e-02
1.115845614027789062e-02
1.118632865970653652e-02
1.121078825802372496e-02
1.122716779131512077e-02
1.124818909712311035e-02
1.126038802401623830e-02
1.126863400851349506e-02
1.129114103444199893e-02
1.131007243925045980e-02
1.133337934439763647e-02
1.135122998144689338e-02
1.136924216246706747e-02
1.138019819112340812e-02
1.139597378029444733e-02
1.141557048896447123e-02
1.143884062763052961e-02
1.145864111596663071e-02
1.147479707372655103e-02
1.149639153967135438e-02
1.150601950584836594e-02
1.151914183133624474e-02
1.154726060154722886e-02
1.156283013298414417e-02
1.158342689591946618e-02
1.161171665372727480e-02
1.162263849512713658e-02
1.163366263559250692e-02
1.165211191511168407e-02
1.166916179627196584e-02
1.169257826804951522e-02
1.170923315231583474e-02
1.172371677925303224e-02
1.173558183998738881e-02
1.174743137266959919e-02
1.176476739378517697e-02
1.178211852059673527e-02
1.180928667803880089e-02
1.182748015620287661e-02
1.184292255679230722e-02
1.185591945483967409e-02
1.186395026498860902e-02
1.187689719599288596e-02
1.189634058220646710e-02
1.191929265572600621e-02
1.193593905348227895e-02
1.195542505512857227e-02
1.196812778357211025e-02
1.197761169080872011e-02
1.199556444315616303e-02
1.201197393919482825e-02
1.203809400716454245e-02
1.205814135036039486e-02
1.211928190914685760e-02
1.212951963013616380e-02
1.213766092786294076e-02
1.214984030313336766e-02
1.216573216213741489e-02
1.218580057721720816e-02
1.221260599395910564e-02
1.222637244925514274e-02
1.223728878340979952e-02
1.224532521996109583e-02
1.226121100893570390e-02
1.227798670368508011e-02
1.229529976537181366e-02
1.231019858157068880e-02
1.232576622290202338e-02
1.233460124917507700e-02
1.234185118158468743e-02
1.235139309661188040e-02
1.236375780021337252e-02
1.238127295161636429e-02
1.239269156095268790e-02
1.240764536298897408e-02
1.241576690244801558e-02
1.242122569489578082e-02
1.243029884864878601e-02
1.244255950323637679e-02
1.245559111840345914e-02
1.246587547202549461e-02
1.247754237342113895e-02
1.248339380379314897e-02
1.248737026377587378e-02
