7.443000096827745438e-03
7.534445729106664658e-03
7.626175880432128906e-03
7.718097884207963943e-03
7.810132112354040146e-03
7.902184501290321350e-03
7.994173094630241394e-03
8.085990324616432190e-03
8.177554234862327576e-03
8.268767967820167542e-03
8.359537459909915924e-03
8.449766784906387329e-03
8.539368398487567902e-03
8.628251031041145325e-03
8.716312237083911896e-03
8.803470991551876068e-03
8.889635093510150909e-03
8.974713273346424103e-03
9.058629162609577179e-03
9.141301736235618591e-03
9.222641587257385254e-03
9.302580729126930237e-03
9.381049312651157379e-03
9.457963518798351288e-03
9.533280506730079651e-03
9.606922045350074768e-03
9.678838774561882019e-03
9.748986922204494476e-03
9.817306883633136749e-03
9.883769787847995758e-03
9.948335587978363037e-03
1.001096516847610474e-02
1.007165014743804932e-02
1.013036537915468216e-02
1.018710527569055557e-02
1.024184003472328186e-02
1.029459480196237564e-02
1.034537330269813538e-02
1.039417367428541183e-02
1.044101361185312271e-02
1.048593129962682724e-02
1.052895188331604004e-02
1.057009864598512650e-02
1.060942187905311584e-02
1.064696907997131348e-02
1.068277657032012939e-02
1.071693096309900284e-02
1.074945461004972458e-02
1.078043784946203232e-02
1.080993935465812683e-02
1.083803083747625351e-02
1.086479425430297852e-02
1.089030038565397263e-02
1.091462839394807816e-02
1.093786675482988358e-02
1.096009369939565659e-02
1.098139584064483643e-02
1.100185513496398926e-02
1.102154515683650970e-02
1.104057207703590393e-02
1.105899829417467117e-02
1.107691600918769836e-02
1.109438296407461166e-02
1.111150346696376801e-02
1.112832501530647278e-02
1.114493515342473984e-02
1.116138417273759842e-02
1.117773540318012238e-02
1.119405124336481094e-02
1.121036522090435028e-02
1.122674532234668732e-02
1.124321948736906052e-02
1.125982217490673065e-02
1.127658970654010773e-02
1.129353325814008713e-02
1.131068635731935501e-02
1.132806017994880676e-02
1.134565845131874084e-02
1.136348582804203033e-02
1.138153858482837677e-02
1.139980927109718323e-02
1.141830440610647202e-02
1.143700070679187775e-02
1.145587861537933350e-02
1.147491764277219772e-02
1.149410475045442581e-02
1.151340734213590622e-02
1.153280306607484818e-02
1.155226957052946091e-02
1.157177425920963287e-02
1.159129757434129715e-02
1.161079667508602142e-02
1.163025572896003723e-02
1.164964586496353149e-02
1.166893821209669113e-02
1.168811600655317307e-02
1.170714199542999268e-02
1.172600779682397842e-02
1.174468826502561569e-02
1.176317036151885986e-02
1.178142614662647247e-02
1.179945841431617737e-02
1.181724853813648224e-02
1.183478627353906631e-02
1.185207813978195190e-02
1.186910085380077362e-02
1.188586186617612839e-02
1.190235745161771774e-02
1.191860716789960861e-02
1.193459331989288330e-02
1.195032987743616104e-02
1.196582987904548645e-02
1.198109146207571030e-02
1.199614349752664566e-02
1.201098132878541946e-02
1.202563103288412094e-02
1.204009912908077240e-02
1.205439586192369461e-02
1.206855848431587219e-02
1.208259630948305130e-02
1.209652330726385117e-02
1.211036089807748795e-02
1.212413236498832703e-02
1.213785074651241302e-02
1.215154584497213364e-02
1.216523442417383194e-02
1.217893324792385101e-02
1.219267211854457855e-02
1.220645476132631302e-02
1.222033612430095673e-02
1.223430596292018890e-02
1.224840525537729263e-02
1.226264145225286484e-02
1.227705273777246475e-02
1.229163259267807007e-02
1.230643223971128464e-02
1.232146099209785461e-02
1.233674027025699615e-02
1.235228870064020157e-02
1.236812584102153778e-02
1.238427963107824326e-02
1.240076962858438492e-02
1.241760607808828354e-02
1.243482809513807297e-02
1.245243847370147705e-02
1.247046049684286118e-02
1.248892117291688919e-02
1.250784005969762802e-02
1.252723857760429382e-02
1.254713255912065506e-02
