7.378474622964859009e-02
7.467316836118698120e-02
7.556601613759994507e-02
7.646241784095764160e-02
7.736152410507202148e-02
7.826249301433563232e-02
7.916440814733505249e-02
8.006629347801208496e-02
8.096724003553390503e-02
8.186635375022888184e-02
8.276253193616867065e-02
8.365502953529357910e-02
8.454274386167526245e-02
8.542478829622268677e-02
8.630017936229705811e-02
8.716800063848495483e-02
8.802725374698638916e-02
8.887712657451629639e-02
8.971666544675827026e-02
9.054498374462127686e-02
9.136128425598144531e-02
9.216471016407012939e-02
9.295451641082763672e-02
9.372992068529129028e-02
9.449023008346557617e-02
9.523477405309677124e-02
9.596290439367294312e-02
9.667406231164932251e-02
9.736777096986770630e-02
9.804351627826690674e-02
9.870079159736633301e-02
9.933940321207046509e-02
9.995888173580169678e-02
1.005591675639152527e-01
1.011399552226066589e-01
1.017011329531669617e-01
1.022426709532737732e-01
1.027646064758300781e-01
1.032669171690940857e-01
1.037498041987419128e-01
1.042134761810302734e-01
1.046581193804740906e-01
1.050841510295867920e-01
1.054918244481086731e-01
1.058817207813262939e-01
1.062542349100112915e-01
1.066098362207412720e-01
1.069492250680923462e-01
1.072730123996734619e-01
1.075818538665771484e-01
1.078763678669929504e-01
1.081574857234954834e-01
1.084258183836936951e-01
1.086822152137756348e-01
1.089274808764457703e-01
1.091624647378921509e-01
1.093879193067550659e-01
1.096047833561897278e-01
1.098138019442558289e-01
1.100158244371414185e-01
1.102116927504539490e-01
1.104021742939949036e-01
1.105880662798881531e-01
1.107700839638710022e-01
1.109489202499389648e-01
1.111253350973129272e-01
1.112998351454734802e-01
1.114730834960937500e-01
1.116456091403961182e-01
1.118179559707641602e-01
1.119905114173889160e-01
1.121636852622032166e-01
1.123378425836563110e-01
1.125132218003273010e-01
1.126900687813758850e-01
1.128686591982841492e-01
1.130490154027938843e-01
1.132312566041946411e-01
1.134154796600341797e-01
1.136016100645065308e-01
1.137896776199340820e-01
1.139795333147048950e-01
1.141710802912712097e-01
1.143642440438270569e-01
1.145587339997291565e-01
1.147544384002685547e-01
1.149511784315109253e-01
1.151486933231353760e-01
1.153467521071434021e-01
1.155450567603111267e-01
1.157434955239295959e-01
1.159417703747749329e-01
1.161396130919456482e-01
1.163368597626686096e-01
1.165332496166229248e-01
1.167285665869712830e-01
1.169226393103599548e-01
1.171152740716934204e-01
1.173063591122627258e-01
1.174956411123275757e-01
1.176831424236297607e-01
1.178686469793319702e-01
1.180521324276924133e-01
1.182334721088409424e-01
1.184126511216163635e-01
1.185896396636962891e-01
1.187644526362419128e-01
1.189370900392532349e-01
1.191074773669242859e-01
1.192757785320281982e-01
1.194420084357261658e-01
1.196061894297599792e-01
1.197684928774833679e-01
1.199289485812187195e-01
1.200877428054809570e-01
1.202449053525924683e-01
1.204005703330039978e-01
1.205549389123916626e-01
1.207081079483032227e-01
1.208602190017700195e-01
1.210114955902099609e-01
1.211620047688484192e-01
1.213120073080062866e-01
1.214615926146507263e-01
1.216109991073608398e-01
1.217603310942649841e-01
1.219098642468452454e-01
1.220596656203269958e-01
1.222100481390953064e-01
1.223610863089561462e-01
1.225129961967468262e-01
1.226659491658210754e-01
1.228201985359191895e-01
1.229758262634277344e-01
1.231331452727317810e-01
1.232922449707984924e-01
1.234533265233039856e-01
1.236165612936019897e-01
1.237821877002716064e-01
1.239503696560859680e-01
1.241213306784629822e-01
1.242951452732086182e-01
1.244721114635467529e-01
1.246524304151535034e-01
1.248361840844154358e-01
1.250236779451370239e-01
1.252150237560272217e-01
1.254104077816009521e-01
1.256101280450820923e-01
1.258142590522766113e-01
