7.341964809384164681e-02
7.445498533724340118e-02
7.591686217008797311e-02
7.676920821114369131e-02
7.778064516129032380e-02
7.867214076246334398e-02
7.964545454545454706e-02
8.061568914956011855e-02
8.133167155425219397e-02
8.182668621700879552e-02
8.234574780058651067e-02
8.352873900293254772e-02
8.450967741935483390e-02
8.585425219941349162e-02
8.683255131964809359e-02
8.788724340175953220e-02
8.840117302052785675e-02
8.899398826979472432e-02
9.022551319648093593e-02
9.130351906158357123e-02
9.237829912023461099e-02
9.326598240469208267e-02
9.432243401759531076e-02
9.510967741935483222e-02
9.566304985337242828e-02
9.635747800586509648e-02
9.696011730205278401e-02
9.786260997067448841e-02
9.826642228739003448e-02
9.927961876832844257e-02
9.965718475073313820e-02
9.989413489736070906e-02
1.005956011730205213e-01
1.010498533724340231e-01
1.017370967741935417e-01
1.021230205278592373e-01
1.027785923753665731e-01
1.030124633431084985e-01
1.032784457478005818e-01
1.037376832844574825e-01
1.041365102639296158e-01
1.047158357771260928e-01
1.049740469208211152e-01
1.054892961876832819e-01
1.058073313782991187e-01
1.060548387096774126e-01
1.062473607038123130e-01
1.067375366568914935e-01
1.071620234604105520e-01
1.074834310850439900e-01
1.080196480938416387e-01
1.082175953079178854e-01
1.083991202346041016e-01
1.087931085043988277e-01
1.091064516129032214e-01
1.094607038123167203e-01
1.097426686217008729e-01
1.099876832844574742e-01
1.101714076246334273e-01
1.102854838709677460e-01
1.104649560117302032e-01
1.106011730205278543e-01
1.108181818181818157e-01
1.109639296187683311e-01
1.111642228739002924e-01
1.112919354838709657e-01
1.114467741935483841e-01
1.117170087976539633e-01
1.119973607038123181e-01
1.122434017595307920e-01
1.124082111436950082e-01
1.126196480938416455e-01
1.127423753665689199e-01
1.128253665689149532e-01
1.130517595307917872e-01
1.132422287390029286e-01
1.134766862170087931e-01
1.136563049853372420e-01
1.138375366568914887e-01
1.139478005865102589e-01
1.141065982404692036e-01
1.143038123167155473e-01
1.145379765395894422e-01
1.147372434017595311e-01
1.148998533724340243e-01
1.151171554252199414e-01
1.152140762463343127e-01
1.153461876832844596e-01
1.156291788856304986e-01
1.157859237536656843e-01
1.159932551319648036e-01
1.162780058651026460e-01
1.163879765395894467e-01
1.164989736070381199e-01
1.166847507331378320e-01
1.168564516129032282e-01
1.170922287390029348e-01
1.172599706744868048e-01
1.174058651026392980e-01
1.175253665689149629e-01
1.176447214076246361e-01
1.178193548387096723e-01
1.179941348973607002e-01
1.182677419354838666e-01
1.184510263929618723e-01
1.186065982404692076e-01
1.187375366568914903e-01
1.188184750733137784e-01
1.189489736070381276e-01
1.191448680351906153e-01
1.193760997067448704e-01
1.195438416422287403e-01
1.197401759530791754e-01
1.198681818181818182e-01
1.199637829912023473e-01
1.201447214076246384e-01
1.203101173020527798e-01
1.205733137829912011e-01
1.207753665689149519e-01
1.213913489736070384e-01
1.214945747800586506e-01
1.215766862170088031e-01
1.216995601173020553e-01
1.218598240469208199e-01
1.220621700879765403e-01
1.223324046920821057e-01
1.224712609970674548e-01
1.225813782991202333e-01
1.226624633431084993e-01
1.228227272727272779e-01
1.229919354838709677e-01
1.231665689149560178e-01
1.233168621700879708e-01
1.234739002932551261e-01
1.235630498533724364e-01
1.236362170087976498e-01
1.237325513196480958e-01
1.238573313782991153e-01
1.240340175953079244e-01
1.241492668621700934e-01
1.243001466275659855e-01
1.243821114369501463e-01
1.244372434017595314e-01
1.245288856304985342e-01
1.246526392961876811e-01
1.247841642228739029e-01
1.248879765395894403e-01
1.250057184750733019e-01
1.250648093841642272e-01
1.251049853372434018e-01
