6.332434017595307829e-02
6.388651026392962173e-02
6.440381231671554740e-02
6.581906158357771208e-02
6.692888563049853579e-02
6.799926686217008798e-02
6.904061583577712768e-02
7.009134897360703997e-02
7.068533724340175795e-02
7.123592375366569196e-02
7.270806451612903121e-02
7.386392961876832308e-02
7.493343108504399441e-02
7.598196480938416986e-02
7.701260997067448100e-02
7.760967741935484443e-02
7.815483870967741831e-02
7.940146627565981829e-02
8.072947214076246769e-02
8.172595307917888963e-02
8.232434017595308129e-02
8.257199413489736683e-02
8.332360703812316527e-02
8.395014662756598856e-02
8.542052785923753833e-02
8.697170087976539843e-02
8.814809384164222494e-02
8.908049853372433657e-02
8.957741935483870543e-02
9.040073313782991116e-02
9.105674486803519430e-02
9.235498533724340042e-02
9.351671554252199980e-02
9.436979472140762104e-02
9.532903225806452219e-02
9.607170087976539541e-02
9.656436950146628229e-02
9.704105571847507217e-02
9.780850439882697589e-02
9.852595307917888512e-02
9.909002932551319587e-02
9.970806451612902743e-02
1.002410557184750667e-01
1.006246334310850477e-01
1.009379765395894413e-01
1.014483870967741869e-01
1.020456011730205281e-01
1.025129032258064454e-01
1.029914956011730165e-01
1.033944281524926678e-01
1.036903225806451584e-01
1.039545454545454523e-01
1.044652492668621674e-01
1.049379765395894448e-01
1.053215542521994119e-01
1.057061583577712655e-01
1.060357771260997117e-01
1.062806451612903214e-01
1.065137829912023437e-01
1.069239002932551308e-01
1.072854838709677433e-01
1.076089442815249264e-01
1.079120234604105527e-01
1.081931085043988244e-01
1.083925219941348911e-01
1.085580645161290381e-01
1.088982404692082073e-01
1.092153958944281494e-01
1.094932551319648117e-01
1.097447214076246319e-01
1.099838709677419396e-01
1.101362170087976516e-01
1.102671554252199482e-01
1.104126099706744801e-01
1.105611436950146576e-01
1.107472140762463392e-01
1.108938416422287354e-01
1.110797653958944253e-01
1.112354838709677385e-01
1.113744868035190655e-01
1.116151026392961931e-01
1.118139296187683346e-01
1.120023460410557170e-01
1.121755131964809332e-01
1.123401759530791855e-01
1.124712609970674460e-01
1.125832844574780056e-01
1.127519061583577703e-01
1.129281524926686181e-01
1.130958944281524881e-01
1.132615835777126129e-01
1.134324046920821144e-01
1.135498533724340203e-01
1.136655425219941368e-01
1.138626099706744887e-01
1.140543988269794723e-01
1.142483870967741927e-01
1.144417888563049879e-01
1.146309384164222872e-01
1.147568914956011710e-01
1.148916422287390021e-01
1.151004398826979414e-01
1.152920821114369471e-01
1.154807917888562990e-01
1.156796187683284405e-01
1.158420821114369559e-01
1.159768328445747732e-01
1.161001466275659866e-01
1.163076246334310837e-01
1.164942815249266905e-01
1.166768328445747793e-01
1.168499999999999955e-01
1.170104105571847519e-01
1.171304985337243421e-01
1.172590909090909100e-01
1.174501466275659767e-01
1.176287390029325530e-01
1.177951612903225809e-01
1.179690615835777140e-01
1.181111436950146587e-01
1.182280058651026394e-01
1.183454545454545453e-01
1.185617302052785899e-01
1.187555718475073324e-01
1.189413489736070445e-01
1.191214076246334269e-01
1.192919354838709728e-01
1.194332844574780006e-01
1.195555718475073276e-01
1.197677419354838679e-01
1.199422287390029263e-01
1.201164222873900289e-01
1.202724340175953116e-01
1.204250733137829932e-01
1.205391495601172980e-01
1.206439882697947219e-01
1.208184750733137802e-01
1.209796187683284396e-01
1.211187683284457445e-01
1.212741935483871020e-01
1.214156891495601215e-01
1.215124633431085011e-01
1.216181818181818197e-01
1.218000000000000055e-01
1.219511730205278532e-01
1.220936950146627592e-01
1.222180351906158313e-01
1.223259530791788868e-01
1.224203812316715517e-01
1.225042521994134936e-01
