8.238983154296875000e-02
8.240747451782226562e-02
8.242511749267578125e-02
8.244270086288452148e-02
8.246034383773803711e-02
8.247792720794677734e-02
8.249554038047790527e-02
8.251303434371948242e-02
8.253058791160583496e-02
8.254814147949218750e-02
8.256563544273376465e-02
8.258312940597534180e-02
8.260059356689453125e-02
8.261808753013610840e-02
8.263552188873291016e-02
8.265298604965209961e-02
8.267039060592651367e-02
8.268776535987854004e-02
8.270516991615295410e-02
8.272245526313781738e-02
8.273991942405700684e-02
8.275729417800903320e-02
8.277451992034912109e-02
8.279186487197875977e-02
8.280909061431884766e-02
8.282640576362609863e-02
8.284363150596618652e-02
8.286088705062866211e-02
8.287814259529113770e-02
8.289536833763122559e-02
8.291253447532653809e-02
8.292973041534423828e-02
8.294683694839477539e-02
8.296403288841247559e-02
8.298113942146301270e-02
8.299830555915832520e-02
8.301535248756408691e-02
8.303239941596984863e-02
8.304947614669799805e-02
8.306661248207092285e-02
8.308359980583190918e-02
8.310055732727050781e-02
8.311760425567626953e-02
8.313456177711486816e-02
8.315157890319824219e-02
8.316850662231445312e-02
8.318543434143066406e-02
8.320233225822448730e-02
8.321923017501831055e-02
8.323615789413452148e-02
8.325302600860595703e-02
8.326989412307739258e-02
8.328673243522644043e-02
8.330351114273071289e-02
8.332031965255737305e-02
8.333715796470642090e-02
8.335387706756591797e-02
8.337065577507019043e-02
8.338740468025207520e-02
8.340415358543395996e-02
8.342087268829345703e-02
8.343753218650817871e-02
8.345425128936767578e-02
8.347088098526000977e-02
8.348754048347473145e-02
8.350422978401184082e-02
8.352085947990417480e-02
8.353736996650695801e-02
8.355394005775451660e-02
8.357056975364685059e-02
8.358713984489440918e-02
8.360359072685241699e-02
8.362016081809997559e-02
8.363664150238037109e-02
8.365309238433837891e-02
8.366960287094116211e-02
8.368602395057678223e-02
8.370250463485717773e-02
8.371892571449279785e-02
8.373537659645080566e-02
8.375170826911926270e-02
8.376803994178771973e-02
8.378446102142333984e-02
8.380076289176940918e-02
8.381706476211547852e-02
8.383345603942871094e-02
8.384966850280761719e-02
8.386594057083129883e-02
8.388227224349975586e-02
8.389845490455627441e-02
8.391472697257995605e-02
8.393093943595886230e-02
8.394709229469299316e-02
8.396327495574951172e-02
8.397945761680603027e-02
8.399555087089538574e-02
8.401173353195190430e-02
8.402779698371887207e-02
8.404392004013061523e-02
8.406001329421997070e-02
8.407604694366455078e-02
8.409214019775390625e-02
8.410811424255371094e-02
8.412417769432067871e-02
8.414015173912048340e-02
8.415612578392028809e-02
8.417215943336486816e-02
8.418807387351989746e-02
8.420398831367492676e-02
8.421993255615234375e-02
8.423578739166259766e-02
8.425167202949523926e-02
8.426755666732788086e-02
8.428338170051574707e-02
8.429923653602600098e-02
8.431500196456909180e-02
8.433085680007934570e-02
8.434662222862243652e-02
8.436241745948791504e-02
8.437812328338623047e-02
8.439388871192932129e-02
8.440962433815002441e-02
8.442530035972595215e-02
8.444097638130187988e-02
8.445671200752258301e-02
8.447235822677612305e-02
8.448797464370727539e-02
8.450359106063842773e-02
8.451917767524719238e-02
8.453485369682312012e-02
8.455038070678710938e-02
8.456590771675109863e-02
8.458146452903747559e-02
8.459699153900146484e-02
8.461251854896545410e-02
8.462798595428466797e-02
8.464342355728149414e-02
8.465892076492309570e-02
8.467435836791992188e-02
8.468973636627197266e-02
8.470523357391357422e-02
8.472052216529846191e-02
8.473590016365051270e-02
8.475130796432495117e-02
8.476656675338745117e-02
8.478200435638427734e-02
8.479723334312438965e-02
8.481258153915405273e-02
8.482784032821655273e-02
8.484312891960144043e-02
8.485832810401916504e-02
8.487361669540405273e-02
8.488881587982177734e-02
8.490407466888427734e-02
8.491912484169006348e-02
8.493435382843017578e-02
8.494946360588073730e-02
8.496463298797607422e-02
8.497971296310424805e-02
8.499479293823242188e-02
8.500987291336059570e-02
8.502498269081115723e-02
8.504000306129455566e-02
8.505499362945556641e-02
8.507004380226135254e-02
8.508506417274475098e-02
8.510002493858337402e-02
8.511498570442199707e-02
8.512994647026062012e-02
8.514484763145446777e-02
8.515974879264831543e-02
8.517470955848693848e-02
8.518955111503601074e-02
8.520439267158508301e-02
8.521926403045654297e-02
8.523413538932800293e-02
8.524891734123229980e-02
8.526369929313659668e-02
8.527848124504089355e-02
8.529320359230041504e-02
8.530801534652709961e-02
8.532267808914184570e-02
8.533743023872375488e-02
8.535212278366088867e-02
8.536687493324279785e-02
8.538147807121276855e-02
8.539611101150512695e-02
8.541077375411987305e-02
8.542534708976745605e-02
8.544000983238220215e-02
8.545455336570739746e-02
8.546915650367736816e-02
8.548367023468017578e-02
8.549821376800537109e-02
8.551269769668579102e-02
8.552724123001098633e-02
8.554169535636901855e-02
8.555623888969421387e-02
8.557072281837463379e-02
8.558508753776550293e-02
8.559951186180114746e-02
8.561396598815917969e-02
8.562824130058288574e-02
8.564260601997375488e-02
8.565697073936462402e-02
8.567133545875549316e-02
8.568564057350158691e-02
8.569991588592529297e-02
8.571431040763854980e-02
8.572855591773986816e-02
8.574271202087402344e-02
8.575704693794250488e-02
8.577123284339904785e-02
8.578535914421081543e-02
8.579966425895690918e-02
8.581379055976867676e-02
8.582794666290283203e-02
8.584204316139221191e-02
8.585619926452636719e-02
8.587029576301574707e-02
8.588436245918273926e-02
8.589848875999450684e-02
8.591243624687194824e-02
8.592653274536132812e-02
8.594056963920593262e-02
8.595454692840576172e-02
8.596846461296081543e-02
8.598250150680541992e-02
8.599647879600524902e-02
8.601042628288269043e-02
8.602434396743774414e-02
8.603820204734802246e-02
8.605214953422546387e-02
8.606594800949096680e-02
8.607980608940124512e-02
8.609363436698913574e-02
8.610749244689941406e-02
8.612132072448730469e-02
8.613505959510803223e-02
8.614879846572875977e-02
8.616259694099426270e-02
8.617636561393737793e-02
8.619007468223571777e-02
8.620378375053405762e-02
8.621746301651000977e-02
8.623111248016357422e-02
8.624479174613952637e-02
8.625841140747070312e-02
8.627206087112426758e-02
8.628565073013305664e-02
8.629927039146423340e-02
8.631280064582824707e-02
8.632633090019226074e-02
8.633989095687866211e-02
8.635345101356506348e-02
8.636686205863952637e-02
8.638036251068115234e-02
8.639389276504516602e-02
8.640736341476440430e-02
8.642074465751647949e-02
8.643421530723571777e-02
8.644759654998779297e-02
8.646094799041748047e-02
8.647435903549194336e-02
8.648768067359924316e-02
8.650100231170654297e-02
8.651438355445861816e-02
8.652764558792114258e-02
8.654096722602844238e-02
8.655422925949096680e-02
8.656749129295349121e-02
8.658075332641601562e-02
8.659392595291137695e-02
8.660715818405151367e-02
8.662036061286926270e-02
8.663353323936462402e-02
8.664667606353759766e-02
8.665975928306579590e-02
8.667296171188354492e-02
8.668601512908935547e-02
8.669909834861755371e-02
8.671221137046813965e-02
8.672520518302917480e-02
8.673828840255737305e-02
8.675125241279602051e-02
8.676433563232421875e-02
8.677729964256286621e-02
8.679026365280151367e-02
8.680322766304016113e-02
8.681619167327880859e-02
8.682918548583984375e-02
8.684203028678894043e-02
8.685490489006042480e-02
8.686783909797668457e-02
8.688065409660339355e-02
8.689346909523010254e-02
8.690628409385681152e-02
8.691909909248352051e-02
8.693191409111022949e-02
8.694466948509216309e-02
8.695742487907409668e-02
8.697021007537841797e-02
8.698293566703796387e-02
8.699554204940795898e-02
8.700823783874511719e-02
8.702099323272705078e-02
8.703362941741943359e-02
8.704623579978942871e-02
8.705890178680419922e-02
8.707150816917419434e-02
8.708408474922180176e-02
8.709663152694702148e-02
8.710935711860656738e-02
8.712175488471984863e-02
8.713427186012268066e-02
8.714678883552551270e-02
8.715930581092834473e-02
8.717179298400878906e-02
8.718416094779968262e-02
8.719667792320251465e-02
8.720913529396057129e-02
8.722150325775146484e-02
8.723399043083190918e-02
8.724626898765563965e-02
8.725866675376892090e-02
8.727094531059265137e-02
8.728331327438354492e-02
8.729556202888488770e-02
8.730790019035339355e-02
8.732029795646667480e-02
8.733242750167846680e-02
8.734470605850219727e-02
8.735695481300354004e-02
8.736914396286010742e-02
8.738136291503906250e-02
8.739352226257324219e-02
8.740571141242980957e-02
8.741787075996398926e-02
8.742994070053100586e-02
8.744207024574279785e-02
8.745414018630981445e-02
8.746629953384399414e-02
8.747830986976623535e-02
8.749037981033325195e-02
8.750239014625549316e-02
8.751440048217773438e-02
8.752638101577758789e-02
8.753839135169982910e-02
8.755040168762207031e-02
8.756226301193237305e-02
8.757421374320983887e-02
8.758616447448730469e-02
8.759802579879760742e-02
8.760991692543029785e-02
8.762180805206298828e-02
8.763366937637329102e-02
8.764547109603881836e-02
8.765733242034912109e-02
8.766913414001464844e-02
8.768084645271301270e-02
8.769270777702331543e-02
8.770444989204406738e-02
8.771619200706481934e-02
8.772784471511840820e-02
8.773952722549438477e-02
8.775117993354797363e-02
8.776295185089111328e-02
8.777457475662231445e-02
8.778616786003112793e-02
8.779785037040710449e-02
8.780944347381591797e-02
8.782100677490234375e-02
8.783262968063354492e-02
8.784416317939758301e-02
8.785569667816162109e-02
8.786725997924804688e-02
8.787876367568969727e-02
8.789029717445373535e-02
8.790165185928344727e-02
8.791315555572509766e-02
8.792456984519958496e-02
8.793601393699645996e-02
8.794739842414855957e-02
8.795881271362304688e-02
8.797019720077514648e-02
8.798152208328247070e-02
8.799284696578979492e-02
8.800426125526428223e-02
8.801555633544921875e-02
8.802685141563415527e-02
8.803811669349670410e-02
8.804938197135925293e-02
8.806058764457702637e-02
8.807182312011718750e-02
8.808296918869018555e-02
8.809423446655273438e-02
8.810541033744812012e-02
8.811661601066589355e-02
8.812773227691650391e-02
8.813887834548950195e-02
8.814999461174011230e-02
8.816108107566833496e-02
8.817213773727416992e-02
8.818325400352478027e-02
8.819431066513061523e-02
8.820530772209167480e-02
8.821633458137512207e-02
8.822730183601379395e-02
8.823823928833007812e-02
8.824923634529113770e-02
8.826029300689697266e-02
8.827117085456848145e-02
8.828213810920715332e-02
8.829298615455627441e-02
8.830386400222778320e-02
8.831477165222167969e-02
8.832564949989318848e-02
8.833649754524230957e-02
8.834728598594665527e-02
8.835810422897338867e-02
8.836889266967773438e-02
8.837962150573730469e-02
8.839040994644165039e-02
8.840116858482360840e-02
8.841186761856079102e-02
8.842256665229797363e-02
8.843332529067993164e-02
8.844399452209472656e-02
8.845460414886474609e-02
8.846527338027954102e-02
8.847594261169433594e-02
8.848655223846435547e-02
8.849716186523437500e-02
8.850774168968200684e-02
8.851826190948486328e-02
8.852878212928771973e-02
8.853933215141296387e-02
8.854988217353820801e-02
8.856043219566345215e-02
8.857083320617675781e-02
8.858132362365722656e-02
8.859181404113769531e-02
8.860224485397338867e-02
8.861267566680908203e-02
8.862307667732238770e-02
8.863353729248046875e-02
8.864387869834899902e-02
8.865419030189514160e-02
8.866450190544128418e-02
8.867493271827697754e-02
8.868521451950073242e-02
8.869552612304687500e-02
8.870577812194824219e-02
8.871600031852722168e-02
8.872631192207336426e-02
8.873647451400756836e-02
8.874675631523132324e-02
8.875694870948791504e-02
8.876714110374450684e-02
8.877724409103393555e-02
8.878743648529052734e-02
8.879756927490234375e-02
8.880773186683654785e-02
8.881780505180358887e-02
8.882787823677062988e-02
8.883795142173767090e-02
8.884802460670471191e-02
8.885812759399414062e-02
8.886811137199401855e-02
8.887803554534912109e-02
8.888813853263854980e-02
8.889809250831604004e-02
8.890804648399353027e-02
8.891800045967102051e-02
8.892792463302612305e-02
8.893790841102600098e-02
8.894777297973632812e-02
8.895766735076904297e-02
8.896756172180175781e-02
8.897736668586730957e-02
8.898714184761047363e-02
8.899703621864318848e-02
8.900684118270874023e-02
8.901667594909667969e-02
8.902642130851745605e-02
8.903616666793823242e-02
8.904591202735900879e-02
8.905568718910217285e-02
8.906534314155578613e-02
8.907508850097656250e-02
8.908477425575256348e-02
8.909440040588378906e-02
8.910405635833740234e-02
8.911371231079101562e-02
8.912324905395507812e-02
8.913296461105346680e-02
8.914250135421752930e-02
8.915209770202636719e-02
8.916160464286804199e-02
8.917120099067687988e-02
8.918073773384094238e-02
8.919027447700500488e-02
8.919975161552429199e-02
8.920919895172119141e-02
8.921870589256286621e-02
8.922815322875976562e-02
8.923754096031188965e-02
8.924704790115356445e-02
8.925643563270568848e-02
8.926579356193542480e-02
8.927515149116516113e-02
8.928453922271728516e-02
8.929386734962463379e-02
8.930316567420959473e-02
8.931252360343933105e-02
8.932173252105712891e-02
8.933106064796447754e-02
8.934038877487182617e-02
8.934959769248962402e-02
8.935886621475219727e-02
8.936801552772521973e-02
8.937725424766540527e-02
8.938652276992797852e-02
8.939564228057861328e-02
8.940476179122924805e-02
8.941388130187988281e-02
8.942309021949768066e-02
8.943220973014831543e-02
8.944132924079895020e-02
8.945035934448242188e-02
8.945947885513305664e-02
8.946847915649414062e-02
8.947753906250000000e-02
8.948653936386108398e-02
8.949556946754455566e-02
8.950453996658325195e-02
8.951354026794433594e-02
8.952254056930541992e-02
8.953142166137695312e-02
8.954045176506042480e-02
8.954933285713195801e-02
8.955815434455871582e-02
8.956703543663024902e-02
8.957597613334655762e-02
8.958482742309570312e-02
8.959364891052246094e-02
8.960253000259399414e-02
8.961138129234313965e-02
8.962011337280273438e-02
8.962887525558471680e-02
8.963766694068908691e-02
8.964642882347106934e-02
8.965516090393066406e-02
8.966392278671264648e-02
8.967268466949462891e-02
8.968126773834228516e-02
8.968997001647949219e-02
8.969864249229431152e-02
8.970725536346435547e-02
8.971592783927917480e-02
8.972457051277160645e-02
8.973315358161926270e-02
8.974173665046691895e-02
8.975034952163696289e-02
8.975884318351745605e-02
8.976742625236511230e-02
8.977603912353515625e-02
8.978450298309326172e-02
8.979299664497375488e-02
8.980146050453186035e-02
8.980995416641235352e-02
8.981844782829284668e-02
8.982685208320617676e-02
8.983525633811950684e-02
8.984369039535522461e-02
8.985206484794616699e-02
8.986046910285949707e-02
8.986881375312805176e-02
8.987721800804138184e-02
8.988550305366516113e-02
8.989387750625610352e-02
8.990216255187988281e-02
8.991047739982604980e-02
8.991879224777221680e-02
8.992713689804077148e-02
8.993530273437500000e-02
8.994355797767639160e-02
8.995178341865539551e-02
8.995994925498962402e-02
8.996823430061340332e-02
8.997637033462524414e-02
8.998453617095947266e-02
8.999264240264892578e-02
9.000080823898315430e-02
9.000894427299499512e-02
9.001711010932922363e-02
9.002512693405151367e-02
9.003329277038574219e-02
9.004124999046325684e-02
9.004935622215270996e-02
9.005734324455261230e-02
9.006541967391967773e-02
9.007346630096435547e-02
9.008142352104187012e-02
9.008941054344177246e-02
9.009739756584167480e-02
9.010538458824157715e-02
9.011325240135192871e-02
9.012120962142944336e-02
9.012910723686218262e-02
9.013700485229492188e-02
9.014490246772766113e-02
9.015274047851562500e-02
9.016063809394836426e-02
9.016844630241394043e-02
9.017631411552429199e-02
9.018418192863464355e-02
9.019193053245544434e-02
9.019970893859863281e-02
9.020745754241943359e-02
9.021520614624023438e-02
9.022292494773864746e-02
9.023070335388183594e-02
9.023836255073547363e-02
9.024614095687866211e-02
9.025380015373229980e-02
9.026148915290832520e-02
9.026917815208435059e-02
9.027674794197082520e-02
9.028443694114685059e-02
9.029203653335571289e-02
9.029966592788696289e-02
9.030723571777343750e-02
9.031480550765991211e-02
9.032240509986877441e-02
9.032994508743286133e-02
9.033751487731933594e-02
9.034502506256103516e-02
9.035247564315795898e-02
9.036001563072204590e-02
9.036743640899658203e-02
9.037497639656066895e-02
9.038245677947998047e-02
9.038990736007690430e-02
9.039729833602905273e-02
9.040471911430358887e-02
9.041211009025573730e-02
9.041950106620788574e-02
9.042683243751525879e-02
9.043422341346740723e-02
9.044155478477478027e-02
9.044888615608215332e-02
9.045618772506713867e-02
9.046351909637451172e-02
9.047085046768188477e-02
9.047803282737731934e-02
9.048536419868469238e-02
9.049263596534729004e-02
9.049978852272033691e-02
9.050709009170532227e-02
9.051427245140075684e-02
9.052145481109619141e-02
9.052869677543640137e-02
9.053590893745422363e-02
9.054306149482727051e-02
9.055018424987792969e-02
9.055727720260620117e-02
9.056439995765686035e-02
9.057155251502990723e-02
9.057861566543579102e-02
9.058573842048645020e-02
9.059268236160278320e-02
9.059980511665344238e-02
9.060686826705932617e-02
9.061390161514282227e-02
9.062093496322631836e-02
9.062790870666503906e-02
9.063494205474853516e-02
9.064185619354248047e-02
9.064877033233642578e-02
9.065577387809753418e-02
9.066274762153625488e-02
9.066963195800781250e-02
9.067654609680175781e-02
9.068349003791809082e-02
9.069031476974487305e-02
9.069725871086120605e-02
9.070411324501037598e-02
9.071084856986999512e-02
9.071773290634155273e-02
9.072458744049072266e-02
9.073141217231750488e-02
9.073814749717712402e-02
9.074494242668151855e-02
9.075173735618591309e-02
9.075847268104553223e-02
9.076520800590515137e-02
9.077194333076477051e-02
9.077867865562438965e-02
9.078541398048400879e-02
9.079203009605407715e-02
9.079882502555847168e-02
9.080541133880615234e-02
9.081205725669860840e-02
9.081870317459106445e-02
9.082534909248352051e-02
9.083199501037597656e-02
9.083858132362365723e-02
9.084516763687133789e-02
9.085175395011901855e-02
9.085831046104431152e-02
9.086492657661437988e-02
9.087139368057250977e-02
9.087797999382019043e-02
9.088447690010070801e-02
9.089097380638122559e-02
9.089753031730651855e-02
9.090393781661987305e-02
9.091043472290039062e-02
9.091687202453613281e-02
9.092336893081665039e-02
9.092977643013000488e-02
9.093618392944335938e-02
9.094262123107910156e-02
9.094902873039245605e-02
9.095537662506103516e-02
9.096181392669677734e-02
9.096813201904296875e-02
9.097447991371154785e-02
9.098079800605773926e-02
9.098711609840393066e-02
9.099346399307250977e-02
9.099972248077392578e-02
9.100601077079772949e-02
9.101229906082153320e-02
9.101858735084533691e-02
9.102481603622436523e-02
9.103104472160339355e-02
9.103727340698242188e-02
9.104347229003906250e-02
9.104970097541809082e-02
9.105592966079711914e-02
9.106206893920898438e-02
9.106820821762084961e-02
9.107443690299987793e-02
9.108054637908935547e-02
9.108668565750122070e-02
9.109276533126831055e-02
9.109893441200256348e-02
9.110498428344726562e-02
9.111109375953674316e-02
9.111720323562622070e-02
9.112325310707092285e-02
9.112930297851562500e-02
9.113532304763793945e-02
9.114134311676025391e-02
9.114733338356018066e-02
9.115341305732727051e-02
9.115943312644958496e-02
9.116536378860473633e-02
9.117129445075988770e-02
9.117731451988220215e-02
9.118321537971496582e-02
9.118911623954772949e-02
9.119513630867004395e-02
9.120109677314758301e-02
9.120687842369079590e-02
9.121277928352355957e-02
9.121868014335632324e-02
9.122455120086669922e-02
9.123039245605468750e-02
9.123629331588745117e-02
9.124207496643066406e-02
9.124797582626342773e-02
9.125375747680664062e-02
9.125959873199462891e-02
9.126532077789306641e-02
9.127113223075866699e-02
9.127688407897949219e-02
9.128266572952270508e-02
9.128835797309875488e-02
9.129410982131958008e-02
9.129980206489562988e-02
9.130555391311645508e-02
9.131124615669250488e-02
9.131690859794616699e-02
9.132260084152221680e-02
9.132832288742065430e-02
9.133392572402954102e-02
9.133964776992797852e-02
9.134519100189208984e-02
9.135088324546813965e-02
9.135642647743225098e-02
9.136202931404113770e-02
9.136763215065002441e-02
9.137323498725891113e-02
9.137883782386779785e-02
9.138441085815429688e-02
9.138998389244079590e-02
9.139546751976013184e-02
9.140101075172424316e-02
9.140655398368835449e-02
9.141203761100769043e-02
9.141755104064941406e-02
9.142303466796875000e-02
9.142848849296569824e-02
9.143394231796264648e-02
9.143942594528198242e-02
9.144484996795654297e-02
9.145033359527587891e-02
9.145569801330566406e-02
9.146115183830261230e-02
9.146648645401000977e-02
9.147188067436218262e-02
9.147730469703674316e-02
9.148266911506652832e-02
9.148803353309631348e-02
9.149339795112609863e-02
9.149870276451110840e-02
9.150403738021850586e-02
9.150940179824829102e-02
9.151470661163330078e-02
9.151998162269592285e-02
9.152525663375854492e-02
9.153053164482116699e-02
9.153583645820617676e-02
9.154105186462402344e-02
9.154635667800903320e-02
9.155154228210449219e-02
9.155678749084472656e-02
9.156197309494018555e-02
9.156718850135803223e-02
9.157237410545349121e-02
9.157764911651611328e-02
9.158274531364440918e-02
9.158793091773986816e-02
9.159305691719055176e-02
9.159818291664123535e-02
9.160339832305908203e-02
9.160849452018737793e-02
9.161359071731567383e-02
9.161868691444396973e-02
9.162381291389465332e-02
9.162890911102294922e-02
9.163403511047363281e-02
9.163907170295715332e-02
9.164410829544067383e-02
9.164917469024658203e-02
9.165418148040771484e-02
9.165924787521362305e-02
9.166428446769714355e-02
9.166932106018066406e-02
9.167426824569702148e-02
9.167924523353576660e-02
9.168428182601928711e-02
9.168922901153564453e-02
9.169414639472961426e-02
9.169918298721313477e-02
9.170410037040710449e-02
9.170904755592346191e-02
9.171396493911743164e-02
9.171888232231140137e-02
9.172376990318298340e-02
9.172868728637695312e-02
9.173357486724853516e-02
9.173846244812011719e-02
9.174332022666931152e-02
9.174826741218566895e-02
9.175300598144531250e-02
9.175786375999450684e-02
9.176272153854370117e-02
9.176754951477050781e-02
9.177237749099731445e-02
9.177717566490173340e-02
9.178194403648376465e-02
9.178674221038818359e-02
9.179154038429260254e-02
9.179636836051940918e-02
9.180107712745666504e-02
9.180584549903869629e-02
9.181058406829833984e-02
9.181529283523559570e-02
9.182003140449523926e-02
9.182479977607727051e-02
9.182944893836975098e-02
9.183418750762939453e-02
9.183880686759948730e-02
9.184351563453674316e-02
9.184822440147399902e-02
9.185287356376647949e-02
9.185752272605895996e-02
9.186211228370666504e-02
9.186682105064392090e-02
9.187138080596923828e-02
9.187600016593933105e-02
9.188067913055419922e-02
9.188526868820190430e-02
9.188985824584960938e-02
9.189450740814208984e-02
9.189906716346740723e-02
9.190350770950317383e-02
9.190818667411804199e-02
9.191268682479858398e-02
9.191730618476867676e-02
9.192177653312683105e-02
9.192630648612976074e-02
9.193080663681030273e-02
9.193530678749084473e-02
9.193986654281616211e-02
9.194433689117431641e-02
9.194880723953247070e-02
9.195330739021301270e-02
9.195774793624877930e-02
9.196218848228454590e-02
9.196668863296508789e-02
9.197109937667846680e-02
9.197556972503662109e-02
9.197998046875000000e-02
9.198439121246337891e-02
9.198880195617675781e-02
9.199324250221252441e-02
9.199765324592590332e-02
9.200200438499450684e-02
9.200638532638549805e-02
9.201073646545410156e-02
9.201508760452270508e-02
9.201943874359130859e-02
9.202384948730468750e-02
9.202814102172851562e-02
9.203249216079711914e-02
9.203684329986572266e-02
9.204110503196716309e-02
9.204545617103576660e-02
9.204971790313720703e-02
9.205400943756103516e-02
9.205824136734008789e-02
9.206259250640869141e-02
9.206688404083251953e-02
9.207105636596679688e-02
9.207540750503540039e-02
9.207960963249206543e-02
9.208381175994873047e-02
9.208804368972778320e-02
9.209227561950683594e-02
9.209647774696350098e-02
9.210073947906494141e-02
9.210494160652160645e-02
9.210908412933349609e-02
9.211331605911254883e-02
9.211745858192443848e-02
9.212163090705871582e-02
9.212580323219299316e-02
9.212997555732727051e-02
9.213411808013916016e-02
9.213820099830627441e-02
9.214237332344055176e-02
9.214654564857482910e-02
9.215065836906433105e-02
9.215471148490905762e-02
9.215888381004333496e-02
9.216293692588806152e-02
9.216701984405517578e-02
9.217110276222229004e-02
9.217515587806701660e-02
9.217920899391174316e-02
9.218332171440124512e-02
9.218734502792358398e-02
9.219136834144592285e-02
9.219542145729064941e-02
9.219950437545776367e-02
9.220349788665771484e-02
9.220755100250244141e-02
9.221151471138000488e-02
9.221550822257995605e-02
9.221956133842468262e-02
9.222352504730224609e-02
9.222751855850219727e-02
9.223148226737976074e-02
9.223544597625732422e-02
9.223943948745727539e-02
9.224337339401245117e-02
9.224736690521240234e-02
9.225124120712280273e-02
9.225517511367797852e-02
9.225913882255554199e-02
9.226307272911071777e-02
9.226697683334350586e-02
9.227085113525390625e-02
9.227478504180908203e-02
9.227871894836425781e-02
9.228256344795227051e-02
9.228643774986267090e-02
9.229028224945068359e-02
9.229418635368347168e-02
9.229806065559387207e-02
9.230193495750427246e-02
9.230574965476989746e-02
9.230965375900268555e-02
9.231346845626831055e-02
9.231728315353393555e-02
9.232106804847717285e-02
9.232497215270996094e-02
9.232866764068603516e-02
9.233251214027404785e-02
9.233632683753967285e-02
9.234014153480529785e-02
9.234389662742614746e-02
9.234768152236938477e-02
9.235146641731262207e-02
9.235519170761108398e-02
9.235903620719909668e-02
9.236270189285278320e-02
9.236648678779602051e-02
9.237024188041687012e-02
9.237396717071533203e-02
9.237772226333618164e-02
9.238144755363464355e-02
9.238517284393310547e-02
9.238886833190917969e-02
9.239256381988525391e-02
9.239625930786132812e-02
9.239998459815979004e-02
9.240362048149108887e-02
9.240734577178955078e-02
9.241098165512084961e-02
9.241470694541931152e-02
9.241834282875061035e-02
9.242200851440429688e-02
9.242570400238037109e-02
9.242931008338928223e-02
9.243294596672058105e-02
9.243658185005187988e-02
9.244021773338317871e-02
9.244385361671447754e-02
9.244748950004577637e-02
9.245112538337707520e-02
9.245470166206359863e-02
9.245833754539489746e-02
9.246188402175903320e-02
9.246549010276794434e-02
9.246906638145446777e-02
9.247264266014099121e-02
9.247621893882751465e-02
9.247976541519165039e-02
9.248334169387817383e-02
9.248691797256469727e-02
9.249046444892883301e-02
9.249401092529296875e-02
9.249758720397949219e-02
9.250107407569885254e-02
9.250459074974060059e-02
9.250810742378234863e-02
9.251165390014648438e-02
9.251514077186584473e-02
9.251868724822998047e-02
9.252217411994934082e-02
9.252569079399108887e-02
9.252914786338806152e-02
9.253266453742980957e-02
9.253618121147155762e-02
9.253963828086853027e-02
9.254309535026550293e-02
9.254652261734008789e-02
9.255000948905944824e-02
9.255346655845642090e-02
9.255692362785339355e-02
9.256038069725036621e-02
9.256380796432495117e-02
9.256726503372192383e-02
9.257066249847412109e-02
9.257408976554870605e-02
9.257748723030090332e-02
9.258097410202026367e-02
9.258440136909484863e-02
9.258773922920227051e-02
9.259116649627685547e-02
9.259456396102905273e-02
9.259790182113647461e-02
9.260132908821105957e-02
9.260472655296325684e-02
9.260809421539306641e-02
9.261149168014526367e-02
9.261485934257507324e-02
9.261819720268249512e-02
9.262153506278991699e-02
9.262487292289733887e-02
9.262821078300476074e-02
9.263160824775695801e-02
9.263494610786437988e-02
9.263831377029418945e-02
9.264159202575683594e-02
9.264492988586425781e-02
9.264826774597167969e-02
9.265163540840148926e-02
9.265488386154174805e-02
9.265819191932678223e-02
9.266149997711181641e-02
9.266480803489685059e-02
9.266811609268188477e-02
9.267139434814453125e-02
9.267467260360717773e-02
9.267792105674743652e-02
9.268113970756530762e-02
9.268447756767272949e-02
9.268778562545776367e-02
9.269100427627563477e-02
9.269422292709350586e-02
9.269750118255615234e-02
9.270074963569641113e-02
9.270402789115905762e-02
9.270727634429931641e-02
9.271049499511718750e-02
9.271374344825744629e-02
9.271693229675292969e-02
9.272018074989318848e-02
9.272339940071105957e-02
9.272658824920654297e-02
9.272983670234680176e-02
9.273302555084228516e-02
9.273624420166015625e-02
9.273943305015563965e-02
9.274265170097351074e-02
9.274581074714660645e-02
9.274896979331970215e-02
9.275218844413757324e-02
9.275534749031066895e-02
9.275856614112854004e-02
9.276166558265686035e-02
9.276485443115234375e-02
9.276804327964782715e-02
9.277120232582092285e-02
9.277442097663879395e-02
9.277752041816711426e-02
9.278061985969543457e-02
9.278374910354614258e-02
9.278693795204162598e-02
9.279003739356994629e-02
9.279316663742065430e-02
9.279629588127136230e-02
9.279948472976684570e-02
9.280261397361755371e-02
9.280568361282348633e-02
9.280881285667419434e-02
9.281191229820251465e-02
9.281504154205322266e-02
9.281817078590393066e-02
9.282121062278747559e-02
9.282433986663818359e-02
9.282737970352172852e-02
9.283047914505004883e-02
9.283351898193359375e-02
9.283664822578430176e-02
9.283971786499023438e-02
9.284278750419616699e-02
9.284588694572448730e-02
9.284889698028564453e-02
9.285202622413635254e-02
9.285509586334228516e-02
9.285816550254821777e-02
9.286114573478698730e-02
9.286418557167053223e-02
9.286728501319885254e-02
9.287032485008239746e-02
9.287333488464355469e-02
9.287631511688232422e-02
9.287938475608825684e-02
9.288245439529418945e-02
9.288546442985534668e-02
9.288850426673889160e-02
9.289148449897766113e-02
9.289452433586120605e-02
9.289744496345520020e-02
9.290051460266113281e-02
9.290352463722229004e-02
9.290650486946105957e-02
9.290951490402221680e-02
9.291249513626098633e-02
9.291556477546691895e-02
9.291851520538330078e-02
9.292146563529968262e-02
9.292444586753845215e-02
9.292745590209960938e-02
9.293040633201599121e-02
9.293338656425476074e-02
9.293636679649353027e-02
9.293934702873229980e-02
9.294232726097106934e-02
9.294533729553222656e-02
9.294822812080383301e-02
9.295117855072021484e-02
9.295415878295898438e-02
9.295701980590820312e-02
9.295997023582458496e-02
9.296298027038574219e-02
9.296587109565734863e-02
9.296882152557373047e-02
9.297183156013488770e-02
9.297469258308410645e-02
9.297764301300048828e-02
9.298056364059448242e-02
9.298345446586608887e-02
9.298637509346008301e-02
9.298926591873168945e-02
9.299221634864807129e-02
9.299510717391967773e-02
9.299802780151367188e-02
9.300097823143005371e-02
9.300383925437927246e-02
9.300673007965087891e-02
9.300965070724487305e-02
9.301251173019409180e-02
9.301540255546569824e-02
9.301832318305969238e-02
9.302121400833129883e-02
9.302404522895812988e-02
9.302693605422973633e-02
9.302988648414611816e-02
9.303271770477294922e-02
9.303560853004455566e-02
9.303843975067138672e-02
9.304130077362060547e-02
9.304416179656982422e-02
9.304705262184143066e-02
9.304994344711303711e-02
9.305277466773986816e-02
9.305560588836669922e-02
9.305846691131591797e-02
9.306135773658752441e-02
9.306415915489196777e-02
9.306696057319641113e-02
9.306985139846801758e-02
9.307268261909484863e-02
9.307554364204406738e-02
9.307834506034851074e-02
9.308117628097534180e-02
9.308397769927978516e-02
9.308683872222900391e-02
9.308969974517822266e-02
9.309250116348266602e-02
9.309533238410949707e-02
9.309810400009155273e-02
9.310099482536315918e-02
9.310373663902282715e-02
9.310659766197204590e-02
9.310939908027648926e-02
9.311214089393615723e-02
9.311494231224060059e-02
9.311777353286743164e-02
9.312057495117187500e-02
9.312337636947631836e-02
9.312617778778076172e-02
9.312897920608520508e-02
9.313178062438964844e-02
9.313452243804931641e-02
9.313735365867614746e-02
9.314015507698059082e-02
9.314289689064025879e-02
9.314566850662231445e-02
9.314849972724914551e-02
9.315127134323120117e-02
9.315401315689086914e-02
9.315672516822814941e-02
9.315955638885498047e-02
9.316235780715942383e-02
9.316509962081909180e-02
9.316790103912353516e-02
9.317061305046081543e-02
9.317332506179809570e-02
9.317612648010253906e-02
9.317889809608459473e-02
9.318161010742187500e-02
9.318441152572631836e-02
9.318709373474121094e-02
9.318986535072326660e-02
9.319257736206054688e-02
9.319531917572021484e-02
9.319812059402465820e-02
9.320086240768432617e-02
9.320357441902160645e-02
9.320631623268127441e-02
9.320902824401855469e-02
9.321174025535583496e-02
9.321448206901550293e-02
9.321722388267517090e-02
9.321996569633483887e-02
9.322267770767211914e-02
9.322535991668701172e-02
9.322810173034667969e-02
9.323084354400634766e-02
9.323358535766601562e-02
9.323626756668090820e-02
9.323900938034057617e-02
9.324169158935546875e-02
9.324437379837036133e-02
9.324711561203002930e-02
9.324982762336730957e-02
9.325250983238220215e-02
9.325522184371948242e-02
9.325790405273437500e-02
9.326061606407165527e-02
9.326335787773132324e-02
9.326601028442382812e-02
9.326866269111633301e-02
9.327140450477600098e-02
9.327402710914611816e-02
9.327676892280578613e-02
9.327942132949829102e-02
9.328213334083557129e-02
9.328484535217285156e-02
9.328749775886535645e-02
9.329020977020263672e-02
9.329286217689514160e-02
9.329551458358764648e-02
9.329819679260253906e-02
9.330087900161743164e-02
9.330353140830993652e-02
9.330624341964721680e-02
9.330889582633972168e-02
9.331157803535461426e-02
9.331429004669189453e-02
9.331685304641723633e-02
9.331953525543212891e-02
9.332221746444702148e-02
9.332486987113952637e-02
9.332752227783203125e-02
9.333020448684692383e-02
9.333285689353942871e-02
9.333550930023193359e-02
9.333816170692443848e-02
9.334081411361694336e-02
9.334340691566467285e-02
9.334611892700195312e-02
9.334874153137207031e-02
9.335139393806457520e-02
9.335407614707946777e-02
9.335666894912719727e-02
9.335932135581970215e-02
9.336197376251220703e-02
9.336456656455993652e-02
9.336718916893005371e-02
9.336981177330017090e-02
9.337246417999267578e-02
9.337520599365234375e-02
9.337776899337768555e-02
9.338036179542541504e-02
9.338298439979553223e-02
9.338563680648803711e-02
9.338825941085815430e-02
9.339085221290588379e-02
9.339356422424316406e-02
9.339612722396850586e-02
9.339874982833862305e-02
9.340137243270874023e-02
9.340396523475646973e-02
9.340658783912658691e-02
9.340927004814147949e-02
9.341186285018920898e-02
9.341442584991455078e-02
9.341710805892944336e-02
9.341967105865478516e-02
9.342229366302490234e-02
9.342488646507263184e-02
9.342747926712036133e-02
9.343013167381286621e-02
9.343266487121582031e-02
9.343531727790832520e-02
9.343793988227844238e-02
9.344050288200378418e-02
9.344312548637390137e-02
9.344571828842163086e-02
9.344837069511413574e-02
9.345090389251708984e-02
9.345355629920959473e-02
9.345608949661254883e-02
9.345874190330505371e-02
9.346127510070800781e-02
9.346386790275573730e-02
9.346643090248107910e-02
9.346905350685119629e-02
9.347167611122131348e-02
9.347420930862426758e-02
9.347683191299438477e-02
9.347942471504211426e-02
9.348198771476745605e-02
9.348455071449279785e-02
9.348717331886291504e-02
9.348976612091064453e-02
9.349232912063598633e-02
9.349489212036132812e-02
9.349745512008666992e-02
9.350004792213439941e-02
9.350255131721496582e-02
9.350517392158508301e-02
9.350773692131042480e-02
9.351029992103576660e-02
9.351292252540588379e-02
9.351548552513122559e-02
9.351801872253417969e-02
9.352061152458190918e-02
9.352320432662963867e-02
9.352573752403259277e-02
9.352824091911315918e-02
9.353086352348327637e-02
9.353339672088623047e-02
9.353598952293395996e-02
9.353852272033691406e-02
9.354108572006225586e-02
9.354367852210998535e-02
9.354621171951293945e-02
9.354877471923828125e-02
9.355133771896362305e-02
9.355387091636657715e-02
9.355640411376953125e-02
9.355896711349487305e-02
9.356153011322021484e-02
9.356409311294555664e-02
9.356668591499328613e-02
9.356912970542907715e-02
9.357172250747680664e-02
9.357431530952453613e-02
9.357687830924987793e-02
9.357938170433044434e-02
9.358200430870056152e-02
9.358447790145874023e-02
9.358701109886169434e-02
9.358954429626464844e-02
9.359210729598999023e-02
9.359464049339294434e-02
9.359714388847351074e-02
9.359973669052124023e-02
9.360226988792419434e-02
9.360477328300476074e-02
9.360733628273010254e-02
9.360989928245544434e-02
9.361240267753601074e-02
9.361493587493896484e-02
9.361746907234191895e-02
9.362000226974487305e-02
9.362256526947021484e-02
9.362506866455078125e-02
9.362760186195373535e-02
9.363013505935668945e-02
9.363263845443725586e-02
9.363520145416259766e-02
9.363770484924316406e-02
9.364023804664611816e-02
9.364277124404907227e-02
9.364521503448486328e-02
9.364777803421020508e-02
9.365031123161315918e-02
9.365281462669372559e-02
9.365537762641906738e-02
9.365791082382202148e-02
9.366041421890258789e-02
9.366291761398315430e-02
9.366548061370849609e-02
9.366795420646667480e-02
9.367054700851440430e-02
9.367299079895019531e-02
9.367549419403076172e-02
9.367802739143371582e-02
9.368050098419189453e-02
9.368306398391723633e-02
9.368553757667541504e-02
9.368810057640075684e-02
9.369057416915893555e-02
9.369307756423950195e-02
9.369558095932006836e-02
9.369811415672302246e-02
9.370067715644836426e-02
9.370315074920654297e-02
9.370565414428710938e-02
9.370812773704528809e-02
9.371063113212585449e-02
9.371313452720642090e-02
9.371563792228698730e-02
9.371817111968994141e-02
9.372061491012573242e-02
9.372314810752868652e-02
9.372562170028686523e-02
9.372812509536743164e-02
9.373062849044799805e-02
9.373313188552856445e-02
9.373566508293151855e-02
9.373807907104492188e-02
9.374064207077026367e-02
9.374314546585083008e-02
9.374564886093139648e-02
9.374812245368957520e-02
9.375065565109252930e-02
9.375306963920593262e-02
9.375557303428649902e-02
9.375810623168945312e-02
9.376060962677001953e-02
9.376308321952819824e-02
9.376558661460876465e-02
9.376806020736694336e-02
9.377056360244750977e-02
9.377306699752807617e-02
9.377551078796386719e-02
9.377801418304443359e-02
9.378051757812500000e-02
9.378302097320556641e-02
9.378549456596374512e-02
9.378796815872192383e-02
9.379041194915771484e-02
9.379291534423828125e-02
9.379538893699645996e-02
9.379792213439941406e-02
9.380036592483520508e-02
9.380286931991577148e-02
9.380534291267395020e-02
9.380781650543212891e-02
9.381026029586791992e-02
9.381276369094848633e-02
9.381526708602905273e-02
9.381774067878723145e-02
9.382021427154541016e-02
9.382268786430358887e-02
9.382516145706176758e-02
9.382760524749755859e-02
9.383007884025573730e-02
9.383252263069152832e-02
9.383505582809448242e-02
9.383758902549743652e-02
9.383997321128845215e-02
9.384247660636901855e-02
9.384495019912719727e-02
9.384745359420776367e-02
9.384989738464355469e-02
9.385234117507934570e-02
9.385475516319274902e-02
9.385725855827331543e-02
9.385976195335388184e-02
9.386217594146728516e-02
9.386470913887023926e-02
9.386715292930603027e-02
9.386962652206420898e-02
9.387204051017761230e-02
9.387454390525817871e-02
9.387701749801635742e-02
9.387949109077453613e-02
9.388193488121032715e-02
9.388434886932373047e-02
9.388685226440429688e-02
9.388929605484008789e-02
9.389176964759826660e-02
9.389427304267883301e-02
9.389671683311462402e-02
9.389913082122802734e-02
9.390157461166381836e-02
9.390407800674438477e-02
9.390652179718017578e-02
9.390899538993835449e-02
9.391143918037414551e-02
9.391391277313232422e-02
9.391635656356811523e-02
9.391883015632629395e-02
9.392124414443969727e-02
9.392368793487548828e-02
9.392616152763366699e-02
9.392854571342468262e-02
9.393107891082763672e-02
9.393352270126342773e-02
9.393596649169921875e-02
9.393841028213500977e-02
9.394085407257080078e-02
9.394329786300659180e-02
9.394574165344238281e-02
9.394821524620056152e-02
9.395062923431396484e-02
9.395307302474975586e-02
9.395554661750793457e-02
9.395799040794372559e-02
9.396040439605712891e-02
9.396290779113769531e-02
9.396532177925109863e-02
9.396776556968688965e-02
9.397020936012268066e-02
9.397262334823608398e-02
9.397509694099426270e-02
9.397751092910766602e-02
9.397998452186584473e-02
9.398236870765686035e-02
9.398484230041503906e-02
9.398722648620605469e-02
9.398970007896423340e-02
9.399214386940002441e-02
9.399458765983581543e-02
9.399706125259399414e-02
9.399950504302978516e-02
9.400188922882080078e-02
9.400427341461181641e-02
9.400674700736999512e-02
9.400913119316101074e-02
9.401169419288635254e-02
9.401407837867736816e-02
9.401649236679077148e-02
9.401890635490417480e-02
9.402137994766235352e-02
9.402376413345336914e-02
9.402626752853393555e-02
9.402862191200256348e-02
9.403109550476074219e-02
9.403353929519653320e-02
9.403592348098754883e-02
9.403836727142333984e-02
9.404075145721435547e-02
9.404319524765014648e-02
9.404560923576354980e-02
9.404805302619934082e-02
9.405046701431274414e-02
9.405285120010375977e-02
9.405529499053955078e-02
9.405782818794250488e-02
9.406021237373352051e-02
9.406259655952453613e-02
9.406498074531555176e-02
9.406739473342895508e-02
9.406989812850952148e-02
9.407228231430053711e-02
9.407466650009155273e-02
9.407711029052734375e-02
9.407955408096313477e-02
9.408193826675415039e-02
9.408441185951232910e-02
9.408679604530334473e-02
9.408921003341674805e-02
9.409165382385253906e-02
9.409403800964355469e-02
9.409639239311218262e-02
9.409886598587036133e-02
9.410125017166137695e-02
9.410372376441955566e-02
9.410613775253295898e-02
9.410858154296875000e-02
9.411087632179260254e-02
9.411334991455078125e-02
9.411573410034179688e-02
9.411814808845520020e-02
9.412056207656860352e-02
9.412294626235961914e-02
9.412536025047302246e-02
9.412777423858642578e-02
9.413018822669982910e-02
9.413263201713562012e-02
9.413501620292663574e-02
9.413737058639526367e-02
9.413978457450866699e-02
9.414222836494445801e-02
9.414464235305786133e-02
9.414696693420410156e-02
9.414941072463989258e-02
9.415182471275329590e-02
9.415423870086669922e-02
9.415665268898010254e-02
9.415900707244873047e-02
9.416139125823974609e-02
9.416377544403076172e-02
9.416621923446655273e-02
9.416863322257995605e-02
9.417104721069335938e-02
9.417343139648437500e-02
9.417578577995300293e-02
9.417828917503356934e-02
9.418058395385742188e-02
9.418293833732604980e-02
9.418538212776184082e-02
9.418779611587524414e-02
9.419015049934387207e-02
9.419259428977966309e-02
9.419491887092590332e-02
9.419736266136169434e-02
9.419974684715270996e-02
9.420210123062133789e-02
9.420457482337951660e-02
9.420695900917053223e-02
9.420928359031677246e-02
9.421169757843017578e-02
9.421408176422119141e-02
9.421646595001220703e-02
9.421882033348083496e-02
9.422126412391662598e-02
9.422358870506286621e-02
9.422600269317626953e-02
9.422841668128967285e-02
9.423080086708068848e-02
9.423312544822692871e-02
9.423553943634033203e-02
9.423786401748657227e-02
9.424030780792236328e-02
9.424266219139099121e-02
9.424504637718200684e-02
9.424743056297302246e-02
9.424975514411926270e-02
9.425216913223266602e-02
9.425455331802368164e-02
9.425687789916992188e-02
9.425932168960571289e-02
9.426170587539672852e-02
9.426409006118774414e-02
9.426644444465637207e-02
9.426879882812500000e-02
9.427121281623840332e-02
9.427356719970703125e-02
9.427592158317565918e-02
9.427833557128906250e-02
9.428068995475769043e-02
9.428304433822631836e-02
9.428536891937255859e-02
9.428775310516357422e-02
9.429010748863220215e-02
9.429252147674560547e-02
9.429490566253662109e-02
9.429726004600524902e-02
9.429958462715148926e-02
9.430196881294250488e-02
9.430438280105590820e-02
9.430673718452453613e-02
9.430912137031555176e-02
9.431144595146179199e-02
9.431383013725280762e-02
9.431618452072143555e-02
9.431850910186767578e-02
9.432086348533630371e-02
9.432321786880493164e-02
9.432560205459594727e-02
9.432801604270935059e-02
9.433031082153320312e-02
9.433269500732421875e-02
9.433501958847045898e-02
9.433740377426147461e-02
9.433975815773010254e-02
9.434208273887634277e-02
9.434443712234497070e-02
9.434679150581359863e-02
9.434908628463745117e-02
9.435153007507324219e-02
9.435388445854187012e-02
9.435617923736572266e-02
9.435853362083435059e-02
9.436094760894775391e-02
9.436330199241638184e-02
9.436562657356262207e-02
9.436798095703125000e-02
9.437033534049987793e-02
9.437265992164611816e-02
9.437504410743713379e-02
9.437736868858337402e-02
9.437972307205200195e-02
9.438207745552062988e-02
9.438440203666687012e-02
9.438675642013549805e-02
9.438914060592651367e-02
9.439143538475036621e-02
9.439375996589660645e-02
9.439611434936523438e-02
9.439843893051147461e-02
9.440076351165771484e-02
9.440314769744873047e-02
9.440544247627258301e-02
9.440782666206359863e-02
9.441015124320983887e-02
9.441247582435607910e-02
9.441480040550231934e-02
9.441715478897094727e-02
9.441950917243957520e-02
9.442186355590820312e-02
9.442418813705444336e-02
9.442645311355590820e-02
9.442880749702453613e-02
9.443116188049316406e-02
9.443342685699462891e-02
9.443578124046325684e-02
9.443813562393188477e-02
9.444049000740051270e-02
9.444281458854675293e-02
9.444516897201538086e-02
9.444743394851684570e-02
9.444978833198547363e-02
9.445211291313171387e-02
9.445440769195556641e-02
9.445676207542419434e-02
9.445908665657043457e-02
9.446144104003906250e-02
9.446370601654052734e-02
9.446606040000915527e-02
9.446841478347778320e-02
9.447070956230163574e-02
9.447303414344787598e-02
9.447541832923889160e-02
9.447762370109558105e-02
9.448000788688659668e-02
9.448224306106567383e-02
9.448462724685668945e-02
9.448689222335815430e-02
9.448924660682678223e-02
9.449157118797302246e-02
9.449386596679687500e-02
9.449619054794311523e-02
9.449848532676696777e-02
9.450078010559082031e-02
9.450313448905944824e-02
9.450542926788330078e-02
9.450775384902954102e-02
9.451007843017578125e-02
9.451237320899963379e-02
9.451466798782348633e-02
9.451702237129211426e-02
9.451931715011596680e-02
9.452161192893981934e-02
9.452393651008605957e-02
9.452620148658752441e-02
9.452855587005615234e-02
9.453079104423522949e-02
9.453314542770385742e-02
9.453544020652770996e-02
9.453770518302917480e-02
9.454005956649780273e-02
9.454229474067687988e-02
9.454461932182312012e-02
9.454697370529174805e-02
9.454923868179321289e-02
9.455150365829467773e-02
9.455379843711853027e-02
9.455615282058715820e-02
9.455844759941101074e-02
9.456074237823486328e-02
9.456300735473632812e-02
9.456527233123779297e-02
9.456759691238403320e-02
9.456992149353027344e-02
9.457215666770935059e-02
9.457442164421081543e-02
9.457671642303466797e-02
9.457907080650329590e-02
9.458133578300476074e-02
9.458366036415100098e-02
9.458595514297485352e-02
9.458822011947631836e-02
9.459051489830017090e-02
9.459277987480163574e-02
9.459507465362548828e-02
9.459736943244934082e-02
9.459966421127319336e-02
9.460192918777465820e-02
9.460416436195373535e-02
9.460645914077758789e-02
9.460872411727905273e-02
9.461107850074768066e-02
9.461337327957153320e-02
9.461563825607299805e-02
9.461790323257446289e-02
9.462013840675354004e-02
9.462243318557739258e-02
9.462475776672363281e-02
9.462705254554748535e-02
9.462928771972656250e-02
9.463158249855041504e-02
9.463381767272949219e-02
9.463605284690856934e-02
9.463837742805480957e-02
9.464064240455627441e-02
9.464293718338012695e-02
9.464520215988159180e-02
9.464743733406066895e-02
9.464982151985168457e-02
9.465202689170837402e-02
9.465423226356506348e-02
9.465658664703369141e-02
9.465879201889038086e-02
9.466108679771423340e-02
9.466332197189331055e-02
9.466558694839477539e-02
9.466785192489624023e-02
9.467011690139770508e-02
9.467241168022155762e-02
9.467464685440063477e-02
9.467694163322448730e-02
9.467923641204833984e-02
9.468141198158264160e-02
9.468364715576171875e-02
9.468594193458557129e-02
9.468826651573181152e-02
9.469050168991088867e-02
9.469270706176757812e-02
9.469497203826904297e-02
9.469720721244812012e-02
9.469953179359436035e-02
9.470176696777343750e-02
9.470397233963012695e-02
9.470629692077636719e-02
9.470850229263305664e-02
9.471076726913452148e-02
9.471303224563598633e-02
9.471523761749267578e-02
9.471753239631652832e-02
9.471976757049560547e-02
9.472197294235229492e-02
9.472426772117614746e-02
9.472653269767761230e-02
9.472882747650146484e-02
9.473103284835815430e-02
9.473329782485961914e-02
9.473556280136108398e-02
9.473773837089538574e-02
9.474000334739685059e-02
9.474226832389831543e-02
9.474447369575500488e-02
9.474670886993408203e-02
9.474894404411315918e-02
9.475120902061462402e-02
9.475350379943847656e-02
9.475564956665039062e-02
9.475794434547424316e-02
9.476014971733093262e-02
9.476244449615478516e-02
9.476467967033386230e-02
9.476688504219055176e-02
9.476909041404724121e-02
9.477135539054870605e-02
9.477359056472778320e-02
9.477582573890686035e-02
9.477806091308593750e-02
9.478029608726501465e-02
9.478253126144409180e-02
9.478470683097839355e-02
9.478700160980224609e-02
9.478917717933654785e-02
9.479150176048278809e-02
9.479367733001708984e-02
9.479597210884094238e-02
9.479814767837524414e-02
9.480035305023193359e-02
9.480261802673339844e-02
9.480482339859008789e-02
9.480705857276916504e-02
9.480929374694824219e-02
9.481143951416015625e-02
9.481370449066162109e-02
9.481596946716308594e-02
9.481811523437500000e-02
9.482038021087646484e-02
9.482261538505554199e-02
9.482485055923461914e-02
9.482708573341369629e-02
9.482926130294799805e-02
9.483146667480468750e-02
9.483370184898376465e-02
9.483593702316284180e-02
9.483817219734191895e-02
9.484034776687622070e-02
9.484252333641052246e-02
9.484475851058959961e-02
9.484696388244628906e-02
9.484913945198059082e-02
9.485140442848205566e-02
9.485360980033874512e-02
9.485581517219543457e-02
9.485808014869689941e-02
9.486025571823120117e-02
9.486243128776550293e-02
9.486466646194458008e-02
9.486690163612365723e-02
9.486907720565795898e-02
9.487131237983703613e-02
9.487351775169372559e-02
9.487569332122802734e-02
9.487795829772949219e-02
9.488010406494140625e-02
9.488227963447570801e-02
9.488451480865478516e-02
9.488672018051147461e-02
9.488895535469055176e-02
9.489113092422485352e-02
9.489333629608154297e-02
9.489563107490539551e-02
9.489774703979492188e-02
9.489992260932922363e-02
9.490215778350830078e-02
9.490439295768737793e-02
9.490659832954406738e-02
9.490874409675598145e-02
9.491091966629028320e-02
9.491315484046936035e-02
9.491536021232604980e-02
9.491756558418273926e-02
9.491971135139465332e-02
9.492194652557373047e-02
9.492415189743041992e-02
9.492632746696472168e-02
9.492853283882141113e-02
9.493067860603332520e-02
9.493291378021240234e-02
9.493511915206909180e-02
9.493732452392578125e-02
9.493950009346008301e-02
9.494167566299438477e-02
9.494385123252868652e-02
9.494602680206298828e-02
9.494823217391967773e-02
9.495040774345397949e-02
9.495255351066589355e-02
9.495475888252258301e-02
9.495696425437927246e-02
9.495913982391357422e-02
9.496137499809265137e-02
9.496355056762695312e-02
9.496572613716125488e-02
9.496787190437316895e-02
9.497004747390747070e-02
9.497225284576416016e-02
9.497442841529846191e-02
9.497666358947753906e-02
9.497883915901184082e-02
9.498101472854614258e-02
9.498316049575805664e-02
9.498533606529235840e-02
9.498751163482666016e-02
9.498971700668334961e-02
9.499195218086242676e-02
9.499406814575195312e-02
9.499621391296386719e-02
9.499844908714294434e-02
9.500053524971008301e-02
9.500274062156677246e-02
9.500491619110107422e-02
9.500712156295776367e-02
9.500932693481445312e-02
9.501153230667114258e-02
9.501361846923828125e-02
9.501579403877258301e-02
9.501805901527404785e-02
9.502017498016357422e-02
9.502235054969787598e-02
9.502455592155456543e-02
9.502667188644409180e-02
9.502887725830078125e-02
9.503099322319030762e-02
9.503322839736938477e-02
9.503537416458129883e-02
9.503754973411560059e-02
9.503969550132751465e-02
9.504190087318420410e-02
9.504404664039611816e-02
9.504616260528564453e-02
9.504836797714233398e-02
9.505054354667663574e-02
9.505268931388854980e-02
9.505486488342285156e-02
9.505707025527954102e-02
9.505921602249145508e-02
9.506142139434814453e-02
9.506353735923767090e-02
9.506571292877197266e-02
9.506788849830627441e-02
9.507000446319580078e-02
9.507218003273010254e-02
9.507435560226440430e-02
9.507647156715393066e-02
9.507873654365539551e-02
9.508085250854492188e-02
9.508302807807922363e-02
9.508517384529113770e-02
9.508731961250305176e-02
9.508946537971496582e-02
9.509164094924926758e-02
9.509381651878356934e-02
9.509596228599548340e-02
9.509810805320739746e-02
9.510028362274169922e-02
9.510242938995361328e-02
9.510457515716552734e-02
9.510675072669982910e-02
9.510892629623413086e-02
9.511107206344604492e-02
9.511324763298034668e-02
9.511536359786987305e-02
9.511753916740417480e-02
9.511974453926086426e-02
9.512180089950561523e-02
9.512400627136230469e-02
9.512618184089660645e-02
9.512832760810852051e-02
9.513047337532043457e-02
9.513258934020996094e-02
9.513473510742187500e-02
9.513685107231140137e-02
9.513905644416809082e-02
9.514117240905761719e-02
9.514337778091430664e-02
9.514549374580383301e-02
9.514766931533813477e-02
9.514981508255004883e-02
9.515199065208435059e-02
9.515413641929626465e-02
9.515625238418579102e-02
9.515842795372009277e-02
9.516063332557678223e-02
9.516271948814392090e-02
9.516486525535583496e-02
9.516701102256774902e-02
9.516921639442443848e-02
9.517133235931396484e-02
9.517347812652587891e-02
9.517565369606018066e-02
9.517779946327209473e-02
9.517991542816162109e-02
9.518206119537353516e-02
9.518420696258544922e-02
9.518641233444213867e-02
9.518852829933166504e-02
9.519067406654357910e-02
9.519281983375549316e-02
9.519499540328979492e-02
9.519711136817932129e-02
9.519922733306884766e-02
9.520137310028076172e-02
9.520354866981506348e-02
9.520572423934936523e-02
9.520784020423889160e-02
9.520998597145080566e-02
9.521213173866271973e-02
9.521427750587463379e-02
9.521642327308654785e-02
9.521853923797607422e-02
9.522068500518798828e-02
9.522286057472229004e-02
9.522497653961181641e-02
9.522706270217895508e-02
9.522929787635803223e-02
9.523144364356994629e-02
9.523358941078186035e-02
9.523570537567138672e-02
9.523785114288330078e-02
9.523999691009521484e-02
9.524208307266235352e-02
9.524431824684143066e-02
9.524643421173095703e-02
9.524857997894287109e-02
9.525069594383239746e-02
9.525287151336669922e-02
9.525501728057861328e-02
9.525713324546813965e-02
9.525933861732482910e-02
9.526142477989196777e-02
9.526357054710388184e-02
9.526574611663818359e-02
9.526783227920532227e-02
9.527003765106201172e-02
9.527215361595153809e-02
9.527426958084106445e-02
9.527641534805297852e-02
9.527859091758728027e-02
9.528073668479919434e-02
9.528282284736633301e-02
9.528505802154541016e-02
9.528717398643493652e-02
9.528928995132446289e-02
9.529146552085876465e-02
9.529355168342590332e-02
9.529572725296020508e-02
9.529790282249450684e-02
9.530001878738403320e-02
9.530213475227355957e-02
9.530425071716308594e-02
9.530642628669738770e-02
9.530863165855407715e-02
9.531068801879882812e-02
9.531286358833312988e-02
9.531500935554504395e-02
9.531715512275695801e-02
9.531927108764648438e-02
9.532144665718078613e-02
9.532362222671508789e-02
9.532573819160461426e-02
9.532788395881652832e-02
9.532999992370605469e-02
9.533217549324035645e-02
9.533435106277465820e-02
9.533643722534179688e-02
9.533858299255371094e-02
9.534072875976562500e-02
9.534287452697753906e-02
9.534505009651184082e-02
9.534719586372375488e-02
9.534934163093566895e-02
9.535142779350280762e-02
9.535363316535949707e-02
9.535571932792663574e-02
9.535789489746093750e-02
9.536001086235046387e-02
9.536218643188476562e-02
9.536436200141906738e-02
9.536641836166381836e-02
9.536865353584289551e-02
9.537076950073242188e-02
9.537288546562194824e-02
9.537509083747863770e-02
9.537720680236816406e-02
9.537935256958007812e-02
9.538149833679199219e-02
9.538361430168151855e-02
9.538584947586059570e-02
9.538793563842773438e-02
9.539008140563964844e-02
9.539219737052917480e-02
9.539443254470825195e-02
9.539654850959777832e-02
9.539869427680969238e-02
9.540078043937683105e-02
9.540295600891113281e-02
9.540516138076782227e-02
9.540727734565734863e-02
9.540945291519165039e-02
9.541153907775878906e-02
9.541374444961547852e-02
9.541592001914978027e-02
9.541803598403930664e-02
9.542027115821838379e-02
9.542238712310791016e-02
9.542444348335266113e-02
9.542667865753173828e-02
9.542879462242126465e-02
9.543097019195556641e-02
9.543311595916748047e-02
9.543529152870178223e-02
9.543737769126892090e-02
9.543958306312561035e-02
9.544172883033752441e-02
9.544387459754943848e-02
9.544605016708374023e-02
9.544822573661804199e-02
9.545037150382995605e-02
9.545251727104187012e-02
9.545463323593139648e-02
9.545683860778808594e-02
9.545898437500000000e-02
9.546113014221191406e-02
9.546330571174621582e-02
9.546545147895812988e-02
9.546762704849243164e-02
9.546974301338195801e-02
9.547197818756103516e-02
9.547406435012817383e-02
9.547629952430725098e-02
9.547841548919677734e-02
9.548059105873107910e-02
9.548273682594299316e-02
9.548494219779968262e-02
9.548711776733398438e-02
9.548923373222351074e-02
9.549143910408020020e-02
9.549358487129211426e-02
9.549576044082641602e-02
9.549793601036071777e-02
9.550011157989501953e-02
9.550231695175170898e-02
9.550446271896362305e-02
9.550660848617553711e-02
9.550878405570983887e-02
9.551092982292175293e-02
9.551310539245605469e-02
9.551528096199035645e-02
9.551745653152465820e-02
9.551963210105895996e-02
9.552180767059326172e-02
9.552395343780517578e-02
9.552618861198425293e-02
9.552827477455139160e-02
9.553045034408569336e-02
9.553268551826477051e-02
9.553483128547668457e-02
9.553700685501098633e-02
9.553918242454528809e-02
9.554135799407958984e-02
9.554356336593627930e-02
9.554576873779296875e-02
9.554794430732727051e-02
9.555011987686157227e-02
9.555229544639587402e-02
9.555450081825256348e-02
9.555664658546447754e-02
9.555888175964355469e-02
9.556102752685546875e-02
9.556317329406738281e-02
9.556537866592407227e-02
9.556752443313598633e-02
9.556972980499267578e-02
9.557190537452697754e-02
9.557411074638366699e-02
9.557628631591796875e-02
9.557852149009704590e-02
9.558066725730895996e-02
9.558293223381042480e-02
9.558507800102233887e-02
9.558728337287902832e-02
9.558951854705810547e-02
9.559169411659240723e-02
9.559386968612670898e-02
9.559604525566101074e-02
9.559825062751770020e-02
9.560048580169677734e-02
9.560269117355346680e-02
9.560486674308776855e-02
9.560704231262207031e-02
9.560924768447875977e-02
9.561145305633544922e-02
9.561365842819213867e-02
9.561586380004882812e-02
9.561806917190551758e-02
9.562027454376220703e-02
9.562247991561889648e-02
9.562471508979797363e-02
9.562689065933227539e-02
9.562909603118896484e-02
9.563130140304565430e-02
9.563353657722473145e-02
9.563574194908142090e-02
9.563794732093811035e-02
9.564009308815002441e-02
9.564232826232910156e-02
9.564459323883056641e-02
9.564679861068725586e-02
9.564903378486633301e-02
9.565120935440063477e-02
9.565344452857971191e-02
9.565564990043640137e-02
9.565791487693786621e-02
9.566017985343933105e-02
9.566229581832885742e-02
9.566456079483032227e-02
9.566679596900939941e-02
9.566900134086608887e-02
9.567126631736755371e-02
9.567350149154663086e-02
9.567567706108093262e-02
9.567791223526000977e-02
9.568014740943908691e-02
9.568235278129577637e-02
9.568461775779724121e-02
9.568688273429870605e-02
9.568908810615539551e-02
9.569135308265686035e-02
9.569358825683593750e-02
9.569582343101501465e-02
9.569802880287170410e-02
9.570032358169555664e-02
9.570249915122985840e-02
9.570479393005371094e-02
9.570702910423278809e-02
9.570926427841186523e-02
9.571149945259094238e-02
9.571376442909240723e-02
9.571599960327148438e-02
9.571826457977294922e-02
9.572049975395202637e-02
9.572276473045349121e-02
9.572499990463256836e-02
9.572726488113403320e-02
9.572952985763549805e-02
9.573173522949218750e-02
9.573405981063842773e-02
9.573632478713989258e-02
9.573855996131896973e-02
9.574082493782043457e-02
9.574311971664428711e-02
9.574541449546813965e-02
9.574767947196960449e-02
9.574988484382629395e-02
9.575212001800537109e-02
9.575447440147399902e-02
9.575670957565307617e-02
9.575897455215454102e-02
9.576123952865600586e-02
9.576350450515747070e-02
9.576576948165893555e-02
9.576806426048278809e-02
9.577035903930664062e-02
9.577262401580810547e-02
9.577491879463195801e-02
9.577718377113342285e-02
9.577947854995727539e-02
9.578174352645874023e-02
9.578406810760498047e-02
9.578633308410644531e-02
9.578859806060791016e-02
9.579092264175415039e-02
9.579318761825561523e-02
9.579554200172424316e-02
9.579783678054809570e-02
9.580001235008239746e-02
9.580239653587341309e-02
9.580472111701965332e-02
9.580701589584350586e-02
9.580934047698974609e-02
9.581157565116882324e-02
9.581393003463745117e-02
9.581625461578369141e-02
9.581854939460754395e-02
9.582084417343139648e-02
9.582313895225524902e-02
9.582546353340148926e-02
9.582781791687011719e-02
9.583008289337158203e-02
9.583243727684020996e-02
9.583476185798645020e-02
9.583702683448791504e-02
9.583938121795654297e-02
9.584170579910278320e-02
9.584400057792663574e-02
9.584635496139526367e-02
9.584867954254150391e-02
9.585103392601013184e-02
9.585338830947875977e-02
9.585571289062500000e-02
9.585809707641601562e-02
9.586036205291748047e-02
9.586265683174133301e-02
9.586504101753234863e-02
9.586742520332336426e-02
9.586974978446960449e-02
9.587210416793823242e-02
9.587445855140686035e-02
9.587681293487548828e-02
9.587910771369934082e-02
9.588149189949035645e-02
9.588381648063659668e-02
9.588614106178283691e-02
9.588855504989624023e-02
9.589090943336486816e-02
9.589326381683349609e-02
9.589558839797973633e-02
9.589800238609313965e-02
9.590032696723937988e-02
9.590271115303039551e-02
9.590515494346618652e-02
9.590750932693481445e-02
9.590986371040344238e-02
9.591221809387207031e-02
9.591460227966308594e-02
9.591698646545410156e-02
9.591937065124511719e-02
9.592175483703613281e-02
9.592416882514953613e-02
9.592652320861816406e-02
9.592890739440917969e-02
9.593129158020019531e-02
9.593370556831359863e-02
9.593608975410461426e-02
9.593847393989562988e-02
9.594085812568664551e-02
9.594330191612243652e-02
9.594565629959106445e-02
9.594807028770446777e-02
9.595045447349548340e-02
9.595283865928649902e-02
9.595531225204467773e-02
9.595772624015808105e-02
9.596008062362670898e-02
9.596255421638488770e-02
9.596496820449829102e-02
9.596738219261169434e-02
9.596979618072509766e-02
9.597223997116088867e-02
9.597465395927429199e-02
9.597703814506530762e-02
9.597948193550109863e-02
9.598195552825927734e-02
9.598439931869506836e-02
9.598681330680847168e-02
9.598919749259948730e-02
9.599167108535766602e-02
9.599414467811584473e-02
9.599658846855163574e-02
9.599897265434265137e-02
9.600138664245605469e-02
9.600386023521423340e-02
9.600639343261718750e-02
9.600883722305297852e-02
9.601128101348876953e-02
9.601369500160217285e-02
9.601613879203796387e-02
9.601861238479614258e-02
9.602108597755432129e-02
9.602355957031250000e-02
9.602600336074829102e-02
9.602850675582885742e-02
9.603103995323181152e-02
9.603348374366760254e-02
9.603592753410339355e-02
9.603843092918395996e-02
9.604093432426452637e-02
9.604343771934509277e-02
9.604588150978088379e-02
9.604835510253906250e-02
9.605085849761962891e-02
9.605336189270019531e-02
9.605583548545837402e-02
9.605836868286132812e-02
9.606087207794189453e-02
9.606334567070007324e-02
9.606590867042541504e-02
9.606835246086120605e-02
9.607085585594177246e-02
9.607338905334472656e-02
9.607592225074768066e-02
9.607839584350585938e-02
9.608095884323120117e-02
9.608343243598937988e-02
9.608602523803710938e-02
9.608852863311767578e-02
9.609103202819824219e-02
9.609356522560119629e-02
9.609612822532653809e-02
9.609866142272949219e-02
9.610122442245483398e-02
9.610375761985778809e-02
9.610629081726074219e-02
9.610879421234130859e-02
9.611138701438903809e-02
9.611392021179199219e-02
9.611648321151733398e-02
9.611904621124267578e-02
9.612160921096801758e-02
9.612417221069335938e-02
9.612676501274108887e-02
9.612932801246643066e-02
9.613189101219177246e-02
9.613442420959472656e-02
9.613698720932006836e-02
9.613958001136779785e-02
9.614220261573791504e-02
9.614482522010803223e-02
9.614738821983337402e-02
9.614992141723632812e-02
9.615251421928405762e-02
9.615513682365417480e-02
9.615769982337951660e-02
9.616032242774963379e-02
9.616288542747497559e-02
9.616553783416748047e-02
9.616807103157043457e-02
9.617072343826293945e-02
9.617334604263305664e-02
9.617590904235839844e-02
9.617853164672851562e-02
9.618115425109863281e-02
9.618377685546875000e-02
9.618642926216125488e-02
9.618908166885375977e-02
9.619173407554626465e-02
9.619432687759399414e-02
9.619691967964172363e-02
9.619957208633422852e-02
9.620222449302673340e-02
9.620493650436401367e-02
9.620752930641174316e-02
9.621015191078186035e-02
9.621283411979675293e-02
9.621548652648925781e-02
9.621813893318176270e-02
9.622082114219665527e-02
9.622344374656677246e-02
9.622624516487121582e-02
9.622883796691894531e-02
9.623143076896667480e-02
9.623420238494873047e-02
9.623685479164123535e-02
9.623956680297851562e-02
9.624221920967102051e-02
9.624490141868591309e-02
9.624758362770080566e-02
9.625026583671569824e-02
9.625294804573059082e-02
9.625571966171264648e-02
9.625837206840515137e-02
9.626111388206481934e-02
9.626376628875732422e-02
9.626653790473937988e-02
9.626924991607666016e-02
9.627196192741394043e-02
9.627464413642883301e-02
9.627735614776611328e-02
9.628009796142578125e-02
9.628283977508544922e-02
9.628552198410034180e-02
9.628832340240478516e-02
9.629109501838684082e-02
9.629377722740173340e-02
9.629654884338378906e-02
9.629929065704345703e-02
9.630200266838073730e-02
9.630477428436279297e-02
9.630754590034484863e-02
9.631031751632690430e-02
9.631305932998657227e-02
9.631586074829101562e-02
9.631857275962829590e-02
9.632137417793273926e-02
9.632414579391479492e-02
9.632688760757446289e-02
9.632971882820129395e-02
9.633252024650573730e-02
9.633526206016540527e-02
9.633803367614746094e-02
9.634089469909667969e-02
9.634366631507873535e-02
9.634649753570556641e-02
9.634929895401000977e-02
9.635213017463684082e-02
9.635493159294128418e-02
9.635770320892333984e-02
9.636050462722778320e-02
9.636336565017700195e-02
9.636625647544860840e-02
9.636902809143066406e-02
9.637185931205749512e-02
9.637472033500671387e-02
9.637752175331115723e-02
9.638038277626037598e-02
9.638324379920959473e-02
9.638601541519165039e-02
9.638890624046325684e-02
9.639182686805725098e-02
9.639468789100646973e-02
9.639748930931091309e-02
9.640035033226013184e-02
9.640324115753173828e-02
9.640610218048095703e-02
9.640899300575256348e-02
9.641191363334655762e-02
9.641480445861816406e-02
9.641760587692260742e-02
9.642055630683898926e-02
9.642341732978820801e-02
9.642633795738220215e-02
9.642919898033142090e-02
9.643211960792541504e-02
9.643501043319702148e-02
9.643799066543579102e-02
9.644085168838500977e-02
9.644377231597900391e-02
9.644672274589538574e-02
9.644964337348937988e-02
9.645253419876098633e-02
9.645551443099975586e-02
9.645843505859375000e-02
9.646141529083251953e-02
9.646430611610412598e-02
9.646725654602050781e-02
9.647020697593688965e-02
9.647318720817565918e-02
9.647613763809204102e-02
9.647911787033081055e-02
9.648206830024719238e-02
9.648504853248596191e-02
9.648802876472473145e-02
9.649103879928588867e-02
9.649392962455749512e-02
9.649688005447387695e-02
9.649991989135742188e-02
9.650290012359619141e-02
9.650593996047973633e-02
9.650897979736328125e-02
9.651193022727966309e-02
9.651494026184082031e-02
9.651792049407958984e-02
9.652096033096313477e-02
9.652397036552429199e-02
9.652704000473022461e-02
9.653002023696899414e-02
9.653306007385253906e-02
9.653612971305847168e-02
9.653913974761962891e-02
9.654217958450317383e-02
9.654521942138671875e-02
9.654828906059265137e-02
9.655132889747619629e-02
9.655439853668212891e-02
9.655749797821044922e-02
9.656050801277160645e-02
9.656357765197753906e-02
9.656670689582824707e-02
9.656974673271179199e-02
9.657278656959533691e-02
9.657591581344604492e-02
9.657901525497436523e-02
9.658208489418029785e-02
9.658518433570861816e-02
9.658828377723693848e-02
9.659138321876525879e-02
9.659451246261596680e-02
9.659761190414428711e-02
9.660074114799499512e-02
9.660387039184570312e-02
9.660696983337402344e-02
9.661009907722473145e-02
9.661325812339782715e-02
9.661638736724853516e-02
9.661957621574401855e-02
9.662270545959472656e-02
9.662586450576782227e-02
9.662899374961853027e-02
9.663215279579162598e-02
9.663531184196472168e-02
9.663847088813781738e-02
9.664165973663330078e-02
9.664478898048400879e-02
9.664803743362426758e-02
9.665116667747497559e-02
9.665435552597045898e-02
9.665757417678833008e-02
9.666079282760620117e-02
9.666398167610168457e-02
9.666720032691955566e-02
9.667038917541503906e-02
9.667360782623291016e-02
9.667679667472839355e-02
9.668007493019104004e-02
9.668326377868652344e-02
9.668651223182678223e-02
9.668970108032226562e-02
9.669300913810729980e-02
9.669625759124755859e-02
9.669953584671020508e-02
9.670278429985046387e-02
9.670597314834594727e-02
9.670922160148620605e-02
9.671252965927124023e-02
9.671580791473388672e-02
9.671905636787414551e-02
9.672236442565917969e-02
9.672567248344421387e-02
9.672892093658447266e-02
9.673219919204711914e-02
9.673550724983215332e-02
9.673875570297241211e-02
9.674215316772460938e-02
9.674543142318725586e-02
9.674873948097229004e-02
9.675204753875732422e-02
9.675541520118713379e-02
9.675872325897216797e-02
9.676206111907958984e-02
9.676539897918701172e-02
9.676870703697204590e-02
9.677210450172424316e-02
9.677541255950927734e-02
9.677881002426147461e-02
9.678211808204650879e-02
9.678548574447631836e-02
9.678885340690612793e-02
9.679228067398071289e-02
9.679564833641052246e-02
9.679901599884033203e-02
9.680238366127014160e-02
9.680581092834472656e-02
9.680917859077453613e-02
9.681260585784912109e-02
9.681600332260131836e-02
9.681946039199829102e-02
9.682282805442810059e-02
9.682625532150268555e-02
9.682974219322204590e-02
9.683313965797424316e-02
9.683659672737121582e-02
9.684002399444580078e-02
9.684348106384277344e-02
9.684687852859497070e-02
9.685030579566955566e-02
9.685382246971130371e-02
9.685721993446350098e-02
9.686076641082763672e-02
9.686422348022460938e-02
9.686765074729919434e-02
9.687116742134094238e-02
9.687471389770507812e-02
9.687817096710205078e-02
9.688165783882141113e-02
9.688517451286315918e-02
9.688863158226013184e-02
9.689214825630187988e-02
9.689572453498840332e-02
9.689924120903015137e-02
9.690269827842712402e-02
9.690630435943603516e-02
9.690979123115539551e-02
9.691333770751953125e-02
9.691694378852844238e-02
9.692046046257019043e-02
9.692400693893432617e-02
9.692767262458801270e-02
9.693109989166259766e-02
9.693473577499389648e-02
9.693831205368041992e-02
9.694188833236694336e-02
9.694546461105346680e-02
9.694907069206237793e-02
9.695264697074890137e-02
9.695625305175781250e-02
9.695988893508911133e-02
9.696349501609802246e-02
9.696713089942932129e-02
9.697070717811584473e-02
9.697437286376953125e-02
9.697800874710083008e-02
9.698164463043212891e-02
9.698528051376342773e-02
9.698894619941711426e-02
9.699255228042602539e-02
9.699618816375732422e-02
9.699985384941101074e-02
9.700354933738708496e-02
9.700724482536315918e-02
9.701088070869445801e-02
9.701463580131530762e-02
9.701827168464660645e-02
9.702202677726745605e-02
9.702569246292114258e-02
9.702938795089721680e-02
9.703308343887329102e-02
9.703677892684936523e-02
9.704056382179260254e-02
9.704428911209106445e-02
9.704801440238952637e-02
9.705173969268798828e-02
9.705546498298645020e-02
9.705924987792968750e-02
9.706306457519531250e-02
9.706676006317138672e-02
9.707054495811462402e-02
9.707432985305786133e-02
9.707811474800109863e-02
9.708186984062194824e-02
9.708562493324279785e-02
9.708943963050842285e-02
9.709325432777404785e-02
9.709703922271728516e-02
9.710079431533813477e-02
9.710460901260375977e-02
9.710848331451416016e-02
9.711232781410217285e-02
9.711611270904541016e-02
9.711992740631103516e-02
9.712380170822143555e-02
9.712767601013183594e-02
9.713152050971984863e-02
9.713539481163024902e-02
9.713923931121826172e-02
9.714308381080627441e-02
9.714698791503906250e-02
9.715086221694946289e-02
9.715476632118225098e-02
9.715864062309265137e-02
9.716251492500305176e-02
9.716635942459106445e-02
9.717032313346862793e-02
9.717422723770141602e-02
9.717816114425659180e-02
9.718212485313415527e-02
9.718599915504455566e-02
9.718996286392211914e-02
9.719386696815490723e-02
9.719792008399963379e-02
9.720179438591003418e-02
9.720578789710998535e-02
9.720969200134277344e-02
9.721368551254272461e-02
9.721761941909790039e-02
9.722167253494262695e-02
9.722566604614257812e-02
9.722965955734252930e-02
9.723359346389770508e-02
9.723761677742004395e-02
9.724169969558715820e-02
9.724566340446472168e-02
9.724971652030944824e-02
9.725371003150939941e-02
9.725776314735412598e-02
9.726178646087646484e-02
9.726586937904357910e-02
9.726986289024353027e-02
9.727397561073303223e-02
9.727799892425537109e-02
9.728205204010009766e-02
9.728613495826721191e-02
9.729024767875671387e-02
9.729430079460144043e-02
9.729844331741333008e-02
9.730255603790283203e-02
9.730663895606994629e-02
9.731072187423706055e-02
9.731483459472656250e-02
9.731897711753845215e-02
9.732308983802795410e-02
9.732729196548461914e-02
9.733137488365173340e-02
9.733554720878601074e-02
9.733971953392028809e-02
9.734386205673217773e-02
9.734800457954406738e-02
9.735214710235595703e-02
9.735634922981262207e-02
9.736052155494689941e-02
9.736475348472595215e-02
9.736898541450500488e-02
9.737312793731689453e-02
9.737733006477355957e-02
9.738153219223022461e-02
9.738576412200927734e-02
9.739002585411071777e-02
9.739422798156738281e-02
9.739848971366882324e-02
9.740272164344787598e-02
9.740692377090454102e-02
9.741118550300598145e-02
9.741541743278503418e-02
9.741979837417602539e-02
9.742406010627746582e-02
9.742832183837890625e-02
9.743258357048034668e-02
9.743693470954895020e-02
9.744119644165039062e-02
9.744548797607421875e-02
9.744983911514282227e-02
9.745413064956665039e-02
9.745845198631286621e-02
9.746280312538146973e-02
9.746712446212768555e-02
9.747147560119628906e-02
9.747585654258728027e-02
9.748017787933349609e-02
9.748455882072448730e-02
9.748890995979309082e-02
9.749332070350646973e-02
9.749764204025268555e-02
9.750208258628845215e-02
9.750646352767944336e-02
9.751090407371520996e-02
9.751528501510620117e-02
9.751972556114196777e-02
9.752410650253295898e-02
9.752851724624633789e-02
9.753295779228210449e-02
9.753745794296264648e-02
9.754183888435363770e-02
9.754627943038940430e-02
9.755080938339233398e-02
9.755524992942810059e-02
9.755975008010864258e-02
9.756419062614440918e-02
9.756866097450256348e-02
9.757316112518310547e-02
9.757766127586364746e-02
9.758216142654418945e-02
9.758675098419189453e-02
9.759125113487243652e-02
9.759578108787536621e-02
9.760025143623352051e-02
9.760484099388122559e-02
9.760940074920654297e-02
9.761390089988708496e-02
9.761852025985717773e-02
9.762302041053771973e-02
9.762758016586303711e-02
9.763219952583312988e-02
9.763672947883605957e-02
9.764140844345092773e-02
9.764596819877624512e-02
9.765052795410156250e-02
9.765511751174926758e-02
9.765979647636413574e-02
9.766447544097900391e-02
9.766906499862670898e-02
9.767374396324157715e-02
9.767836332321166992e-02
9.768304228782653809e-02
9.768766164779663086e-02
9.769231081008911133e-02
9.769704937934875488e-02
9.770166873931884766e-02
9.770637750625610352e-02
9.771108627319335938e-02
9.771576523780822754e-02
9.772047400474548340e-02
9.772521257400512695e-02
9.772992134094238281e-02
9.773463010787963867e-02
9.773939847946166992e-02
9.774413704872131348e-02
9.774893522262573242e-02
9.775358438491821289e-02
9.775841236114501953e-02
9.776315093040466309e-02
9.776794910430908203e-02
9.777268767356872559e-02
9.777751564979553223e-02
9.778228402137756348e-02
9.778714179992675781e-02
