8.240064978599548340e-02
8.241748809814453125e-02
8.243429660797119141e-02
8.245101571083068848e-02
8.246773481369018555e-02
8.248451352119445801e-02
8.250123262405395508e-02
8.251795172691345215e-02
8.253467082977294922e-02
8.255133032798767090e-02
8.256796002388000488e-02
8.258461952209472656e-02
8.260130882263183594e-02
8.261796832084655762e-02
8.263456821441650391e-02
8.265110850334167480e-02
8.266776800155639648e-02
8.268439769744873047e-02
8.270087838172912598e-02
8.271747827529907227e-02
8.273401856422424316e-02
8.275058865547180176e-02
8.276709914207458496e-02
8.278357982635498047e-02
8.280009031295776367e-02
8.281657099723815918e-02
8.283302187919616699e-02
8.284950256347656250e-02
8.286592364311218262e-02
8.288237452507019043e-02
8.289876580238342285e-02
8.291515707969665527e-02
8.293160796165466309e-02
8.294799923896789551e-02
8.296433091163635254e-02
8.298072218894958496e-02
8.299705386161804199e-02
8.301332592964172363e-02
8.302971720695495605e-02
8.304598927497863770e-02
8.306232094764709473e-02
8.307859301567077637e-02
8.309480547904968262e-02
8.311110734939575195e-02
8.312729001045227051e-02
8.314356207847595215e-02
8.315974473953247070e-02
8.317601680755615234e-02
8.319216966629028320e-02
8.320832252502441406e-02
8.322453498840332031e-02
8.324074745178222656e-02
8.325681090354919434e-02
8.327293395996093750e-02
8.328905701637268066e-02
8.330515027046203613e-02
8.332121372222900391e-02
8.333727717399597168e-02
8.335343003273010254e-02
8.336940407752990723e-02
8.338543772697448730e-02
8.340150117874145508e-02
8.341750502586364746e-02
8.343350887298583984e-02
8.344948291778564453e-02
8.346551656723022461e-02
8.348140120506286621e-02
8.349734544754028320e-02
8.351334929466247559e-02
8.352923393249511719e-02
8.354514837265014648e-02
8.356100320816040039e-02
8.357697725296020508e-02
8.359280228614807129e-02
8.360865712165832520e-02
8.362448215484619141e-02
8.364036679267883301e-02
8.365622162818908691e-02
8.367195725440979004e-02
8.368781208992004395e-02
8.370357751846313477e-02
8.371934294700622559e-02
8.373510837554931641e-02
8.375081419944763184e-02
8.376654982566833496e-02
8.378225564956665039e-02
8.379799127578735352e-02
8.381375670433044434e-02
8.382937312126159668e-02
8.384501934051513672e-02
8.386066555976867676e-02
8.387628197669982910e-02
8.389195799827575684e-02
8.390754461288452148e-02
8.392319083213806152e-02
8.393877744674682617e-02
8.395436406135559082e-02
8.396992087364196777e-02
8.398544788360595703e-02
8.400103449821472168e-02
8.401656150817871094e-02
8.403202891349792480e-02
8.404755592346191406e-02
8.406308293342590332e-02
8.407855033874511719e-02
8.409398794174194336e-02
8.410945534706115723e-02
8.412489295005798340e-02
8.414030075073242188e-02
8.415576815605163574e-02
8.417114615440368652e-02
8.418655395507812500e-02
8.420193195343017578e-02
8.421728014945983887e-02
8.423262834548950195e-02
8.424797654151916504e-02
8.426329493522644043e-02
8.427861332893371582e-02
8.429390192031860352e-02
8.430922031402587891e-02
8.432444930076599121e-02
8.433973789215087891e-02
8.435499668121337891e-02
8.437028527259826660e-02
8.438548445701599121e-02
8.440065383911132812e-02
8.441585302352905273e-02
8.443105220794677734e-02
8.444616198539733887e-02
8.446136116981506348e-02
8.447647094726562500e-02
8.449164032936096191e-02
8.450675010681152344e-02
8.452188968658447266e-02
8.453688025474548340e-02
8.455204963684082031e-02
8.456712961196899414e-02
8.458217978477478027e-02
8.459722995758056641e-02
8.461228013038635254e-02
8.462727069854736328e-02
8.464226126670837402e-02
8.465728163719177246e-02
8.467221260070800781e-02
8.468726277351379395e-02
8.470222353935241699e-02
8.471712470054626465e-02
8.473205566406250000e-02
8.474692702293395996e-02
8.476188778877258301e-02
8.477675914764404297e-02
8.479169011116027832e-02
8.480653166770935059e-02
8.482140302658081055e-02
8.483621478080749512e-02
8.485099673271179199e-02
8.486586809158325195e-02
8.488065004348754883e-02
8.489540219306945801e-02
8.491021394729614258e-02
8.492496609687805176e-02
8.493971824645996094e-02
8.495447039604187012e-02
8.496916294097900391e-02
8.498388528823852539e-02
8.499857783317565918e-02
8.501327037811279297e-02
8.502793312072753906e-02
8.504259586334228516e-02
8.505722880363464355e-02
8.507192134857177734e-02
8.508652448654174805e-02
8.510112762451171875e-02
8.511573076248168945e-02
8.513030409812927246e-02
8.514484763145446777e-02
8.515945076942443848e-02
8.517396450042724609e-02
8.518856763839721680e-02
8.520296216011047363e-02
8.521747589111328125e-02
8.523207902908325195e-02
8.524650335311889648e-02
8.526101708412170410e-02
8.527544140815734863e-02
8.528983592987060547e-02
8.530434966087341309e-02
8.531874418258666992e-02
8.533316850662231445e-02
8.534750342369079590e-02
8.536189794540405273e-02
8.537623286247253418e-02
8.539059758186340332e-02
8.540493249893188477e-02
8.541920781135559082e-02
8.543357253074645996e-02
8.544790744781494141e-02
8.546218276023864746e-02
8.547639846801757812e-02
8.549067378044128418e-02
8.550491929054260254e-02
8.551916480064392090e-02
8.553341031074523926e-02
8.554759621620178223e-02
8.556181192398071289e-02
8.557593822479248047e-02
8.559024333953857422e-02
8.560431003570556641e-02
8.561852574348449707e-02
8.563253283500671387e-02
8.564665913581848145e-02
8.566075563430786133e-02
8.567485213279724121e-02
8.568894863128662109e-02
8.570301532745361328e-02
8.571705222129821777e-02
8.573111891746520996e-02
8.574515581130981445e-02
8.575913310050964355e-02
8.577314019203186035e-02
8.578714728355407715e-02
8.580112457275390625e-02
8.581504225730895996e-02
8.582901954650878906e-02
8.584299683570861816e-02
8.585685491561889648e-02
8.587080240249633789e-02
8.588469028472900391e-02
8.589851856231689453e-02
8.591243624687194824e-02
8.592626452445983887e-02
8.594012260437011719e-02
8.595395088195800781e-02
8.596774935722351074e-02
8.598154783248901367e-02
8.599537611007690430e-02
8.600914478302001953e-02
8.602282404899597168e-02
8.603665232658386230e-02
8.605042099952697754e-02
8.606410026550292969e-02
8.607783913612365723e-02
8.609145879745483398e-02
8.610519766807556152e-02
8.611881732940673828e-02
8.613249659538269043e-02
8.614614605903625488e-02
8.615976572036743164e-02
8.617341518402099609e-02
8.618697524070739746e-02
8.620059490203857422e-02
8.621415495872497559e-02
8.622771501541137695e-02
8.624127507209777832e-02
8.625474572181701660e-02
8.626830577850341797e-02
8.628183603286743164e-02
8.629539608955383301e-02
8.630883693695068359e-02
8.632230758666992188e-02
8.633574843406677246e-02
8.634918928146362305e-02
8.636260032653808594e-02
8.637604117393493652e-02
8.638948202133178711e-02
8.640280365943908691e-02
8.641618490219116211e-02
8.642962574958801270e-02
8.644294738769531250e-02
8.645626902580261230e-02
8.646962046623229980e-02
8.648288249969482422e-02
8.649623394012451172e-02
8.650946617126464844e-02
8.652278780937194824e-02
8.653596043586730957e-02
8.654925227165222168e-02
8.656251430511474609e-02
8.657568693161010742e-02
8.658891916275024414e-02
8.660206198692321777e-02
8.661529421806335449e-02
8.662840723991394043e-02
8.664163947105407715e-02
8.665475249290466309e-02
8.666780591011047363e-02
8.668097853660583496e-02
8.669406175613403320e-02
8.670714497566223145e-02
8.672016859054565430e-02
8.673325181007385254e-02
8.674624562263488770e-02
8.675932884216308594e-02
8.677229285240173340e-02
8.678528666496276855e-02
8.679834008216857910e-02
8.681130409240722656e-02
8.682420849800109863e-02
8.683717250823974609e-02
8.685010671615600586e-02
8.686301112174987793e-02
8.687591552734375000e-02
8.688881993293762207e-02
8.690166473388671875e-02
8.691453933715820312e-02
8.692741394042968750e-02
8.694022893905639648e-02
8.695310354232788086e-02
8.696588873863220215e-02
8.697870373725891113e-02
8.699139952659606934e-02
8.700421452522277832e-02
8.701699972152709961e-02
8.702969551086425781e-02
8.704248070716857910e-02
8.705514669418334961e-02
8.706781268119812012e-02
8.708050847053527832e-02
8.709320425987243652e-02
8.710587024688720703e-02
8.711847662925720215e-02
8.713111281394958496e-02
8.714368939399719238e-02
8.715632557868957520e-02
8.716896176338195801e-02
8.718150854110717773e-02
8.719408512115478516e-02
8.720657229423522949e-02
8.721914887428283691e-02
8.723166584968566895e-02
8.724415302276611328e-02
8.725666999816894531e-02
8.726915717124938965e-02
8.728158473968505859e-02
8.729407191276550293e-02
8.730641007423400879e-02
8.731892704963684082e-02
8.733126521110534668e-02
8.734372258186340332e-02
8.735612034797668457e-02
8.736842870712280273e-02
8.738076686859130859e-02
8.739316463470458984e-02
8.740541338920593262e-02
8.741772174835205078e-02
8.743005990982055664e-02
8.744236826896667480e-02
8.745455741882324219e-02
8.746683597564697266e-02
8.747911453247070312e-02
8.749133348464965820e-02
8.750352263450622559e-02
8.751571178436279297e-02
8.752793073654174805e-02
8.754006028175354004e-02
8.755221962928771973e-02
8.756437897682189941e-02
8.757644891738891602e-02
8.758857846260070801e-02
8.760070800781250000e-02
8.761280775070190430e-02
8.762481808662414551e-02
8.763688802719116211e-02
8.764892816543579102e-02
8.766096830368041992e-02
8.767300844192504883e-02
8.768492937088012695e-02
8.769693970680236816e-02
8.770895004272460938e-02
8.772090077400207520e-02
8.773288130760192871e-02
8.774471282958984375e-02
8.775672316551208496e-02
8.776858448982238770e-02
8.778041601181030273e-02
8.779230713844299316e-02
8.780410885810852051e-02
8.781602978706359863e-02
8.782786130905151367e-02
8.783963322639465332e-02
8.785146474838256836e-02
8.786323666572570801e-02
8.787497878074645996e-02
8.788672089576721191e-02
8.789846301078796387e-02
8.791014552116394043e-02
8.792191743850708008e-02
8.793357014656066895e-02
8.794534206390380859e-02
8.795696496963500977e-02
8.796858787536621094e-02
8.798024058341979980e-02
8.799192309379577637e-02
8.800348639488220215e-02
8.801510930061340332e-02
8.802661299705505371e-02
8.803826570510864258e-02
8.804976940155029297e-02
8.806130290031433105e-02
8.807280659675598145e-02
8.808434009552001953e-02
8.809578418731689453e-02
8.810725808143615723e-02
8.811879158020019531e-02
8.813017606735229492e-02
8.814167976379394531e-02
8.815309405326843262e-02
8.816447854042053223e-02
8.817586302757263184e-02
8.818721771240234375e-02
8.819860219955444336e-02
8.820998668670654297e-02
8.822128176689147949e-02
8.823257684707641602e-02
8.824387192726135254e-02
8.825522661209106445e-02
8.826643228530883789e-02
8.827772736549377441e-02
8.828899264335632324e-02
8.830022811889648438e-02
8.831143379211425781e-02
8.832260966300964355e-02
8.833378553390502930e-02
8.834505081176757812e-02
8.835610747337341309e-02
8.836731314659118652e-02
8.837836980819702148e-02
8.838951587677001953e-02
8.840066194534301758e-02
8.841162919998168945e-02
8.842271566390991211e-02
8.843383193016052246e-02
8.844479918479919434e-02
8.845588564872741699e-02
8.846685290336608887e-02
8.847787976264953613e-02
8.848878741264343262e-02
8.849981427192687988e-02
8.851072192192077637e-02
8.852162957191467285e-02
8.853253722190856934e-02
8.854347467422485352e-02
8.855432271957397461e-02
8.856523036956787109e-02
8.857607841491699219e-02
8.858695626258850098e-02
8.859780430793762207e-02
8.860853314399719238e-02
8.861938118934631348e-02
8.863013982772827148e-02
8.864089846611022949e-02
8.865168690681457520e-02
8.866247534751892090e-02
8.867314457893371582e-02
8.868387341499328613e-02
8.869454264640808105e-02
8.870521187782287598e-02
8.871588110923767090e-02
8.872649073600769043e-02
8.873715996742248535e-02
8.874779939651489258e-02
8.875837922096252441e-02
8.876892924308776855e-02
8.877950906753540039e-02
8.879011869430541992e-02
8.880063891410827637e-02
8.881112933158874512e-02
8.882161974906921387e-02
8.883213996887207031e-02
8.884263038635253906e-02
8.885312080383300781e-02
8.886355161666870117e-02
8.887395262718200684e-02
8.888438344001770020e-02
8.889478445053100586e-02
8.890527486801147461e-02
8.891558647155761719e-02
8.892592787742614746e-02
8.893629908561706543e-02
8.894661068916320801e-02
8.895692229270935059e-02
8.896723389625549316e-02
8.897742629051208496e-02
8.898770809173583984e-02
8.899796009063720703e-02
8.900824189186096191e-02
8.901846408843994141e-02
8.902865648269653320e-02
8.903884887695312500e-02
8.904898166656494141e-02
8.905917406082153320e-02
8.906936645507812500e-02
8.907943964004516602e-02
8.908954262733459473e-02
8.909961581230163574e-02
8.910977840423583984e-02
8.911985158920288086e-02
8.912986516952514648e-02
8.913984894752502441e-02
8.914992213249206543e-02
8.915993571281433105e-02
8.916997909545898438e-02
8.917987346649169922e-02
8.918988704681396484e-02
8.919972181320190430e-02
8.920970559120178223e-02
8.921959996223449707e-02
8.922946453094482422e-02
8.923941850662231445e-02
8.924925327301025391e-02
8.925908803939819336e-02
8.926892280578613281e-02
8.927875757217407227e-02
8.928856253623962402e-02
8.929830789566040039e-02
8.930814266204833984e-02
8.931785821914672852e-02
8.932760357856750488e-02
8.933734893798828125e-02
8.934703469276428223e-02
8.935669064521789551e-02
8.936637639999389648e-02
8.937612175941467285e-02
8.938571810722351074e-02
8.939534425735473633e-02
8.940494060516357422e-02
8.941462635993957520e-02
8.942416310310363770e-02
8.943372964859008789e-02
8.944323658943176270e-02
8.945280313491821289e-02
8.946233987808227539e-02
8.947184681892395020e-02
8.948129415512084961e-02
8.949083089828491211e-02
8.950021862983703613e-02
8.950969576835632324e-02
8.951917290687561035e-02
8.952856063842773438e-02
8.953785896301269531e-02
8.954727649688720703e-02
8.955660462379455566e-02
8.956602215766906738e-02
8.957540988922119141e-02
8.958473801612854004e-02
8.959400653839111328e-02
8.960327506065368652e-02
8.961254358291625977e-02
8.962175250053405762e-02
8.963102102279663086e-02
8.964020013809204102e-02
8.964946866035461426e-02
8.965861797332763672e-02
8.966779708862304688e-02
8.967700600624084473e-02
8.968615531921386719e-02
8.969524502754211426e-02
8.970433473587036133e-02
8.971345424652099609e-02
8.972248435020446777e-02
8.973157405853271484e-02
8.974066376686096191e-02
8.974969387054443359e-02
8.975872397422790527e-02
8.976772427558898926e-02
8.977669477462768555e-02
8.978572487831115723e-02
8.979466557502746582e-02
8.980360627174377441e-02
8.981248736381530762e-02
8.982136845588684082e-02
8.983027935028076172e-02
8.983919024467468262e-02
8.984801173210144043e-02
8.985686302185058594e-02
8.986568450927734375e-02
8.987450599670410156e-02
8.988326787948608398e-02
8.989208936691284180e-02
8.990082144737243652e-02
8.990958333015441895e-02
8.991834521293640137e-02
8.992713689804077148e-02
8.993577957153320312e-02
8.994436264038085938e-02
8.995315432548522949e-02
8.996170759201049805e-02
8.997043967247009277e-02
8.997905254364013672e-02
8.998763561248779297e-02
8.999618887901306152e-02
9.000474214553833008e-02
9.001335501670837402e-02
9.002190828323364258e-02
9.003040194511413574e-02
9.003895521163940430e-02
9.004738926887512207e-02
9.005591273307800293e-02
9.006434679031372070e-02
9.007284045219421387e-02
9.008124470710754395e-02
9.008964896202087402e-02
9.009802341461181641e-02
9.010645747184753418e-02
9.011477231979370117e-02
9.012314677238464355e-02
9.013152122497558594e-02
9.013977646827697754e-02
9.014809131622314453e-02
9.015628695487976074e-02
9.016466140747070312e-02
9.017285704612731934e-02
9.018111228942871094e-02
9.018933773040771484e-02
9.019762277603149414e-02
9.020575881004333496e-02
9.021395444869995117e-02
9.022215008735656738e-02
9.023028612136840820e-02
9.023845195770263672e-02
9.024646878242492676e-02
9.025454521179199219e-02
9.026271104812622070e-02
9.027072787284851074e-02
9.027880430221557617e-02
9.028685092926025391e-02
9.029489755630493164e-02
9.030285477638244629e-02
9.031081199645996094e-02
9.031876921653747559e-02
9.032675623893737793e-02
9.033468365669250488e-02
9.034261107444763184e-02
9.035053849220275879e-02
9.035843610763549805e-02
9.036627411842346191e-02
9.037417173385620117e-02
9.038192033767700195e-02
9.038984775543212891e-02
9.039759635925292969e-02
9.040537476539611816e-02
9.041321277618408203e-02
9.042090177536010742e-02
9.042870998382568359e-02
9.043639898300170898e-02
9.044417738914489746e-02
9.045186638832092285e-02
9.045955538749694824e-02
9.046721458435058594e-02
9.047487378120422363e-02
9.048250317573547363e-02
9.049013257026672363e-02
9.049770236015319824e-02
9.050533175468444824e-02
9.051290154457092285e-02
9.052047133445739746e-02
9.052804112434387207e-02
9.053552150726318359e-02
9.054303169250488281e-02
9.055054187774658203e-02
9.055802226066589355e-02
9.056544303894042969e-02
9.057292342185974121e-02
9.058031439781188965e-02
9.058776497840881348e-02
9.059512615203857422e-02
9.060257673263549805e-02
9.060999751091003418e-02
9.061732888221740723e-02
9.062454104423522949e-02
9.063196182250976562e-02
9.063923358917236328e-02
9.064653515815734863e-02
9.065386652946472168e-02
9.066107869148254395e-02
9.066829085350036621e-02
9.067553281784057617e-02
9.068271517753601074e-02
9.068998694419860840e-02
9.069713950157165527e-02
9.070429205894470215e-02
9.071144461631774902e-02
9.071853756904602051e-02
9.072571992874145508e-02
9.073278307914733887e-02
9.073990583419799805e-02
9.074693918228149414e-02
9.075403213500976562e-02
9.076106548309326172e-02
9.076806902885437012e-02
9.077510237693786621e-02
9.078210592269897461e-02
9.078907966613769531e-02
9.079608321189880371e-02
9.080299735069274902e-02
9.080991148948669434e-02
9.081676602363586426e-02
9.082376956939697266e-02
9.083059430122375488e-02
9.083750844001770020e-02
9.084439277648925781e-02
9.085115790367126465e-02
9.085798263549804688e-02
9.086480736732482910e-02
9.087160229682922363e-02
9.087839722633361816e-02
9.088513255119323730e-02
9.089189767837524414e-02
9.089860320091247559e-02
9.090530872344970703e-02
9.091201424598693848e-02
9.091868996620178223e-02
9.092539548873901367e-02
9.093204140663146973e-02
9.093865752220153809e-02
9.094527363777160645e-02
9.095188975334167480e-02
9.095853567123413086e-02
9.096509218215942383e-02
9.097164869308471680e-02
9.097817540168762207e-02
9.098470211029052734e-02
9.099116921424865723e-02
9.099769592285156250e-02
9.100422263145446777e-02
9.101065993309020996e-02
9.101721644401550293e-02
9.102356433868408203e-02
9.102997183799743652e-02
9.103640913963317871e-02
9.104278683662414551e-02
9.104919433593750000e-02
9.105557203292846680e-02
9.106191992759704590e-02
9.106820821762084961e-02
9.107455611228942871e-02
9.108087420463562012e-02
9.108713269233703613e-02
9.109339118003845215e-02
9.109967947006225586e-02
9.110590815544128418e-02
9.111219644546508789e-02
9.111836552619934082e-02
9.112456440925598145e-02
9.113079309463500977e-02
9.113696217536926270e-02
9.114304184913635254e-02
9.114921092987060547e-02
9.115535020828247070e-02
9.116145968437194824e-02
9.116759896278381348e-02
9.117358922958374023e-02
9.117972850799560547e-02
9.118577837944030762e-02
9.119176864624023438e-02
9.119781851768493652e-02
9.120377898216247559e-02
9.120976924896240234e-02
9.121578931808471680e-02
9.122174978256225586e-02
9.122774004936218262e-02
9.123364090919494629e-02
9.123954176902770996e-02
9.124547243118286133e-02
9.125134348869323730e-02
9.125721454620361328e-02
9.126308560371398926e-02
9.126895666122436523e-02
9.127473831176757812e-02
9.128063917160034180e-02
9.128636121749877930e-02
9.129214286804199219e-02
9.129792451858520508e-02
9.130367636680603027e-02
9.130942821502685547e-02
9.131520986557006836e-02
9.132084250450134277e-02
9.132653474807739258e-02
9.133225679397583008e-02
9.133791923522949219e-02
9.134361147880554199e-02
9.134927392005920410e-02
9.135484695434570312e-02
9.136044979095458984e-02
9.136602282524108887e-02
9.137168526649475098e-02
9.137719869613647461e-02
9.138280153274536133e-02
9.138831496238708496e-02
9.139388799667358398e-02
9.139937162399291992e-02
9.140485525131225586e-02
9.141030907630920410e-02
9.141582250595092773e-02
9.142127633094787598e-02
9.142678976058959961e-02
9.143215417861938477e-02
9.143757820129394531e-02
9.144300222396850586e-02
9.144836664199829102e-02
9.145370125770568848e-02
9.145912528038024902e-02
9.146443009376525879e-02
9.146979451179504395e-02
9.147509932518005371e-02
9.148043394088745117e-02
9.148573875427246094e-02
9.149098396301269531e-02
9.149622917175292969e-02
9.150153398513793945e-02
9.150674939155578613e-02
9.151193499565124512e-02
9.151718020439147949e-02
9.152236580848693848e-02
9.152755141258239746e-02
9.153267741203308105e-02
9.153789281845092773e-02
9.154298901557922363e-02
9.154811501502990723e-02
9.155333042144775391e-02
9.155836701393127441e-02
9.156346321105957031e-02
9.156849980354309082e-02
9.157356619834899902e-02
9.157860279083251953e-02
9.158363938331604004e-02
9.158870577812194824e-02
9.159359335899353027e-02
9.159865975379943848e-02
9.160360693931579590e-02
9.160858392715454102e-02
9.161353111267089844e-02
9.161844849586486816e-02
9.162342548370361328e-02
9.162834286689758301e-02
9.163326025009155273e-02
9.163814783096313477e-02
9.164297580718994141e-02
9.164786338806152344e-02
9.165272116661071777e-02
9.165751934051513672e-02
9.166237711906433105e-02
9.166711568832397461e-02
9.167197346687316895e-02
9.167680144309997559e-02
9.168148040771484375e-02
9.168621897697448730e-02
9.169098734855651855e-02
9.169572591781616211e-02
9.170043468475341797e-02
9.170514345169067383e-02
9.170985221862792969e-02
9.171456098556518555e-02
9.171915054321289062e-02
9.172382950782775879e-02
9.172847867012023926e-02
9.173312783241271973e-02
9.173768758773803711e-02
9.174230694770812988e-02
9.174692630767822266e-02
9.175148606300354004e-02
9.175607562065124512e-02
9.176063537597656250e-02
9.176513552665710449e-02
9.176972508430480957e-02
9.177422523498535156e-02
9.177872538566589355e-02
9.178316593170166016e-02
9.178769588470458984e-02
9.179210662841796875e-02
9.179660677909851074e-02
9.180098772048950195e-02
9.180545806884765625e-02
9.180986881256103516e-02
9.181430935859680176e-02
9.181866049766540527e-02
9.182307124137878418e-02
9.182745218276977539e-02
9.183177351951599121e-02
9.183615446090698242e-02
9.184047579765319824e-02
9.184479713439941406e-02
9.184905886650085449e-02
9.185338020324707031e-02
9.185767173767089844e-02
9.186193346977233887e-02
9.186622500419616699e-02
9.187048673629760742e-02
9.187468886375427246e-02
9.187895059585571289e-02
9.188315272331237793e-02
9.188735485076904297e-02
9.189155697822570801e-02
9.189572930335998535e-02
9.189987182617187500e-02
9.190407395362854004e-02
9.190821647644042969e-02
9.191229939460754395e-02
9.191647171974182129e-02
9.192055463790893555e-02
9.192463755607604980e-02
9.192872047424316406e-02
9.193280339241027832e-02
9.193685650825500488e-02
9.194093942642211914e-02
9.194496273994445801e-02
9.194901585578918457e-02
9.195303916931152344e-02
9.195703268051147461e-02
9.196105599403381348e-02
9.196504950523376465e-02
9.196895360946655273e-02
9.197297692298889160e-02
9.197697043418884277e-02
9.198090434074401855e-02
9.198474884033203125e-02
9.198874235153198242e-02
9.199261665344238281e-02
9.199652075767517090e-02
9.200042486190795898e-02
9.200432896614074707e-02
9.200817346572875977e-02
9.201201796531677246e-02
9.201586246490478516e-02
9.201964735984802246e-02
9.202349185943603516e-02
9.202733635902404785e-02
9.203112125396728516e-02
9.203493595123291016e-02
9.203875064849853516e-02
9.204244613647460938e-02
9.204623103141784668e-02
9.204995632171630859e-02
9.205365180969238281e-02
9.205746650695800781e-02
9.206116199493408203e-02
9.206494688987731934e-02
9.206855297088623047e-02
9.207230806350708008e-02
9.207600355148315430e-02
9.207963943481445312e-02
9.208330512046813965e-02
9.208691120147705078e-02
9.209051728248596191e-02
9.209415316581726074e-02
9.209781885147094727e-02
9.210139513015747070e-02
9.210503101348876953e-02
9.210860729217529297e-02
9.211218357086181641e-02
9.211573004722595215e-02
9.211924672126770020e-02
9.212282299995422363e-02
9.212639927864074707e-02
9.212997555732727051e-02
9.213346242904663086e-02
9.213694930076599121e-02
9.214046597480773926e-02
9.214398264884948730e-02
9.214740991592407227e-02
9.215089678764343262e-02
9.215435385704040527e-02
9.215778112411499023e-02
9.216123819351196289e-02
9.216469526290893555e-02
9.216812252998352051e-02
9.217157959938049316e-02
9.217494726181030273e-02
9.217837452888488770e-02
9.218168258666992188e-02
9.218510985374450684e-02
9.218850731849670410e-02
9.219184517860412598e-02
9.219521284103393555e-02
9.219855070114135742e-02
9.220188856124877930e-02
9.220522642135620117e-02
9.220850467681884766e-02
9.221181273460388184e-02
9.221512079238891602e-02
9.221839904785156250e-02
9.222170710563659668e-02
9.222495555877685547e-02
9.222820401191711426e-02
9.223145246505737305e-02
9.223473072052001953e-02
9.223791956901550293e-02
9.224119782447814941e-02
9.224435687065124512e-02
9.224757552146911621e-02
9.225085377693176270e-02
9.225401282310485840e-02
9.225717186927795410e-02
9.226039052009582520e-02
9.226354956626892090e-02
9.226664900779724121e-02
9.226983785629272461e-02
9.227299690246582031e-02
9.227612614631652832e-02
9.227928519248962402e-02
9.228235483169555664e-02
9.228545427322387695e-02
9.228858351707458496e-02
9.229165315628051758e-02
9.229478240013122559e-02
9.229788184165954590e-02
9.230092167854309082e-02
9.230399131774902344e-02
9.230697154998779297e-02
9.231010079383850098e-02
9.231311082839965820e-02
9.231612086296081543e-02
9.231913089752197266e-02
9.232223033905029297e-02
9.232518076896667480e-02
9.232816100120544434e-02
9.233120083808898926e-02
9.233418107032775879e-02
9.233719110488891602e-02
9.234011173248291016e-02
9.234306216239929199e-02
9.234607219696044922e-02
9.234905242919921875e-02
9.235188364982604980e-02
9.235483407974243164e-02
9.235775470733642578e-02
9.236070513725280762e-02
9.236362576484680176e-02
9.236651659011840820e-02
9.236946702003479004e-02
9.237232804298400879e-02
9.237521886825561523e-02
9.237805008888244629e-02
9.238097071647644043e-02
9.238380193710327148e-02
9.238669276237487793e-02
9.238946437835693359e-02
9.239235520362854004e-02
9.239518642425537109e-02
9.239801764488220215e-02
9.240087866783142090e-02
9.240370988845825195e-02
9.240651130676269531e-02
9.240925312042236328e-02
9.241208434104919434e-02
9.241488575935363770e-02
9.241765737533569336e-02
9.242039918899536133e-02
9.242314100265502930e-02
9.242597222328186035e-02
9.242871403694152832e-02
9.243142604827880859e-02
9.243419766426086426e-02
9.243690967559814453e-02
9.243971109390258789e-02
9.244239330291748047e-02
9.244513511657714844e-02
9.244778752326965332e-02
9.245049953460693359e-02
9.245321154594421387e-02
9.245592355728149414e-02
9.245860576629638672e-02
9.246125817298889160e-02
9.246391057968139648e-02
9.246662259101867676e-02
9.246930480003356934e-02
9.247192740440368652e-02
9.247460961341857910e-02
9.247723221778869629e-02
9.247985482215881348e-02
9.248250722885131836e-02
9.248518943786621094e-02
9.248778223991394043e-02
9.249040484428405762e-02
9.249305725097656250e-02
9.249562025070190430e-02
9.249818325042724609e-02
9.250077605247497559e-02
9.250336885452270508e-02
9.250605106353759766e-02
9.250852465629577637e-02
9.251108765602111816e-02
9.251371026039123535e-02
9.251627326011657715e-02
9.251883625984191895e-02
9.252136945724487305e-02
9.252396225929260254e-02
9.252646565437316895e-02
9.252896904945373535e-02
9.253150224685668945e-02
9.253409504890441895e-02
9.253656864166259766e-02
9.253910183906555176e-02
9.254163503646850586e-02
9.254416823387145996e-02
9.254664182662963867e-02
9.254914522171020508e-02
9.255161881446838379e-02
9.255406260490417480e-02
9.255653619766235352e-02
9.255906939506530762e-02
9.256151318550109863e-02
9.256401658058166504e-02
9.256651997566223145e-02
9.256893396377563477e-02
9.257143735885620117e-02
9.257385134696960449e-02
9.257626533508300781e-02
9.257876873016357422e-02
9.258115291595458984e-02
9.258365631103515625e-02
9.258604049682617188e-02
9.258848428726196289e-02
9.259089827537536621e-02
9.259328246116638184e-02
9.259569644927978516e-02
9.259811043739318848e-02
9.260055422782897949e-02
9.260293841361999512e-02
9.260535240173339844e-02
9.260767698287963867e-02
9.261009097099304199e-02
9.261250495910644531e-02
9.261485934257507324e-02
9.261721372604370117e-02
9.261959791183471680e-02
9.262195229530334473e-02
9.262430667877197266e-02
9.262672066688537598e-02
9.262907505035400391e-02
9.263136982917785645e-02
9.263375401496887207e-02
9.263607859611511230e-02
9.263840317726135254e-02
9.264081716537475586e-02
9.264314174652099609e-02
9.264549612998962402e-02
9.264776110649108887e-02
9.265014529228210449e-02
9.265241026878356934e-02
9.265470504760742188e-02
9.265708923339843750e-02
9.265938401222229004e-02
9.266167879104614258e-02
9.266397356986999512e-02
9.266623854637145996e-02
9.266856312751770020e-02
9.267088770866394043e-02
9.267318248748779297e-02
9.267544746398925781e-02
9.267777204513549805e-02
9.268003702163696289e-02
9.268233180046081543e-02
9.268456697463989258e-02
9.268689155578613281e-02
9.268915653228759766e-02
9.269136190414428711e-02
9.269359707832336426e-02
9.269592165946960449e-02
9.269815683364868164e-02
9.270039200782775879e-02
9.270271658897399902e-02
9.270492196083068848e-02
9.270718693733215332e-02
9.270939230918884277e-02
9.271168708801269531e-02
9.271392226219177246e-02
9.271615743637084961e-02
9.271839261054992676e-02
9.272062778472900391e-02
9.272286295890808105e-02
9.272503852844238281e-02
9.272724390029907227e-02
9.272947907447814941e-02
9.273171424865722656e-02
9.273391962051391602e-02
9.273615479469299316e-02
9.273838996887207031e-02
9.274059534072875977e-02
9.274277091026306152e-02
9.274503588676452637e-02
9.274724125862121582e-02
9.274941682815551758e-02
9.275162220001220703e-02
9.275376796722412109e-02
9.275603294372558594e-02
9.275817871093750000e-02
9.276035428047180176e-02
9.276255965232849121e-02
9.276473522186279297e-02
9.276697039604187012e-02
9.276911616325378418e-02
9.277129173278808594e-02
9.277349710464477539e-02
9.277570247650146484e-02
9.277781844139099121e-02
9.277999401092529297e-02
9.278222918510437012e-02
9.278434514999389648e-02
9.278652071952819824e-02
9.278869628906250000e-02
9.279087185859680176e-02
9.279301762580871582e-02
9.279522299766540527e-02
9.279733896255493164e-02
9.279951453208923340e-02
9.280169010162353516e-02
9.280389547348022461e-02
9.280601143836975098e-02
9.280815720558166504e-02
9.281033277511596680e-02
9.281247854232788086e-02
9.281465411186218262e-02
9.281677007675170898e-02
9.281894564628601074e-02
9.282103180885314941e-02
9.282317757606506348e-02
9.282535314559936523e-02
9.282746911048889160e-02
9.282964468002319336e-02
9.283179044723510742e-02
9.283390641212463379e-02
9.283611178398132324e-02
9.283819794654846191e-02
9.284034371376037598e-02
9.284245967864990234e-02
9.284460544586181641e-02
9.284672141075134277e-02
9.284883737564086914e-02
9.285098314285278320e-02
9.285312891006469727e-02
9.285524487495422363e-02
9.285739064216613770e-02
9.285950660705566406e-02
9.286165237426757812e-02
9.286379814147949219e-02
9.286588430404663086e-02
9.286803007125854492e-02
9.287014603614807129e-02
9.287226200103759766e-02
9.287443757057189941e-02
9.287649393081665039e-02
9.287866950035095215e-02
9.288075566291809082e-02
9.288284182548522949e-02
9.288501739501953125e-02
9.288713335990905762e-02
9.288924932479858398e-02
9.289133548736572266e-02
9.289348125457763672e-02
9.289556741714477539e-02
9.289774298667907715e-02
9.289979934692382812e-02
9.290197491645812988e-02
9.290415048599243164e-02
9.290617704391479492e-02
9.290829300880432129e-02
9.291040897369384766e-02
9.291255474090576172e-02
9.291470050811767578e-02
9.291678667068481445e-02
9.291887283325195312e-02
9.292101860046386719e-02
9.292310476303100586e-02
9.292525053024291992e-02
9.292736649513244629e-02
9.292945265769958496e-02
9.293159842491149902e-02
9.293374419212341309e-02
9.293580055236816406e-02
9.293794631958007812e-02
9.294003248214721680e-02
9.294217824935913086e-02
9.294426441192626953e-02
9.294641017913818359e-02
9.294846653938293457e-02
9.295064210891723633e-02
9.295278787612915039e-02
9.295487403869628906e-02
9.295699000358581543e-02
9.295913577079772949e-02
9.296125173568725586e-02
9.296330809593200684e-02
9.296548366546630859e-02
9.296759963035583496e-02
9.296977519989013672e-02
9.297183156013488770e-02
9.297397732734680176e-02
9.297606348991394043e-02
9.297814965248107910e-02
9.298029541969299316e-02
9.298247098922729492e-02
9.298452734947204590e-02
9.298670291900634766e-02
9.298878908157348633e-02
9.299093484878540039e-02
9.299305081367492676e-02
9.299513697624206543e-02
9.299728274345397949e-02
9.299942851066589355e-02
9.300154447555541992e-02
9.300369024276733398e-02
9.300577640533447266e-02
9.300795197486877441e-02
9.301006793975830078e-02
9.301221370697021484e-02
9.301435947418212891e-02
9.301644563674926758e-02
9.301859140396118164e-02
9.302073717117309570e-02
9.302285313606262207e-02
9.302499890327453613e-02
9.302714467048645020e-02
9.302929043769836426e-02
9.303134679794311523e-02
9.303352236747741699e-02
9.303566813468933105e-02
9.303784370422363281e-02
9.303998947143554688e-02
9.304210543632507324e-02
9.304428100585937500e-02
9.304642677307128906e-02
9.304854273796081543e-02
9.305068850517272949e-02
9.305283427238464355e-02
9.305500984191894531e-02
9.305709600448608398e-02
9.305927157402038574e-02
9.306144714355468750e-02
9.306359291076660156e-02
9.306576848030090332e-02
9.306785464286804199e-02
9.307008981704711914e-02
9.307220578193664551e-02
9.307438135147094727e-02
9.307652711868286133e-02
9.307864308357238770e-02
9.308090806007385254e-02
9.308299422264099121e-02
9.308519959449768066e-02
9.308731555938720703e-02
9.308952093124389648e-02
9.309163689613342285e-02
9.309384226799011230e-02
9.309598803520202637e-02
9.309819340705871582e-02
9.310033917427062988e-02
9.310251474380493164e-02
9.310469031333923340e-02
9.310689568519592285e-02
9.310904145240783691e-02
9.311124682426452637e-02
9.311342239379882812e-02
9.311559796333312988e-02
9.311780333518981934e-02
9.311997890472412109e-02
9.312218427658081055e-02
9.312438964843750000e-02
9.312653541564941406e-02
9.312871098518371582e-02
9.313097596168518066e-02
9.313315153121948242e-02
9.313532710075378418e-02
9.313753247261047363e-02
9.313976764678955078e-02
9.314197301864624023e-02
9.314414858818054199e-02
9.314635396003723145e-02
9.314855933189392090e-02
9.315073490142822266e-02
9.315294027328491211e-02
9.315508604049682617e-02
9.315741062164306641e-02
9.315961599349975586e-02
9.316185116767883301e-02
9.316408634185791016e-02
9.316623210906982422e-02
9.316849708557128906e-02
9.317073225975036621e-02
9.317290782928466797e-02
9.317517280578613281e-02
9.317740797996520996e-02
9.317958354949951172e-02
9.318184852600097656e-02
9.318408370018005371e-02
9.318628907203674316e-02
9.318858385086059570e-02
9.319081902503967285e-02
9.319302439689636230e-02
9.319531917572021484e-02
9.319749474525451660e-02
9.319978952407836914e-02
9.320205450057983398e-02
9.320428967475891113e-02
9.320655465126037598e-02
9.320876002311706543e-02
9.321102499961853027e-02
9.321326017379760742e-02
9.321555495262145996e-02
9.321773052215576172e-02
9.322008490562438965e-02
9.322229027748107910e-02
9.322461485862731934e-02
9.322687983512878418e-02
9.322911500930786133e-02
9.323143959045410156e-02
9.323367476463317871e-02
9.323593974113464355e-02
9.323826432228088379e-02
9.324052929878234863e-02
9.324282407760620117e-02
9.324508905410766602e-02
9.324738383293151855e-02
9.324964880943298340e-02
9.325194358825683594e-02
9.325426816940307617e-02
9.325656294822692871e-02
9.325885772705078125e-02
9.326115250587463379e-02
9.326347708702087402e-02
9.326574206352233887e-02
9.326803684234619141e-02
9.327039122581481934e-02
9.327268600463867188e-02
9.327501058578491211e-02
9.327730536460876465e-02
9.327962994575500488e-02
9.328195452690124512e-02
9.328427910804748535e-02
9.328660368919372559e-02
9.328889846801757812e-02
9.329122304916381836e-02
9.329354763031005859e-02
9.329587221145629883e-02
9.329822659492492676e-02
9.330055117607116699e-02
9.330287575721740723e-02
9.330523014068603516e-02
9.330749511718750000e-02
9.330993890762329102e-02
9.331229329109191895e-02
9.331458806991577148e-02
9.331697225570678711e-02
9.331929683685302734e-02
9.332165122032165527e-02
9.332403540611267090e-02
9.332638978958129883e-02
9.332871437072753906e-02
9.333106875419616699e-02
9.333345293998718262e-02
9.333586692810058594e-02
9.333819150924682617e-02
9.334054589271545410e-02
9.334293007850646973e-02
9.334528446197509766e-02
9.334772825241088867e-02
9.335008263587951660e-02
9.335246682167053223e-02
9.335485100746154785e-02
9.335723519325256348e-02
9.335961937904357910e-02
9.336197376251220703e-02
9.336444735527038574e-02
9.336683154106140137e-02
9.336918592453002930e-02
9.337162971496582031e-02
9.337401390075683594e-02
9.337642788887023926e-02
9.337881207466125488e-02
9.338125586509704590e-02
9.338361024856567383e-02
9.338608384132385254e-02
9.338843822479248047e-02
9.339091181755065918e-02
9.339326620101928711e-02
9.339573979377746582e-02
9.339812397956848145e-02
9.340059757232666016e-02
9.340304136276245117e-02
9.340542554855346680e-02
9.340789914131164551e-02
9.341028332710266113e-02
9.341272711753845215e-02
9.341523051261901855e-02
9.341764450073242188e-02
9.342005848884582520e-02
9.342256188392639160e-02
9.342494606971740723e-02
9.342741966247558594e-02
9.342986345291137695e-02
9.343230724334716797e-02
9.343484044075012207e-02
9.343722462654113770e-02
9.343972802162170410e-02
9.344220161437988281e-02
9.344458580017089844e-02
9.344714879989624023e-02
9.344956278800964355e-02
9.345203638076782227e-02
9.345453977584838867e-02
9.345698356628417969e-02
9.345951676368713379e-02
9.346202015876770020e-02
9.346449375152587891e-02
9.346696734428405762e-02
9.346941113471984863e-02
9.347191452980041504e-02
9.347444772720336914e-02
9.347692131996154785e-02
9.347945451736450195e-02
9.348195791244506836e-02
9.348446130752563477e-02
9.348699450492858887e-02
9.348946809768676758e-02
9.349194169044494629e-02
9.349450469017028809e-02
9.349694848060607910e-02
9.349948167800903320e-02
9.350204467773437500e-02
9.350457787513732910e-02
9.350705146789550781e-02
9.350964426994323730e-02
9.351211786270141602e-02
9.351468086242675781e-02
9.351715445518493652e-02
9.351974725723266602e-02
9.352228045463562012e-02
9.352484345436096191e-02
9.352734684944152832e-02
9.352988004684448242e-02
9.353241324424743652e-02
9.353500604629516602e-02
9.353750944137573242e-02
9.354007244110107422e-02
9.354263544082641602e-02
9.354516863822937012e-02
9.354779124259948730e-02
9.355035424232482910e-02
9.355291724205017090e-02
9.355548024177551270e-02
9.355801343917846680e-02
9.356057643890380859e-02
9.356316924095153809e-02
9.356570243835449219e-02
9.356826543807983398e-02
9.357091784477233887e-02
9.357345104217529297e-02
9.357601404190063477e-02
9.357860684394836426e-02
9.358125925064086914e-02
9.358379244804382324e-02
9.358641505241394043e-02
9.358897805213928223e-02
9.359163045883178711e-02
9.359422326087951660e-02
9.359675645828247070e-02
9.359937906265258789e-02
9.360200166702270508e-02
9.360462427139282227e-02
9.360715746879577637e-02
9.360983967781066895e-02
9.361243247985839844e-02
9.361508488655090332e-02
9.361764788627624512e-02
9.362024068832397461e-02
9.362286329269409180e-02
9.362548589706420898e-02
9.362807869911193848e-02
9.363076090812683105e-02
9.363338351249694824e-02
9.363606572151184082e-02
9.363862872123718262e-02
9.364131093025207520e-02
9.364393353462219238e-02
9.364658594131469727e-02
9.364923834800720215e-02
9.365186095237731934e-02
9.365451335906982422e-02
9.365713596343994141e-02
9.365981817245483398e-02
9.366247057914733887e-02
9.366509318351745605e-02
9.366774559020996094e-02
9.367036819458007812e-02
9.367305040359497070e-02
9.367573261260986328e-02
9.367835521697998047e-02
9.368103742599487305e-02
9.368371963500976562e-02
9.368637204170227051e-02
9.368905425071716309e-02
9.369170665740966797e-02
9.369435906410217285e-02
9.369707107543945312e-02
9.369978308677673340e-02
9.370243549346923828e-02
9.370508790016174316e-02
9.370777010917663574e-02
9.371051192283630371e-02
9.371319413185119629e-02
9.371581673622131348e-02
9.371855854988098145e-02
9.372124075889587402e-02
9.372398257255554199e-02
9.372663497924804688e-02
9.372931718826293945e-02
9.373202919960021973e-02
9.373471140861511230e-02
9.373742341995239258e-02
9.374007582664489746e-02
9.374284744262695312e-02
9.374558925628662109e-02
9.374830126762390137e-02
9.375098347663879395e-02
9.375369548797607422e-02
9.375643730163574219e-02
9.375911951065063477e-02
9.376189112663269043e-02
9.376454353332519531e-02
9.376728534698486328e-02
9.376999735832214355e-02
9.377273917198181152e-02
9.377548098564147949e-02
9.377819299697875977e-02
9.378087520599365234e-02
9.378364682197570801e-02
9.378641843795776367e-02
9.378913044929504395e-02
9.379190206527709961e-02
9.379464387893676758e-02
9.379738569259643555e-02
9.380009770393371582e-02
9.380277991294860840e-02
9.380558133125305176e-02
9.380835294723510742e-02
9.381106495857238770e-02
9.381380677223205566e-02
9.381654858589172363e-02
9.381935000419616699e-02
9.382212162017822266e-02
9.382483363151550293e-02
9.382760524749755859e-02
9.383040666580200195e-02
9.383311867713928223e-02
9.383589029312133789e-02
9.383866190910339355e-02
9.384140372276306152e-02
9.384420514106750488e-02
9.384694695472717285e-02
9.384974837303161621e-02
9.385251998901367188e-02
9.385523200035095215e-02
9.385809302330017090e-02
9.386080503463745117e-02
9.386360645294189453e-02
9.386640787124633789e-02
9.386917948722839355e-02
9.387201070785522461e-02
9.387475252151489258e-02
9.387752413749694824e-02
9.388032555580139160e-02
9.388309717178344727e-02
9.388586878776550293e-02
9.388861060142517090e-02
9.389144182205200195e-02
9.389427304267883301e-02
9.389704465866088867e-02
9.389987587928771973e-02
9.390261769294738770e-02
9.390544891357421875e-02
9.390825033187866211e-02
9.391108155250549316e-02
9.391385316848754883e-02
9.391668438911437988e-02
9.391948580741882324e-02
9.392228722572326660e-02
9.392514824867248535e-02
9.392791986465454102e-02
9.393072128295898438e-02
9.393352270126342773e-02
9.393635392189025879e-02
9.393912553787231445e-02
9.394195675849914551e-02
9.394475817680358887e-02
9.394758939743041992e-02
9.395039081573486328e-02
9.395322203636169434e-02
9.395602345466613770e-02
9.395885467529296875e-02
9.396168589591979980e-02
9.396448731422424316e-02
9.396731853485107422e-02
9.397020936012268066e-02
9.397304058074951172e-02
9.397581219673156738e-02
9.397867321968078613e-02
9.398147463798522949e-02
9.398430585861206055e-02
9.398710727691650391e-02
9.398999810218811035e-02
9.399282932281494141e-02
9.399569034576416016e-02
9.399849176406860352e-02
9.400135278701782227e-02
9.400412440299987793e-02
9.400704503059387207e-02
9.400987625122070312e-02
9.401267766952514648e-02
9.401550889015197754e-02
9.401834011077880859e-02
9.402123093605041504e-02
9.402406215667724609e-02
9.402689337730407715e-02
9.402972459793090820e-02
9.403258562088012695e-02
9.403547644615173340e-02
9.403836727142333984e-02
9.404113888740539551e-02
9.404402971267700195e-02
9.404683113098144531e-02
9.404972195625305176e-02
9.405261278152465820e-02
9.405541419982910156e-02
9.405827522277832031e-02
9.406113624572753906e-02
9.406399726867675781e-02
9.406685829162597656e-02
9.406974911689758301e-02
9.407261013984680176e-02
9.407541155815124512e-02
9.407830238342285156e-02
9.408113360404968262e-02
9.408402442932128906e-02
9.408688545227050781e-02
9.408971667289733887e-02
9.409260749816894531e-02
9.409549832344055176e-02
9.409838914871215820e-02
9.410122036933898926e-02
9.410408139228820801e-02
9.410694241523742676e-02
9.410977363586425781e-02
9.411269426345825195e-02
9.411555528640747070e-02
9.411844611167907715e-02
9.412124752998352051e-02
9.412413835525512695e-02
9.412705898284912109e-02
9.412994980812072754e-02
9.413281083106994629e-02
9.413567185401916504e-02
9.413853287696838379e-02
9.414139389991760254e-02
9.414428472518920898e-02
9.414717555046081543e-02
9.415003657341003418e-02
9.415295720100402832e-02
9.415581822395324707e-02
9.415867924690246582e-02
9.416157007217407227e-02
9.416440129280090332e-02
9.416735172271728516e-02
9.417015314102172852e-02
9.417310357093811035e-02
9.417593479156494141e-02
9.417882561683654785e-02
9.418171644210815430e-02
9.418460726737976074e-02
9.418746829032897949e-02
9.419032931327819824e-02
9.419327974319458008e-02
9.419614076614379883e-02
9.419903159141540527e-02
9.420189261436462402e-02
9.420475363731384277e-02
9.420761466026306152e-02
9.421053528785705566e-02
9.421339631080627441e-02
9.421634674072265625e-02
9.421920776367187500e-02
9.422212839126586914e-02
9.422495961189270020e-02
9.422785043716430664e-02
9.423080086708068848e-02
9.423360228538513184e-02
9.423649311065673828e-02
9.423941373825073242e-02
9.424227476119995117e-02
9.424516558647155762e-02
9.424808621406555176e-02
9.425097703933715820e-02
9.425380825996398926e-02
9.425672888755798340e-02
9.425958991050720215e-02
9.426254034042358398e-02
9.426540136337280273e-02
9.426826238632202148e-02
9.427115321159362793e-02
9.427407383918762207e-02
9.427693486213684082e-02
9.427982568740844727e-02
9.428271651268005371e-02
9.428560733795166016e-02
9.428849816322326660e-02
9.429138898849487305e-02
9.429427981376647949e-02
9.429720044136047363e-02
9.430006146430969238e-02
9.430295228958129883e-02
9.430587291717529297e-02
9.430876374244689941e-02
9.431162476539611816e-02
9.431448578834533691e-02
9.431737661361694336e-02
9.432029724121093750e-02
9.432321786880493164e-02
9.432604908943176270e-02
9.432893991470336914e-02
9.433186054229736328e-02
9.433475136756896973e-02
9.433758258819580078e-02
9.434047341346740723e-02
9.434339404106140137e-02
9.434631466865539551e-02
9.434917569160461426e-02
9.435203671455383301e-02
9.435498714447021484e-02
9.435784816741943359e-02
9.436070919036865234e-02
9.436365962028503418e-02
9.436646103858947754e-02
9.436938166618347168e-02
9.437227249145507812e-02
9.437513351440429688e-02
9.437802433967590332e-02
9.438097476959228516e-02
9.438377618789672852e-02
9.438669681549072266e-02
9.438961744308471680e-02
9.439241886138916016e-02
9.439533948898315430e-02
9.439820051193237305e-02
9.440109133720397949e-02
9.440395236015319824e-02
9.440687298774719238e-02
9.440973401069641113e-02
9.441262483596801758e-02
9.441554546356201172e-02
9.441837668418884277e-02
9.442129731178283691e-02
9.442418813705444336e-02
9.442704916000366211e-02
9.442988038063049316e-02
9.443277120590209961e-02
9.443569183349609375e-02
9.443858265876770020e-02
9.444138407707214355e-02
9.444421529769897461e-02
9.444713592529296875e-02
9.445002675056457520e-02
9.445291757583618164e-02
9.445577859878540039e-02
9.445863962173461914e-02
9.446156024932861328e-02
9.446442127227783203e-02
9.446728229522705078e-02
9.447011351585388184e-02
9.447303414344787598e-02
9.447586536407470703e-02
9.447875618934631348e-02
9.448164701461791992e-02
9.448450803756713867e-02
9.448736906051635742e-02
9.449025988578796387e-02
9.449312090873718262e-02
9.449598193168640137e-02
9.449884295463562012e-02
9.450170397758483887e-02
9.450459480285644531e-02
9.450745582580566406e-02
9.451025724411010742e-02
9.451311826705932617e-02
9.451597929000854492e-02
9.451887011528015137e-02
9.452176094055175781e-02
9.452462196350097656e-02
9.452742338180541992e-02
9.453034400939941406e-02
9.453317523002624512e-02
9.453603625297546387e-02
9.453889727592468262e-02
9.454172849655151367e-02
9.454458951950073242e-02
9.454742074012756348e-02
9.455037117004394531e-02
9.455314278602600098e-02
9.455600380897521973e-02
9.455886483192443848e-02
9.456172585487365723e-02
9.456455707550048828e-02
9.456738829612731934e-02
9.457030892372131348e-02
9.457314014434814453e-02
9.457594156265258789e-02
9.457877278327941895e-02
9.458163380622863770e-02
9.458449482917785645e-02
9.458738565444946289e-02
9.459015727043151855e-02
9.459295868873596191e-02
9.459587931632995605e-02
9.459868073463439941e-02
9.460154175758361816e-02
9.460434317588806152e-02
9.460717439651489258e-02
9.461003541946411133e-02
9.461277723312377930e-02
9.461566805839538574e-02
9.461849927902221680e-02
9.462136030197143555e-02
9.462416172027587891e-02
9.462702274322509766e-02
9.462979435920715332e-02
9.463265538215637207e-02
9.463551640510559082e-02
9.463837742805480957e-02
9.464114904403686523e-02
9.464401006698608398e-02
9.464681148529052734e-02
9.464967250823974609e-02
9.465241432189941406e-02
9.465527534484863281e-02
9.465804696083068848e-02
9.466087818145751953e-02
9.466367959976196289e-02
9.466657042503356934e-02
9.466931223869323730e-02
9.467211365699768066e-02
9.467497467994689941e-02
9.467774629592895508e-02
9.468057751655578613e-02
9.468337893486022949e-02
9.468618035316467285e-02
9.468898177146911621e-02
9.469178318977355957e-02
9.469458460807800293e-02
9.469741582870483398e-02
9.470018744468688965e-02
9.470301866531372070e-02
9.470579028129577637e-02
9.470859169960021973e-02
9.471139311790466309e-02
9.471419453620910645e-02
9.471693634986877441e-02
9.471973776817321777e-02
9.472253918647766113e-02
9.472531080245971680e-02
9.472811222076416016e-02
9.473100304603576660e-02
9.473365545272827148e-02
9.473648667335510254e-02
9.473931789398193359e-02
9.474205970764160156e-02
9.474486112594604492e-02
9.474763274192810059e-02
9.475043416023254395e-02
9.475320577621459961e-02
9.475597739219665527e-02
9.475877881050109863e-02
9.476155042648315430e-02
9.476429224014282227e-02
9.476703405380249023e-02
9.476986527442932129e-02
9.477260708808898926e-02
9.477537870407104492e-02
9.477809071540832520e-02
9.478092193603515625e-02
9.478363394737243652e-02
9.478643536567687988e-02
9.478920698165893555e-02
9.479194879531860352e-02
9.479472041130065918e-02
9.479749202728271484e-02
9.480020403861999512e-02
9.480297565460205078e-02
9.480565786361694336e-02
9.480848908424377441e-02
9.481117129325866699e-02
9.481400251388549805e-02
9.481671452522277832e-02
9.481945633888244629e-02
9.482219815254211426e-02
9.482493996620178223e-02
9.482765197753906250e-02
9.483039379119873047e-02
9.483313560485839844e-02
9.483590722084045410e-02
9.483867883682250977e-02
9.484133124351501465e-02
9.484407305717468262e-02
9.484684467315673828e-02
9.484955668449401855e-02
9.485226869583129883e-02
9.485501050949096680e-02
9.485772252082824707e-02
9.486049413681030273e-02
9.486326575279235840e-02
9.486588835716247559e-02
9.486857056617736816e-02
9.487134218215942383e-02
9.487402439117431641e-02
9.487676620483398438e-02
9.487950801849365234e-02
9.488222002983093262e-02
9.488496184349060059e-02
9.488758444786071777e-02
9.489029645919799805e-02
9.489303827285766602e-02
9.489569067955017090e-02
9.489849209785461426e-02
9.490117430686950684e-02
9.490382671356201172e-02
9.490647912025451660e-02
9.490925073623657227e-02
9.491190314292907715e-02
9.491464495658874512e-02
9.491729736328125000e-02
9.491997957229614258e-02
9.492272138595581055e-02
9.492537379264831543e-02
9.492802619934082031e-02
9.493073821067810059e-02
9.493339061737060547e-02
9.493604302406311035e-02
9.493875503540039062e-02
9.494143724441528320e-02
9.494405984878540039e-02
9.494680166244506836e-02
9.494948387145996094e-02
9.495216608047485352e-02
9.495484828948974609e-02
9.495744109153747559e-02
9.496015310287475586e-02
9.496277570724487305e-02
9.496548771858215332e-02
9.496814012527465820e-02
9.497082233428955078e-02
9.497347474098205566e-02
9.497609734535217285e-02
9.497874975204467773e-02
9.498137235641479492e-02
9.498405456542968750e-02
9.498667716979980469e-02
9.498935937881469727e-02
9.499201178550720215e-02
9.499460458755493164e-02
9.499731659889221191e-02
9.499996900558471680e-02
9.500253200531005859e-02
9.500521421432495117e-02
9.500783681869506836e-02
9.501048922538757324e-02
9.501314163208007812e-02
9.501567482948303223e-02
9.501835703849792480e-02
9.502097964286804199e-02
9.502369165420532227e-02
9.502616524696350098e-02
9.502887725830078125e-02
9.503141045570373535e-02
9.503409266471862793e-02
9.503668546676635742e-02
9.503933787345886230e-02
9.504193067550659180e-02
9.504455327987670898e-02
9.504711627960205078e-02
9.504979848861694336e-02
9.505239129066467285e-02
9.505498409271240234e-02
9.505760669708251953e-02
9.506022930145263672e-02
9.506279230117797852e-02
9.506532549858093262e-02
9.506794810295104980e-02
9.507057070732116699e-02
9.507316350936889648e-02
9.507572650909423828e-02
9.507834911346435547e-02
9.508088231086730957e-02
9.508350491523742676e-02
9.508603811264038086e-02
9.508860111236572266e-02
9.509125351905822754e-02
9.509378671646118164e-02
9.509634971618652344e-02
9.509903192520141602e-02
9.510153532028198242e-02
9.510412812232971191e-02
9.510663151741027832e-02
9.510931372642517090e-02
9.511181712150573730e-02
9.511438012123107910e-02
9.511688351631164551e-02
9.511947631835937500e-02
9.512206912040710449e-02
9.512463212013244629e-02
9.512716531753540039e-02
9.512972831726074219e-02
9.513235092163085938e-02
9.513485431671142578e-02
9.513735771179199219e-02
9.513989090919494629e-02
9.514242410659790039e-02
9.514501690864562988e-02
9.514757990837097168e-02
9.515011310577392578e-02
9.515264630317687988e-02
9.515517950057983398e-02
9.515768289566040039e-02
9.516018629074096680e-02
9.516277909278869629e-02
9.516528248786926270e-02
9.516778588294982910e-02
9.517034888267517090e-02
9.517285227775573730e-02
9.517532587051391602e-02
9.517788887023925781e-02
9.518039226531982422e-02
9.518289566040039062e-02
9.518542885780334473e-02
9.518793225288391113e-02
9.519046545028686523e-02
9.519293904304504395e-02
9.519547224044799805e-02
9.519797563552856445e-02
9.520044922828674316e-02
9.520304203033447266e-02
9.520551562309265137e-02
9.520795941352844238e-02
9.521046280860900879e-02
9.521299600601196289e-02
9.521543979644775391e-02
9.521791338920593262e-02
9.522044658660888672e-02
9.522292017936706543e-02
9.522536396980285645e-02
9.522789716720581055e-02
9.523034095764160156e-02
9.523284435272216797e-02
9.523537755012512207e-02
9.523776173591613770e-02
9.524026513099670410e-02
9.524276852607727051e-02
9.524518251419067383e-02
9.524768590927124023e-02
9.525018930435180664e-02
9.525260329246520996e-02
9.525507688522338867e-02
9.525758028030395508e-02
9.526002407073974609e-02
9.526240825653076172e-02
9.526491165161132812e-02
9.526732563972473145e-02
9.526979923248291016e-02
9.527227282524108887e-02
9.527474641799926758e-02
9.527713060379028320e-02
9.527960419654846191e-02
9.528204798698425293e-02
9.528452157974243164e-02
9.528690576553344727e-02
9.528943896293640137e-02
9.529179334640502930e-02
9.529420733451843262e-02
9.529668092727661133e-02
9.529909491539001465e-02
9.530153870582580566e-02
9.530398249626159668e-02
9.530636668205261230e-02
9.530881047248840332e-02
9.531122446060180664e-02
9.531363844871520996e-02
9.531605243682861328e-02
9.531852602958679199e-02
9.532088041305541992e-02
9.532323479652404785e-02
9.532573819160461426e-02
9.532812237739562988e-02
9.533056616783142090e-02
9.533289074897766113e-02
9.533533453941345215e-02
9.533777832984924316e-02
9.534016251564025879e-02
9.534257650375366211e-02
9.534496068954467773e-02
9.534734487533569336e-02
9.534969925880432129e-02
9.535214304924011230e-02
9.535449743270874023e-02
9.535688161849975586e-02
9.535926580429077148e-02
9.536167979240417480e-02
9.536400437355041504e-02
9.536641836166381836e-02
9.536877274513244629e-02
9.537124633789062500e-02
9.537357091903686523e-02
9.537595510482788086e-02
9.537827968597412109e-02
9.538066387176513672e-02
9.538301825523376465e-02
9.538546204566955566e-02
9.538775682449340820e-02
9.539017081260681152e-02
9.539252519607543945e-02
9.539484977722167969e-02
9.539723396301269531e-02
9.539958834648132324e-02
9.540191292762756348e-02
9.540426731109619141e-02
9.540668129920959473e-02
9.540900588035583496e-02
9.541139006614685059e-02
9.541371464729309082e-02
9.541603922843933105e-02
9.541839361190795898e-02
9.542071819305419922e-02
9.542310237884521484e-02
9.542536735534667969e-02
9.542772173881530762e-02
9.543004631996154785e-02
9.543234109878540039e-02
9.543478488922119141e-02
9.543707966804504395e-02
9.543940424919128418e-02
9.544169902801513672e-02
9.544402360916137695e-02
9.544637799263000488e-02
9.544870257377624512e-02
9.545102715492248535e-02
9.545338153839111328e-02
9.545564651489257812e-02
9.545800089836120605e-02
9.546026587486267090e-02
9.546259045600891113e-02
9.546488523483276367e-02
9.546720981597900391e-02
9.546953439712524414e-02
9.547182917594909668e-02
9.547412395477294922e-02
9.547638893127441406e-02
9.547868371009826660e-02
9.548103809356689453e-02
9.548330307006835938e-02
9.548559784889221191e-02
9.548786282539367676e-02
9.549018740653991699e-02
9.549251198768615723e-02
9.549480676651000977e-02
9.549701213836669922e-02
9.549939632415771484e-02
9.550160169601440430e-02
9.550389647483825684e-02
9.550619125366210938e-02
9.550851583480834961e-02
9.551075100898742676e-02
9.551298618316650391e-02
9.551531076431274414e-02
9.551760554313659668e-02
9.551987051963806152e-02
9.552210569381713867e-02
9.552440047264099121e-02
9.552666544914245605e-02
9.552899003028869629e-02
9.553122520446777344e-02
9.553346037864685059e-02
9.553566575050354004e-02
9.553799033164978027e-02
9.554025530815124512e-02
9.554252028465270996e-02
9.554475545883178711e-02
9.554702043533325195e-02
9.554925560951232910e-02
9.555152058601379395e-02
9.555381536483764648e-02
9.555599093437194824e-02
9.555828571319580078e-02
9.556049108505249023e-02
9.556275606155395508e-02
9.556499123573303223e-02
9.556722640991210938e-02
9.556946158409118652e-02
9.557172656059265137e-02
9.557393193244934082e-02
9.557619690895080566e-02
9.557846188545227051e-02
9.558063745498657227e-02
9.558293223381042480e-02
9.558510780334472656e-02
9.558734297752380371e-02
9.558954834938049316e-02
9.559175372123718262e-02
9.559401869773864746e-02
9.559625387191772461e-02
9.559848904609680176e-02
9.560066461563110352e-02
9.560289978981018066e-02
9.560516476631164551e-02
9.560731053352355957e-02
9.560954570770263672e-02
9.561178088188171387e-02
9.561398625373840332e-02
9.561619162559509277e-02
9.561842679977416992e-02
9.562060236930847168e-02
9.562283754348754883e-02
9.562504291534423828e-02
9.562721848487854004e-02
9.562939405441284180e-02
9.563156962394714355e-02
9.563386440277099609e-02
9.563603997230529785e-02
9.563821554183959961e-02
9.564045071601867676e-02
9.564265608787536621e-02
9.564486145973205566e-02
9.564700722694396973e-02
9.564918279647827148e-02
9.565141797065734863e-02
9.565353393554687500e-02
9.565576910972595215e-02
9.565794467926025391e-02
9.566006064414978027e-02
9.566232562065124512e-02
9.566453099250793457e-02
9.566670656204223633e-02
9.566882252693176270e-02
9.567102789878845215e-02
9.567323327064514160e-02
9.567543864250183105e-02
9.567758440971374512e-02
9.567973017692565918e-02
9.568187594413757324e-02
9.568414092063903809e-02
9.568625688552856445e-02
9.568843245506286621e-02
9.569063782691955566e-02
9.569278359413146973e-02
9.569489955902099609e-02
9.569707512855529785e-02
9.569928050041198730e-02
9.570148587226867676e-02
9.570363163948059082e-02
9.570574760437011719e-02
9.570792317390441895e-02
9.571006894111633301e-02
9.571221470832824707e-02
9.571442008018493652e-02
9.571662545204162598e-02
9.571871161460876465e-02
9.572085738182067871e-02
9.572300314903259277e-02
9.572511911392211914e-02
9.572735428810119629e-02
9.572947025299072266e-02
9.573164582252502441e-02
9.573376178741455078e-02
9.573593735694885254e-02
9.573808312416076660e-02
9.574019908905029297e-02
9.574234485626220703e-02
9.574452042579650879e-02
9.574660658836364746e-02
9.574875235557556152e-02
9.575089812278747559e-02
9.575304388999938965e-02
9.575518965721130371e-02
9.575733542442321777e-02
9.575948119163513184e-02
9.576162695884704590e-02
9.576374292373657227e-02
9.576588869094848633e-02
9.576800465583801270e-02
9.577012062072753906e-02
9.577223658561706543e-02
9.577444195747375488e-02
9.577655792236328125e-02
9.577861428260803223e-02
9.578078985214233398e-02
9.578290581703186035e-02
9.578502178192138672e-02
9.578713774681091309e-02
9.578928351402282715e-02
9.579145908355712891e-02
9.579357504844665527e-02
9.579566121101379395e-02
9.579774737358093262e-02
9.579989314079284668e-02
9.580203890800476074e-02
9.580415487289428711e-02
9.580624103546142578e-02
9.580835700035095215e-02
9.581047296524047852e-02
9.581258893013000488e-02
9.581470489501953125e-02
9.581679105758666992e-02
9.581893682479858398e-02
9.582105278968811035e-02
9.582316875457763672e-02
9.582528471946716309e-02
9.582734107971191406e-02
9.582948684692382812e-02
9.583160281181335449e-02
9.583371877670288086e-02
9.583580493927001953e-02
9.583792090415954590e-02
9.584006667137145996e-02
9.584215283393859863e-02
9.584423899650573730e-02
9.584635496139526367e-02
9.584847092628479004e-02
9.585052728652954102e-02
9.585267305374145508e-02
9.585475921630859375e-02
9.585690498352050781e-02
9.585899114608764648e-02
9.586104750633239746e-02
9.586322307586669922e-02
9.586527943611145020e-02
9.586736559867858887e-02
9.586945176124572754e-02
9.587159752845764160e-02
9.587368369102478027e-02
9.587582945823669434e-02
9.587791562080383301e-02
9.587997198104858398e-02
9.588205814361572266e-02
9.588411450386047363e-02
9.588631987571716309e-02
9.588837623596191406e-02
9.589043259620666504e-02
9.589257836341857910e-02
9.589466452598571777e-02
9.589675068855285645e-02
9.589880704879760742e-02
9.590092301368713379e-02
9.590297937393188477e-02
9.590506553649902344e-02
9.590715169906616211e-02
9.590926766395568848e-02
9.591138362884521484e-02
9.591349959373474121e-02
9.591555595397949219e-02
9.591770172119140625e-02
9.591975808143615723e-02
9.592181444168090820e-02
9.592390060424804688e-02
9.592604637145996094e-02
9.592813253402709961e-02
9.593012928962707520e-02
9.593224525451660156e-02
9.593439102172851562e-02
9.593647718429565430e-02
9.593853354454040527e-02
9.594058990478515625e-02
9.594270586967468262e-02
9.594482183456420898e-02
9.594687819480895996e-02
9.594893455505371094e-02
9.595105051994323730e-02
9.595313668251037598e-02
9.595519304275512695e-02
9.595727920532226562e-02
9.595939517021179199e-02
9.596145153045654297e-02
9.596353769302368164e-02
9.596559405326843262e-02
9.596771001815795898e-02
9.596985578536987305e-02
9.597188234329223633e-02
9.597396850585937500e-02
9.597605466842651367e-02
9.597811102867126465e-02
9.598022699356079102e-02
9.598231315612792969e-02
9.598442912101745605e-02
9.598648548126220703e-02
9.598857164382934570e-02
9.599068760871887207e-02
9.599271416664123535e-02
9.599483013153076172e-02
9.599688649177551270e-02
9.599900245666503906e-02
9.600111842155456543e-02
9.600317478179931641e-02
9.600529074668884277e-02
9.600731730461120605e-02
9.600940346717834473e-02
9.601154923439025879e-02
9.601357579231262207e-02
9.601563215255737305e-02
9.601774811744689941e-02
9.601983428001403809e-02
9.602198004722595215e-02
9.602397680282592773e-02
9.602612257003784180e-02
9.602817893028259277e-02
9.603023529052734375e-02
9.603232145309448242e-02
9.603443741798400879e-02
9.603652358055114746e-02
9.603860974311828613e-02
9.604069590568542480e-02
9.604275226593017578e-02
9.604492783546447754e-02
9.604695439338684082e-02
9.604907035827636719e-02
9.605112671852111816e-02
9.605321288108825684e-02
9.605535864830017090e-02
9.605735540390014648e-02
9.605947136878967285e-02
9.606158733367919922e-02
9.606367349624633789e-02
9.606578946113586426e-02
9.606787562370300293e-02
9.606993198394775391e-02
9.607201814651489258e-02
9.607410430908203125e-02
9.607616066932678223e-02
9.607830643653869629e-02
9.608036279678344727e-02
9.608247876167297363e-02
9.608459472656250000e-02
9.608665108680725098e-02
9.608876705169677734e-02
9.609085321426391602e-02
9.609296917915344238e-02
9.609505534172058105e-02
9.609711170196533203e-02
9.609922766685485840e-02
9.610134363174438477e-02
9.610342979431152344e-02
9.610557556152343750e-02
9.610769152641296387e-02
9.610974788665771484e-02
9.611186385154724121e-02
9.611392021179199219e-02
9.611606597900390625e-02
9.611815214157104492e-02
9.612023830413818359e-02
9.612232446670532227e-02
9.612444043159484863e-02
9.612655639648437500e-02
9.612864255905151367e-02
9.613075852394104004e-02
9.613287448883056641e-02
9.613499045372009277e-02
9.613710641860961914e-02
9.613922238349914551e-02
9.614136815071105957e-02
9.614345431327819824e-02
9.614551067352294922e-02
9.614765644073486328e-02
9.614974260330200195e-02
9.615188837051391602e-02
9.615397453308105469e-02
9.615609049797058105e-02
9.615823626518249512e-02
9.616038203239440918e-02
9.616243839263916016e-02
9.616455435752868652e-02
9.616667032241821289e-02
9.616878628730773926e-02
9.617087244987487793e-02
9.617304801940917969e-02
9.617525339126586914e-02
9.617725014686584473e-02
9.617939591407775879e-02
9.618148207664489746e-02
9.618362784385681152e-02
9.618580341339111328e-02
9.618791937828063965e-02
9.619006514549255371e-02
9.619212150573730469e-02
9.619432687759399414e-02
9.619641304016113281e-02
9.619861841201782227e-02
9.620067477226257324e-02
9.620285034179687500e-02
9.620493650436401367e-02
9.620714187622070312e-02
9.620928764343261719e-02
9.621137380599975586e-02
9.621354937553405762e-02
9.621563553810119629e-02
9.621778130531311035e-02
9.621995687484741211e-02
9.622201323509216309e-02
9.622421860694885254e-02
9.622642397880554199e-02
9.622848033905029297e-02
9.623065590858459473e-02
9.623280167579650879e-02
9.623494744300842285e-02
9.623712301254272461e-02
9.623926877975463867e-02
9.624141454696655273e-02
9.624356031417846680e-02
9.624573588371276855e-02
9.624788165092468262e-02
9.625008702278137207e-02
9.625229239463806152e-02
9.625434875488281250e-02
9.625649452209472656e-02
9.625869989395141602e-02
9.626087546348571777e-02
9.626305103302001953e-02
9.626522660255432129e-02
9.626737236976623535e-02
9.626960754394531250e-02
9.627175331115722656e-02
9.627389907836914062e-02
9.627607464790344238e-02
9.627822041511535645e-02
9.628045558929443359e-02
9.628257155418395996e-02
9.628483653068542480e-02
9.628701210021972656e-02
9.628912806510925293e-02
9.629133343696594238e-02
9.629347920417785645e-02
9.629565477371215820e-02
9.629797935485839844e-02
9.630009531974792480e-02
9.630227088928222656e-02
9.630447626113891602e-02
9.630671143531799316e-02
9.630885720252990723e-02
9.631112217903137207e-02
9.631326794624328613e-02
9.631544351577758789e-02
9.631767868995666504e-02
9.631988406181335449e-02
9.632205963134765625e-02
9.632429480552673340e-02
9.632652997970581055e-02
9.632870554924011230e-02
9.633091092109680176e-02
9.633317589759826660e-02
9.633535146713256836e-02
9.633752703666687012e-02
9.633985161781311035e-02
9.634199738502502441e-02
9.634429216384887695e-02
9.634646773338317871e-02
9.634867310523986816e-02
9.635096788406372070e-02
9.635314345359802246e-02
9.635540843009948730e-02
9.635758399963378906e-02
9.635990858078002930e-02
9.636205434799194336e-02
9.636434912681579590e-02
9.636655449867248535e-02
9.636878967285156250e-02
9.637105464935302734e-02
9.637331962585449219e-02
9.637558460235595703e-02
9.637778997421264648e-02
9.638008475303649902e-02
9.638226032257080078e-02
9.638455510139465332e-02
9.638682007789611816e-02
9.638911485671997070e-02
9.639137983322143555e-02
9.639361500740051270e-02
9.639587998390197754e-02
9.639817476272583008e-02
9.640038013458251953e-02
9.640267491340637207e-02
9.640493988990783691e-02
9.640723466873168945e-02
9.640946984291076660e-02
9.641176462173461914e-02
9.641408920288085938e-02
9.641635417938232422e-02
9.641864895820617676e-02
9.642091393470764160e-02
9.642329812049865723e-02
9.642556309700012207e-02
9.642782807350158691e-02
9.643012285232543945e-02
9.643241763114929199e-02
9.643471240997314453e-02
9.643700718879699707e-02
9.643930196762084961e-02
9.644165635108947754e-02
9.644395112991333008e-02
9.644627571105957031e-02
9.644863009452819824e-02
9.645083546638488770e-02
9.645318984985351562e-02
9.645551443099975586e-02
9.645780920982360840e-02
9.646019339561462402e-02
9.646251797676086426e-02
9.646484255790710449e-02
9.646716713905334473e-02
9.646952152252197266e-02
9.647184610366821289e-02
9.647420048713684082e-02
9.647652506828308105e-02
9.647887945175170898e-02
9.648123383522033691e-02
9.648358821868896484e-02
9.648594260215759277e-02
9.648829698562622070e-02
9.649062156677246094e-02
9.649297595024108887e-02
9.649536013603210449e-02
9.649774432182312012e-02
9.650009870529174805e-02
9.650248289108276367e-02
9.650483727455139160e-02
9.650716185569763184e-02
9.650954604148864746e-02
9.651196002960205078e-02
9.651437401771545410e-02
9.651672840118408203e-02
9.651911258697509766e-02
9.652152657508850098e-02
9.652394056320190430e-02
9.652632474899291992e-02
9.652870893478393555e-02
9.653109312057495117e-02
9.653350710868835449e-02
9.653589129447937012e-02
9.653833508491516113e-02
9.654068946838378906e-02
9.654319286346435547e-02
9.654554724693298340e-02
9.654799103736877441e-02
9.655040502548217773e-02
9.655278921127319336e-02
9.655523300170898438e-02
9.655770659446716309e-02
9.656012058258056641e-02
9.656256437301635742e-02
9.656497836112976074e-02
9.656742215156555176e-02
9.656986594200134277e-02
9.657236933708190918e-02
9.657475352287292480e-02
9.657722711563110352e-02
9.657970070838928223e-02
9.658217430114746094e-02
9.658461809158325195e-02
9.658709168434143066e-02
9.658956527709960938e-02
9.659206867218017578e-02
9.659451246261596680e-02
9.659701585769653320e-02
9.659951925277709961e-02
9.660199284553527832e-02
9.660440683364868164e-02
9.660688042640686035e-02
9.660938382148742676e-02
9.661191701889038086e-02
9.661448001861572266e-02
9.661692380905151367e-02
9.661939740180969238e-02
9.662190079689025879e-02
9.662449359893798828e-02
9.662702679634094238e-02
9.662950038909912109e-02
9.663200378417968750e-02
9.663453698158264160e-02
9.663704037666320801e-02
9.663957357406616211e-02
9.664213657379150391e-02
9.664466977119445801e-02
9.664714336395263672e-02
9.664976596832275391e-02
9.665235877037048340e-02
9.665477275848388672e-02
9.665733575820922852e-02
9.665992856025695801e-02
9.666255116462707520e-02
9.666505455970764160e-02
9.666770696640014648e-02
9.667021036148071289e-02
9.667280316352844238e-02
9.667530655860900879e-02
9.667789936065673828e-02
9.668055176734924316e-02
9.668311476707458496e-02
9.668564796447753906e-02
9.668827056884765625e-02
9.669092297554016113e-02
9.669345617294311523e-02
9.669607877731323242e-02
9.669870138168334961e-02
9.670135378837585449e-02
9.670388698577880859e-02
9.670650959014892578e-02
9.670913219451904297e-02
9.671181440353393555e-02
9.671440720558166504e-02
9.671705961227416992e-02
9.671965241432189941e-02
9.672233462333679199e-02
9.672492742538452148e-02
9.672760963439941406e-02
9.673026204109191895e-02
9.673288464546203613e-02
9.673553705215454102e-02
9.673824906349182129e-02
9.674084186553955078e-02
9.674355387687683105e-02
9.674623608589172363e-02
9.674891829490661621e-02
9.675160050392150879e-02
9.675428271293640137e-02
9.675693511962890625e-02
9.675958752632141113e-02
9.676232933998107910e-02
9.676501154899597168e-02
9.676775336265563965e-02
9.677034616470336914e-02
9.677317738533020020e-02
9.677588939666748047e-02
9.677854180335998535e-02
9.678125381469726562e-02
9.678396582603454590e-02
9.678679704666137695e-02
9.678947925567626953e-02
9.679219126701354980e-02
9.679496288299560547e-02
9.679770469665527344e-02
9.680044651031494141e-02
9.680321812629699707e-02
9.680595993995666504e-02
9.680870175361633301e-02
9.681153297424316406e-02
9.681424498558044434e-02
9.681698679924011230e-02
9.681978821754455566e-02
9.682261943817138672e-02
9.682542085647583008e-02
9.682813286781311035e-02
9.683096408843994141e-02
9.683373570442199707e-02
9.683650732040405273e-02
9.683930873870849609e-02
9.684213995933532715e-02
9.684497117996215820e-02
9.684774279594421387e-02
9.685057401657104492e-02
9.685343503952026367e-02
9.685626626014709473e-02
9.685906767845153809e-02
9.686189889907836914e-02
9.686475992202758789e-02
9.686756134033203125e-02
9.687045216560363770e-02
9.687337279319763184e-02
9.687617421150207520e-02
9.687900543212890625e-02
9.688192605972290039e-02
9.688478708267211914e-02
9.688770771026611328e-02
9.689053893089294434e-02
9.689345955848693848e-02
9.689629077911376953e-02
9.689918160438537598e-02
9.690213203430175781e-02
9.690502285957336426e-02
9.690791368484497070e-02
9.691083431243896484e-02
9.691372513771057129e-02
9.691661596298217773e-02
9.691956639289855957e-02
9.692248702049255371e-02
9.692543745040893555e-02
9.692838788032531738e-02
9.693127870559692383e-02
9.693422913551330566e-02
9.693720936775207520e-02
9.694015979766845703e-02
9.694311022758483887e-02
9.694612026214599609e-02
9.694907069206237793e-02
9.695202112197875977e-02
9.695503115653991699e-02
9.695795178413391113e-02
9.696096181869506836e-02
9.696397185325622559e-02
9.696698188781738281e-02
9.696999192237854004e-02
9.697294235229492188e-02
9.697598218917846680e-02
9.697899222373962402e-02
9.698203206062316895e-02
9.698510169982910156e-02
9.698808193206787109e-02
9.699115157127380371e-02
9.699416160583496094e-02
9.699720144271850586e-02
9.700024127960205078e-02
9.700328111648559570e-02
9.700632095336914062e-02
9.700945019721984863e-02
9.701246023178100586e-02
9.701552987098693848e-02
9.701862931251525879e-02
9.702169895172119141e-02
9.702473878860473633e-02
9.702786803245544434e-02
9.703102707862854004e-02
9.703412652015686035e-02
9.703719615936279297e-02
9.704032540321350098e-02
9.704339504241943359e-02
9.704655408859252930e-02
9.704965353012084961e-02
9.705281257629394531e-02
9.705594182014465332e-02
9.705907106399536133e-02
9.706220030784606934e-02
9.706538915634155273e-02
9.706851840019226074e-02
9.707164764404296875e-02
9.707489609718322754e-02
9.707805514335632324e-02
9.708127379417419434e-02
9.708440303802490234e-02
9.708759188652038574e-02
9.709072113037109375e-02
9.709396958351135254e-02
9.709721803665161133e-02
9.710037708282470703e-02
9.710359573364257812e-02
9.710684418678283691e-02
9.711000323295593262e-02
9.711325168609619141e-02
9.711647033691406250e-02
9.711971879005432129e-02
9.712296724319458008e-02
9.712621569633483887e-02
9.712946414947509766e-02
9.713277220726013184e-02
9.713599085807800293e-02
9.713926911354064941e-02
9.714254736900329590e-02
9.714582562446594238e-02
9.714910387992858887e-02
9.715241193771362305e-02
9.715566039085388184e-02
9.715899825096130371e-02
9.716233611106872559e-02
9.716564416885375977e-02
9.716892242431640625e-02
9.717226028442382812e-02
9.717559814453125000e-02
9.717890620231628418e-02
9.718227386474609375e-02
9.718561172485351562e-02
9.718897938728332520e-02
9.719231724739074707e-02
9.719562530517578125e-02
9.719911217689514160e-02
9.720245003700256348e-02
9.720578789710998535e-02
9.720921516418457031e-02
9.721258282661437988e-02
9.721592068672180176e-02
9.721934795379638672e-02
9.722274541854858398e-02
9.722620248794555664e-02
9.722959995269775391e-02
9.723308682441711426e-02
9.723648428916931152e-02
9.723988175392150879e-02
9.724333882331848145e-02
9.724679589271545410e-02
9.725019335746765137e-02
9.725368022918701172e-02
9.725716710090637207e-02
9.726065397262573242e-02
9.726411104202270508e-02
9.726759791374206543e-02
9.727102518081665039e-02
9.727451205253601074e-02
9.727808833122253418e-02
9.728157520294189453e-02
9.728509187698364258e-02
9.728857874870300293e-02
9.729215502738952637e-02
9.729561209678649902e-02
