8.262130618095397949e-02
8.263859152793884277e-02
8.265581727027893066e-02
8.267301321029663086e-02
8.269017934799194336e-02
8.270749449729919434e-02
8.272472023963928223e-02
8.274179697036743164e-02
8.275908231735229492e-02
8.277618885040283203e-02
8.279338479042053223e-02
8.281049132347106934e-02
8.282759785652160645e-02
8.284464478492736816e-02
8.286181092262268066e-02
8.287885785102844238e-02
8.289593458175659180e-02
8.291295170783996582e-02
8.292999863624572754e-02
8.294704556465148926e-02
8.296406269073486328e-02
8.298099040985107422e-02
8.299797773361206055e-02
8.301499485969543457e-02
8.303189277648925781e-02
8.304882049560546875e-02
8.306574821472167969e-02
8.308258652687072754e-02
8.309954404830932617e-02
8.311641216278076172e-02
8.313322067260742188e-02
8.315011858940124512e-02
8.316701650619506836e-02
8.318379521369934082e-02
8.320063352584838867e-02
8.321735262870788574e-02
8.323416113853454590e-02
8.325096964836120605e-02
8.326771855354309082e-02
8.328437805175781250e-02
8.330112695693969727e-02
8.331781625747680664e-02
8.333456516265869141e-02
8.335116505622863770e-02
8.336788415908813477e-02
8.338448405265808105e-02
8.340120315551757812e-02
8.341777324676513672e-02
8.343440294265747070e-02
8.345097303390502930e-02
8.346754312515258789e-02
8.348411321640014648e-02
8.350071310997009277e-02
8.351719379425048828e-02
8.353376388549804688e-02
8.355024456977844238e-02
8.356678485870361328e-02
8.358323574066162109e-02
8.359968662261962891e-02
8.361619710922241211e-02
8.363255858421325684e-02
8.364900946617126465e-02
8.366549015045166016e-02
8.368176221847534180e-02
8.369818329811096191e-02
8.371454477310180664e-02
8.373090624809265137e-02
8.374723792076110840e-02
8.376356959342956543e-02
8.377993106842041016e-02
8.379620313644409180e-02
8.381241559982299805e-02
8.382871747016906738e-02
8.384501934051513672e-02
8.386123180389404297e-02
8.387756347656250000e-02
8.389362692832946777e-02
8.390986919403076172e-02
8.392599225044250488e-02
8.394223451614379883e-02
8.395829796791076660e-02
8.397448062896728516e-02
8.399057388305664062e-02
8.400669693946838379e-02
8.402281999588012695e-02
8.403894305229187012e-02
8.405491709709167480e-02
8.407092094421386719e-02
8.408701419830322266e-02
8.410304784774780273e-02
8.411908149719238281e-02
8.413511514663696289e-02
8.415102958679199219e-02
8.416706323623657227e-02
8.418294787406921387e-02
8.419889211654663086e-02
8.421483635902404785e-02
8.423069119453430176e-02
8.424663543701171875e-02
8.426252007484436035e-02
8.427834510803222656e-02
8.429422974586486816e-02
8.431008458137512207e-02
8.432587981224060059e-02
8.434167504310607910e-02
8.435747027397155762e-02
8.437326550483703613e-02
8.438900113105773926e-02
8.440479636192321777e-02
8.442053198814392090e-02
8.443617820739746094e-02
8.445194363594055176e-02
8.446767926216125488e-02
8.448335528373718262e-02
8.449900150299072266e-02
8.451461791992187500e-02
8.453029394149780273e-02
8.454591035842895508e-02
8.456155657768249512e-02
8.457705378532409668e-02
8.459272980690002441e-02
8.460816740989685059e-02
8.462375402450561523e-02
8.463931083679199219e-02
8.465480804443359375e-02
8.467039465904235840e-02
8.468586206436157227e-02
8.470129966735839844e-02
8.471673727035522461e-02
8.473220467567443848e-02
8.474761247634887695e-02
8.476302027702331543e-02
8.477851748466491699e-02
8.479380607604980469e-02
8.480918407440185547e-02
8.482462167739868164e-02
8.483994007110595703e-02
8.485531806945800781e-02
8.487054705619812012e-02
8.488583564758300781e-02
8.490115404129028320e-02
8.491650223731994629e-02
8.493170142173767090e-02
8.494696021080017090e-02
8.496221899986267090e-02
8.497744798660278320e-02
8.499264717102050781e-02
8.500775694847106934e-02
8.502298593521118164e-02
8.503806591033935547e-02
8.505332469940185547e-02
8.506834506988525391e-02
8.508345484733581543e-02
8.509862422943115234e-02
8.511370420455932617e-02
8.512875437736511230e-02
8.514380455017089844e-02
8.515885472297668457e-02
8.517387509346008301e-02
8.518892526626586914e-02
8.520388603210449219e-02
8.521884679794311523e-02
8.523380756378173828e-02
8.524879813194274902e-02
8.526366949081420898e-02
8.527866005897521973e-02
8.529353141784667969e-02
8.530843257904052734e-02
8.532330393791198730e-02
8.533817529678344727e-02
8.535304665565490723e-02
8.536788821220397949e-02
8.538267016410827637e-02
8.539745211601257324e-02
8.541232347488403320e-02
8.542707562446594238e-02
8.544182777404785156e-02
8.545657992362976074e-02
8.547133207321166992e-02
8.548602461814880371e-02
8.550077676773071289e-02
8.551537990570068359e-02
8.553013205528259277e-02
8.554485440254211426e-02
8.555942773818969727e-02
8.557403087615966797e-02
8.558863401412963867e-02
8.560317754745483398e-02
8.561781048774719238e-02
8.563244342803955078e-02
8.564698696136474609e-02
8.566150069236755371e-02
8.567604422569274902e-02
8.569055795669555664e-02
8.570513129234313965e-02
8.571952581405639648e-02
8.573400974273681641e-02
8.574840426445007324e-02
8.576288819313049316e-02
8.577731251716613770e-02
8.579170703887939453e-02
8.580610156059265137e-02
8.582046627998352051e-02
8.583483099937438965e-02
8.584925532341003418e-02
8.586359024047851562e-02
8.587783575057983398e-02
8.589217066764831543e-02
8.590641617774963379e-02
8.592075109481811523e-02
8.593499660491943359e-02
8.594924211502075195e-02
8.596348762512207031e-02
8.597770333290100098e-02
8.599191904067993164e-02
8.600607514381408691e-02
8.602029085159301758e-02
8.603444695472717285e-02
8.604854345321655273e-02
8.606266975402832031e-02
8.607682585716247559e-02
8.609083294868469238e-02
8.610495924949645996e-02
8.611902594566345215e-02
8.613312244415283203e-02
8.614718914031982422e-02
8.616110682487487793e-02
8.617520332336425781e-02
8.618915081024169922e-02
8.620321750640869141e-02
8.621707558631896973e-02
8.623102307319641113e-02
8.624500036239624023e-02
8.625891804695129395e-02
8.627280592918395996e-02
8.628669381141662598e-02
8.630055189132690430e-02
8.631440997123718262e-02
8.632826805114746094e-02
8.634203672409057617e-02
8.635586500167846680e-02
8.636966347694396973e-02
8.638349175453186035e-02
8.639723062515258789e-02
8.641102910041809082e-02
8.642473816871643066e-02
8.643847703933715820e-02
8.645212650299072266e-02
8.646589517593383789e-02
8.647948503494262695e-02
8.649328351020812988e-02
8.650687336921691895e-02
8.652046322822570801e-02
8.653405308723449707e-02
8.654773235321044922e-02
8.656129240989685059e-02
8.657488226890563965e-02
8.658838272094726562e-02
8.660197257995605469e-02
8.661547303199768066e-02
8.662900328636169434e-02
8.664256334304809570e-02
8.665600419044494629e-02
8.666944503784179688e-02
8.668294548988342285e-02
8.669635653495788574e-02
8.670979738235473633e-02
8.672317862510681152e-02
8.673658967018127441e-02
8.674997091293334961e-02
8.676326274871826172e-02
8.677667379379272461e-02
8.678999543190002441e-02
8.680328726768493652e-02
8.681657910346984863e-02
8.682987093925476074e-02
8.684313297271728516e-02
8.685642480850219727e-02
8.686965703964233398e-02
8.688285946846008301e-02
8.689606189727783203e-02
8.690923452377319336e-02
8.692240715026855469e-02
8.693560957908630371e-02
8.694878220558166504e-02
8.696192502975463867e-02
8.697503805160522461e-02
8.698812127113342285e-02
8.700123429298400879e-02
8.701428771018981934e-02
8.702734112739562988e-02
8.704033493995666504e-02
8.705341815948486328e-02
8.706641197204589844e-02
8.707943558692932129e-02
8.709233999252319336e-02
8.710530400276184082e-02
8.711832761764526367e-02
8.713123202323913574e-02
8.714416623115539551e-02
8.715710043907165527e-02
8.716997504234313965e-02
8.718287944793701172e-02
8.719572424888610840e-02
8.720850944519042969e-02
8.722138404846191406e-02
8.723419904708862305e-02
8.724698424339294434e-02
8.725976943969726562e-02
8.727252483367919922e-02
8.728531002998352051e-02
8.729800581932067871e-02
8.731073141098022461e-02
8.732339739799499512e-02
8.733615279197692871e-02
8.734878897666931152e-02
8.736151456832885742e-02
8.737412095069885254e-02
8.738675713539123535e-02
8.739933371543884277e-02
8.741194009780883789e-02
8.742451667785644531e-02
8.743706345558166504e-02
8.744969964027404785e-02
8.746215701103210449e-02
8.747470378875732422e-02
8.748722076416015625e-02
8.749970793724060059e-02
8.751216530799865723e-02
8.752459287643432617e-02
8.753705024719238281e-02
8.754947781562805176e-02
8.756190538406372070e-02
8.757430315017700195e-02
8.758673071861267090e-02
8.759900927543640137e-02
8.761137723922729492e-02
8.762371540069580078e-02
8.763602375984191895e-02
8.764842152595520020e-02
8.766067028045654297e-02
8.767291903495788574e-02
8.768516778945922852e-02
8.769741654396057129e-02
8.770963549613952637e-02
8.772188425064086914e-02
8.773410320281982422e-02
8.774629235267639160e-02
8.775839209556579590e-02
8.777058124542236328e-02
8.778271079063415527e-02
8.779478073120117188e-02
8.780694007873535156e-02
8.781898021697998047e-02
8.783105015754699707e-02
8.784309029579162598e-02
8.785513043403625488e-02
8.786723017692565918e-02
8.787915110588073730e-02
8.789113163948059082e-02
8.790314197540283203e-02
8.791515231132507324e-02
8.792704343795776367e-02
8.793899416923522949e-02
8.795094490051269531e-02
8.796280622482299805e-02
8.797466754913330078e-02
8.798655867576599121e-02
8.799844980239868164e-02
8.801019191741943359e-02
8.802208304405212402e-02
8.803388476371765137e-02
8.804571628570556641e-02
8.805736899375915527e-02
8.806920051574707031e-02
8.808091282844543457e-02
8.809271454811096191e-02
8.810439705848693848e-02
8.811604976654052734e-02
8.812776207923889160e-02
8.813938498497009277e-02
8.815112709999084473e-02
8.816272020339965820e-02
8.817431330680847168e-02
8.818599581718444824e-02
8.819746971130371094e-02
8.820912241935729980e-02
8.822062611579895020e-02
8.823218941688537598e-02
8.824366331100463867e-02
8.825519680976867676e-02
8.826667070388793945e-02
8.827814459800720215e-02
8.828958868980407715e-02
8.830103278160095215e-02
8.831247687339782715e-02
8.832392096519470215e-02
8.833527565002441406e-02
8.834666013717651367e-02
8.835807442665100098e-02
8.836936950683593750e-02
8.838078379631042480e-02
8.839204907417297363e-02
8.840337395668029785e-02
8.841466903686523438e-02
8.842590451240539551e-02
8.843713998794555664e-02
8.844837546348571777e-02
8.845970034599304199e-02
8.847087621688842773e-02
8.848205208778381348e-02
8.849322795867919922e-02
8.850440382957458496e-02
8.851552009582519531e-02
8.852669596672058105e-02
8.853781223297119141e-02
8.854886889457702637e-02
8.855989575386047363e-02
8.857101202011108398e-02
8.858206868171691895e-02
8.859306573867797852e-02
8.860415220260620117e-02
8.861511945724487305e-02
8.862611651420593262e-02
8.863705396652221680e-02
8.864799141883850098e-02
8.865901827812194824e-02
8.866989612579345703e-02
8.868080377578735352e-02
8.869168162345886230e-02
8.870255947113037109e-02
8.871337771415710449e-02
8.872428536415100098e-02
8.873504400253295898e-02
8.874595165252685547e-02
8.875671029090881348e-02
8.876749873161315918e-02
8.877822756767272949e-02
8.878901600837707520e-02
8.879974484443664551e-02
8.881041407585144043e-02
8.882114291191101074e-02
8.883184194564819336e-02
8.884254097938537598e-02
8.885312080383300781e-02
8.886379003524780273e-02
8.887439966201782227e-02
8.888503909111022949e-02
8.889561891555786133e-02
8.890619874000549316e-02
8.891671895980834961e-02
8.892726898193359375e-02
8.893781900405883789e-02
8.894833922386169434e-02
8.895879983901977539e-02
8.896932005882263184e-02
8.897972106933593750e-02
8.899018168449401855e-02
8.900061249732971191e-02
8.901098370552062988e-02
8.902144432067871094e-02
8.903184533119201660e-02
8.904215693473815918e-02
8.905252814292907715e-02
8.906283974647521973e-02
8.907324075698852539e-02
8.908343315124511719e-02
8.909374475479125977e-02
8.910405635833740234e-02
8.911427855491638184e-02
8.912456035614013672e-02
8.913481235504150391e-02
8.914500474929809570e-02
8.915519714355468750e-02
8.916535973548889160e-02
8.917552232742309570e-02
8.918562531471252441e-02
8.919575810432434082e-02
8.920589089393615723e-02
8.921602368354797363e-02
8.922606706619262695e-02
8.923614025115966797e-02
8.924624323844909668e-02
8.925619721412658691e-02
8.926624059677124023e-02
8.927622437477111816e-02
8.928617835044860840e-02
8.929616212844848633e-02
8.930605649948120117e-02
8.931607007980346680e-02
8.932605385780334473e-02
8.933594822883605957e-02
8.934578299522399902e-02
8.935570716857910156e-02
8.936557173728942871e-02
8.937534689903259277e-02
8.938512206077575684e-02
8.939498662948608398e-02
8.940476179122924805e-02
8.941462635993957520e-02
8.942431211471557617e-02
8.943405747413635254e-02
8.944380283355712891e-02
8.945354819297790527e-02
8.946323394775390625e-02
8.947286009788513184e-02
8.948257565498352051e-02
8.949220180511474609e-02
8.950188755989074707e-02
8.951139450073242188e-02
8.952105045318603516e-02
8.953067660331726074e-02
8.954018354415893555e-02
8.954980969429016113e-02
8.955928683280944824e-02
8.956885337829589844e-02
8.957833051681518555e-02
8.958783745765686035e-02
8.959734439849853516e-02
8.960679173469543457e-02
8.961617946624755859e-02
8.962562680244445801e-02
8.963504433631896973e-02
8.964443206787109375e-02
8.965384960174560547e-02
8.966314792633056641e-02
8.967253565788269043e-02
8.968186378479003906e-02
8.969122171401977539e-02
8.970046043395996094e-02
8.970975875854492188e-02
8.971899747848510742e-02
8.972826600074768066e-02
8.973753452301025391e-02
8.974674344062805176e-02
8.975592255592346191e-02
8.976516127586364746e-02
8.977428078651428223e-02
8.978345990180969238e-02
8.979263901710510254e-02
8.980178833007812500e-02
8.981081843376159668e-02
8.981990814208984375e-02
8.982896804809570312e-02
8.983811736106872559e-02
8.984714746475219727e-02
8.985617756843566895e-02
8.986514806747436523e-02
8.987414836883544922e-02
8.988311886787414551e-02
8.989211916923522949e-02
8.990108966827392578e-02
8.991000056266784668e-02
8.991894125938415527e-02
8.992785215377807617e-02
8.993670344352722168e-02
8.994558453559875488e-02
8.995443582534790039e-02
8.996328711509704590e-02
8.997210860252380371e-02
8.998090028762817383e-02
8.998975157737731934e-02
8.999848365783691406e-02
9.000727534294128418e-02
9.001597762107849121e-02
9.002470970153808594e-02
9.003338217735290527e-02
9.004208445549011230e-02
9.005081653594970703e-02
9.005945920944213867e-02
9.006810188293457031e-02
9.007677435874938965e-02
9.008535742759704590e-02
9.009400010108947754e-02
9.010258316993713379e-02
9.011116623878479004e-02
9.011968970298767090e-02
9.012827277183532715e-02
9.013679623603820801e-02
9.014528989791870117e-02
9.015375375747680664e-02
9.016227722167968750e-02
9.017068147659301758e-02
9.017920494079589844e-02
9.018760919570922852e-02
9.019592404365539551e-02
9.020435810089111328e-02
9.021279215812683105e-02
9.022119641304016113e-02
9.022951126098632812e-02
9.023785591125488281e-02
9.024620056152343750e-02
9.025445580482482910e-02
9.026280045509338379e-02
9.027105569839477539e-02
9.027925133705139160e-02
9.028753638267517090e-02
9.029582142829895020e-02
9.030398726463317871e-02
9.031218290328979492e-02
9.032037854194641113e-02
9.032848477363586426e-02
9.033668041229248047e-02
9.034484624862670898e-02
9.035295248031616211e-02
9.036102890968322754e-02
9.036913514137268066e-02
9.037718176841735840e-02
9.038531780242919922e-02
9.039330482482910156e-02
9.040135145187377930e-02
9.040933847427368164e-02
9.041729569435119629e-02
9.042534232139587402e-02
9.043332934379577637e-02
9.044119715690612793e-02
9.044918417930603027e-02
9.045702219009399414e-02
9.046494960784912109e-02
9.047284722328186035e-02
9.048074483871459961e-02
9.048855304718017578e-02
9.049639105796813965e-02
9.050425887107849121e-02
9.051203727722167969e-02
9.051984548568725586e-02
9.052759408950805664e-02
9.053540229797363281e-02
9.054315090179443359e-02
9.055089950561523438e-02
9.055858850479125977e-02
9.056630730628967285e-02
9.057402610778808594e-02
9.058165550231933594e-02
9.058934450149536133e-02
9.059697389602661133e-02
9.060457348823547363e-02
9.061223268508911133e-02
9.061983227729797363e-02
9.062743186950683594e-02
9.063494205474853516e-02
9.064251184463500977e-02
9.065002202987670898e-02
9.065756201744079590e-02
9.066507220268249512e-02
9.067252278327941895e-02
9.067997336387634277e-02
9.068745374679565430e-02
9.069490432739257812e-02
9.070232510566711426e-02
9.070977568626403809e-02
9.071713685989379883e-02
9.072452783584594727e-02
9.073194861412048340e-02
9.073930978775024414e-02
9.074664115905761719e-02
9.075394272804260254e-02
9.076121449470520020e-02
9.076845645904541016e-02
9.077584743499755859e-02
9.078302979469299316e-02
9.079030156135559082e-02
9.079754352569580078e-02
9.080478549003601074e-02
9.081205725669860840e-02
9.081915020942687988e-02
9.082633256912231445e-02
9.083348512649536133e-02
9.084063768386840820e-02
9.084779024124145508e-02
9.085491299629211426e-02
9.086194634437561035e-02
9.086909890174865723e-02
9.087610244750976562e-02
9.088316559791564941e-02
9.089022874832153320e-02
9.089726209640502930e-02
9.090426564216613770e-02
9.091120958328247070e-02
9.091830253601074219e-02
9.092521667480468750e-02
9.093210101127624512e-02
9.093913435935974121e-02
9.094604849815368652e-02
9.095293283462524414e-02
9.095984697341918945e-02
9.096667170524597168e-02
9.097355604171752930e-02
9.098044037818908691e-02
9.098726511001586914e-02
9.099408984184265137e-02
9.100085496902465820e-02
9.100762009620666504e-02
9.101447463035583496e-02
9.102118015289306641e-02
9.102797508239746094e-02
9.103465080261230469e-02
9.104141592979431152e-02
9.104809165000915527e-02
9.105476737022399902e-02
9.106141328811645508e-02
9.106805920600891113e-02
9.107479453086853027e-02
9.108138084411621094e-02
9.108802676200866699e-02
9.109461307525634766e-02
9.110119938850402832e-02
9.110769629478454590e-02
9.111431241035461426e-02
9.112086892127990723e-02
9.112736582756042480e-02
9.113392233848571777e-02
9.114038944244384766e-02
9.114691615104675293e-02
9.115338325500488281e-02
9.115985035896301270e-02
9.116631746292114258e-02
9.117269515991210938e-02
9.117910265922546387e-02
9.118553996086120605e-02
9.119197726249694824e-02
9.119832515716552734e-02
9.120467305183410645e-02
9.121102094650268555e-02
9.121733903884887695e-02
9.122365713119506836e-02
9.122994542121887207e-02
9.123626351356506348e-02
9.124255180358886719e-02
9.124875068664550781e-02
9.125503897666931152e-02
9.126132726669311523e-02
9.126746654510498047e-02
9.127372503280639648e-02
9.127983450889587402e-02
9.128603339195251465e-02
9.129226207733154297e-02
9.129834175109863281e-02
9.130454063415527344e-02
9.131065011024475098e-02
9.131675958633422852e-02
9.132283926010131836e-02
9.132894873619079590e-02
9.133499860763549805e-02
9.134101867675781250e-02
9.134706854820251465e-02
9.135311841964721680e-02
9.135907888412475586e-02
9.136512875556945801e-02
9.137108922004699707e-02
9.137701988220214844e-02
9.138303995132446289e-02
9.138900041580200195e-02
9.139490127563476562e-02
9.140077233314514160e-02
9.140676259994506836e-02
9.141263365745544434e-02
9.141850471496582031e-02
9.142440557479858398e-02
9.143024682998657227e-02
9.143608808517456055e-02
9.144189953804016113e-02
9.144768118858337402e-02
9.145349264144897461e-02
9.145927429199218750e-02
9.146502614021301270e-02
9.147080779075622559e-02
9.147655963897705078e-02
9.148225188255310059e-02
9.148803353309631348e-02
9.149366617202758789e-02
9.149938821792602539e-02
9.150508046150207520e-02
9.151068329811096191e-02
9.151631593704223633e-02
9.152200818061828613e-02
9.152767062187194824e-02
9.153324365615844727e-02
9.153881669044494629e-02
9.154444932937622070e-02
9.155002236366271973e-02
9.155556559562683105e-02
9.156110882759094238e-02
9.156665205955505371e-02
9.157216548919677734e-02
9.157773852348327637e-02
9.158319234848022461e-02
9.158864617347717285e-02
9.159415960311889648e-02
9.159958362579345703e-02
9.160506725311279297e-02
9.161046147346496582e-02
9.161588549613952637e-02
9.162130951881408691e-02
9.162664413452148438e-02
9.163203835487365723e-02
9.163743257522583008e-02
9.164276719093322754e-02
9.164813160896301270e-02
9.165343642234802246e-02
9.165880084037780762e-02
9.166410565376281738e-02
9.166932106018066406e-02
9.167462587356567383e-02
9.167993068695068359e-02
9.168514609336853027e-02
9.169039130210876465e-02
9.169563651084899902e-02
9.170085191726684570e-02
9.170606732368469238e-02
9.171122312545776367e-02
9.171646833419799805e-02
9.172159433364868164e-02
9.172677993774414062e-02
9.173196554183959961e-02
9.173709154129028320e-02
9.174221754074096680e-02
9.174728393554687500e-02
9.175238013267517090e-02
9.175744652748107910e-02
9.176251292228698730e-02
9.176757931709289551e-02
9.177258610725402832e-02
9.177768230438232422e-02
9.178268909454345703e-02
9.178769588470458984e-02
9.179267287254333496e-02
9.179767966270446777e-02
9.180262684822082520e-02
9.180760383605957031e-02
9.181255102157592773e-02
9.181749820709228516e-02
9.182241559028625488e-02
9.182733297348022461e-02
9.183225035667419434e-02
9.183722734451293945e-02
9.184199571609497070e-02
9.184688329696655273e-02
9.185177087783813477e-02
9.185662865638732910e-02
9.186142683029174805e-02
9.186622500419616699e-02
9.187111258506774902e-02
9.187588095664978027e-02
9.188067913055419922e-02
9.188544750213623047e-02
9.189018607139587402e-02
9.189501404762268066e-02
9.189972281455993652e-02
9.190440177917480469e-02
9.190914034843444824e-02
9.191384911537170410e-02
9.191852807998657227e-02
9.192323684692382812e-02
9.192797541618347168e-02
9.193256497383117676e-02
9.193721413612365723e-02
9.194192290306091309e-02
9.194654226303100586e-02
9.195116162300109863e-02
9.195575118064880371e-02
9.196034073829650879e-02
9.196490049362182617e-02
9.196943044662475586e-02
9.197404980659484863e-02
9.197860956192016602e-02
9.198310971260070801e-02
9.198760986328125000e-02
9.199222922325134277e-02
9.199672937393188477e-02
9.200122952461242676e-02
9.200567007064819336e-02
9.201017022132873535e-02
9.201461076736450195e-02
9.201908111572265625e-02
9.202355146408081055e-02
9.202793240547180176e-02
9.203231334686279297e-02
9.203678369522094727e-02
9.204116463661193848e-02
9.204560518264770508e-02
9.204992651939392090e-02
9.205430746078491211e-02
9.205865859985351562e-02
9.206300973892211914e-02
9.206742048263549805e-02
9.207171201705932617e-02
9.207603335380554199e-02
9.208032488822937012e-02
9.208458662033081055e-02
9.208884835243225098e-02
9.209313988685607910e-02
9.209743142127990723e-02
9.210169315338134766e-02
9.210592508316040039e-02
9.211024641990661621e-02
9.211444854736328125e-02
9.211862087249755859e-02
9.212279319763183594e-02
9.212702512741088867e-02
9.213119745254516602e-02
9.213536977767944336e-02
9.213960170745849609e-02
9.214368462562561035e-02
9.214782714843750000e-02
9.215199947357177734e-02
9.215611219406127930e-02
9.216022491455078125e-02
9.216433763504028320e-02
9.216836094856262207e-02
9.217250347137451172e-02
9.217658638954162598e-02
9.218066930770874023e-02
9.218472242355346680e-02
9.218874573707580566e-02
9.219279885292053223e-02
9.219685196876525879e-02
9.220087528228759766e-02
9.220480918884277344e-02
9.220886230468750000e-02
9.221279621124267578e-02
9.221681952476501465e-02
9.222078323364257812e-02
9.222474694252014160e-02
9.222865104675292969e-02
9.223261475563049316e-02
9.223660826683044434e-02
9.224048256874084473e-02
9.224444627761840820e-02
9.224832057952880859e-02
9.225225448608398438e-02
9.225612878799438477e-02
9.225997328758239746e-02
9.226384758949279785e-02
9.226772189140319824e-02
9.227156639099121094e-02
9.227547049522399902e-02
9.227925539016723633e-02
9.228307008743286133e-02
9.228691458702087402e-02
9.229072928428649902e-02
9.229445457458496094e-02
9.229832887649536133e-02
9.230205416679382324e-02
9.230583906173706055e-02
9.230956435203552246e-02
9.231334924697875977e-02
9.231707453727722168e-02
9.232082962989807129e-02
9.232461452484130859e-02
9.232828021049499512e-02
9.233200550079345703e-02
9.233570098876953125e-02
9.233939647674560547e-02
9.234306216239929199e-02
9.234675765037536621e-02
9.235042333602905273e-02
9.235408902168273926e-02
9.235775470733642578e-02
9.236136078834533691e-02
9.236505627632141113e-02
9.236866235733032227e-02
9.237229824066162109e-02
9.237587451934814453e-02
9.237945079803466797e-02
9.238305687904357910e-02
9.238666296005249023e-02
9.239020943641662598e-02
9.239375591278076172e-02
9.239736199378967285e-02
9.240096807479858398e-02
9.240448474884033203e-02
9.240800142288208008e-02
9.241151809692382812e-02
9.241503477096557617e-02
9.241855144500732422e-02
9.242200851440429688e-02
9.242552518844604492e-02
9.242904186248779297e-02
9.243252873420715332e-02
9.243601560592651367e-02
9.243947267532348633e-02
9.244295954704284668e-02
9.244635701179504395e-02
9.244984388351440430e-02
9.245324134826660156e-02
9.245663881301879883e-02
9.246009588241577148e-02
9.246349334716796875e-02
9.246689081192016602e-02
9.247031807899475098e-02
9.247365593910217285e-02
9.247708320617675781e-02
9.248048067092895508e-02
9.248384833335876465e-02
9.248715639114379883e-02
9.249055385589599609e-02
9.249392151832580566e-02
9.249719977378845215e-02
9.250056743621826172e-02
9.250390529632568359e-02
9.250721335411071777e-02
9.251049160957336426e-02
9.251379966735839844e-02
9.251716732978820801e-02
9.252038598060607910e-02
9.252369403839111328e-02
9.252694249153137207e-02
9.253025054931640625e-02
9.253346920013427734e-02
9.253674745559692383e-02
9.253999590873718262e-02
9.254324436187744141e-02
9.254649281501770020e-02
9.254971146583557129e-02
9.255295991897583008e-02
9.255614876747131348e-02
9.255939722061157227e-02
9.256258606910705566e-02
9.256574511528015137e-02
9.256887435913085938e-02
9.257215261459350586e-02
9.257531166076660156e-02
9.257847070693969727e-02
9.258165955543518066e-02
9.258478879928588867e-02
9.258794784545898438e-02
9.259107708930969238e-02
9.259426593780517578e-02
9.259733557701110840e-02
9.260043501853942871e-02
9.260356426239013672e-02
9.260669350624084473e-02
9.260982275009155273e-02
9.261295199394226074e-02
9.261602163314819336e-02
9.261912107467651367e-02
9.262216091156005859e-02
9.262526035308837891e-02
9.262832999229431152e-02
9.263134002685546875e-02
9.263446927070617676e-02
9.263744950294494629e-02
9.264051914215087891e-02
9.264358878135681152e-02
9.264662861824035645e-02
9.264960885047912598e-02
9.265270829200744629e-02
9.265568852424621582e-02
9.265866875648498535e-02
9.266164898872375488e-02
9.266468882560729980e-02
9.266769886016845703e-02
9.267064929008483887e-02
9.267365932464599609e-02
9.267657995223999023e-02
9.267953038215637207e-02
9.268257021903991699e-02
9.268552064895629883e-02
9.268844127655029297e-02
9.269145131111145020e-02
9.269434213638305664e-02
9.269729256629943848e-02
9.270024299621582031e-02
9.270313382148742676e-02
9.270608425140380859e-02
9.270897507667541504e-02
9.271192550659179688e-02
9.271478652954101562e-02
9.271770715713500977e-02
9.272065758705139160e-02
9.272348880767822266e-02
9.272634983062744141e-02
9.272930026054382324e-02
9.273213148117065430e-02
9.273496270179748535e-02
9.273788332939147949e-02
9.274071455001831055e-02
9.274366497993469238e-02
9.274646639823913574e-02
9.274929761886596680e-02
9.275215864181518555e-02
9.275498986244201660e-02
9.275779128074645996e-02
9.276062250137329102e-02
9.276345372200012207e-02
9.276628494262695312e-02
9.276911616325378418e-02
9.277188777923583984e-02
9.277471899986267090e-02
9.277749061584472656e-02
9.278026223182678223e-02
9.278312325477600098e-02
9.278586506843566895e-02
9.278860688209533691e-02
9.279140830039978027e-02
9.279415011405944824e-02
9.279698133468627930e-02
9.279972314834594727e-02
9.280246496200561523e-02
9.280520677566528320e-02
9.280797839164733887e-02
9.281075000762939453e-02
9.281346201896667480e-02
9.281617403030395508e-02
9.281897544860839844e-02
9.282168745994567871e-02
9.282439947128295898e-02
9.282711148262023926e-02
9.282982349395751953e-02
9.283250570297241211e-02
9.283521771430969238e-02
9.283792972564697266e-02
9.284067153930664062e-02
9.284332394599914551e-02
9.284603595733642578e-02
9.284871816635131836e-02
9.285140037536621094e-02
9.285402297973632812e-02
9.285679459571838379e-02
9.285938739776611328e-02
9.286206960678100586e-02
9.286478161811828613e-02
9.286743402481079102e-02
9.287008643150329590e-02
9.287273883819580078e-02
9.287542104721069336e-02
9.287801384925842285e-02
9.288063645362854004e-02
9.288334846496582031e-02
9.288591146469116211e-02
9.288856387138366699e-02
9.289115667343139648e-02
9.289383888244628906e-02
9.289643168449401855e-02
9.289911389350891113e-02
9.290170669555664062e-02
9.290429949760437012e-02
9.290695190429687500e-02
9.290954470634460449e-02
9.291213750839233398e-02
9.291470050811767578e-02
9.291729331016540527e-02
9.291988611221313477e-02
9.292247891426086426e-02
9.292510151863098145e-02
9.292766451835632324e-02
9.293022751808166504e-02
9.293285012245178223e-02
9.293535351753234863e-02
9.293794631958007812e-02
9.294050931930541992e-02
9.294304251670837402e-02
9.294563531875610352e-02
9.294819831848144531e-02
9.295079112052917480e-02
9.295329451560974121e-02
9.295585751533508301e-02
9.295836091041564941e-02
9.296089410781860352e-02
9.296339750289916992e-02
9.296604990959167480e-02
9.296855330467224121e-02
9.297108650207519531e-02
9.297358989715576172e-02
9.297615289688110352e-02
9.297868609428405762e-02
9.298118948936462402e-02
9.298369288444519043e-02
9.298619627952575684e-02
9.298869967460632324e-02
9.299123287200927734e-02
9.299373626708984375e-02
9.299626946449279785e-02
9.299874305725097656e-02
9.300124645233154297e-02
9.300374984741210938e-02
9.300622344017028809e-02
9.300875663757324219e-02
9.301126003265380859e-02
9.301373362541198730e-02
9.301623702049255371e-02
9.301871061325073242e-02
9.302121400833129883e-02
9.302362799644470215e-02
9.302610158920288086e-02
9.302857518196105957e-02
9.303107857704162598e-02
9.303352236747741699e-02
9.303602576255798340e-02
9.303846955299377441e-02
9.304094314575195312e-02
9.304335713386535645e-02
9.304592013359069824e-02
9.304833412170410156e-02
9.305074810981750488e-02
9.305319190025329590e-02
9.305566549301147461e-02
9.305807948112487793e-02
9.306055307388305664e-02
9.306299686431884766e-02
9.306541085243225098e-02
9.306785464286804199e-02
9.307035803794860840e-02
9.307277202606201172e-02
9.307521581649780273e-02
9.307765960693359375e-02
9.308007359504699707e-02
9.308251738548278809e-02
9.308484196662902832e-02
9.308740496635437012e-02
9.308975934982299805e-02
9.309220314025878906e-02
9.309461712837219238e-02
9.309703111648559570e-02
9.309947490692138672e-02
9.310191869735717773e-02
9.310433268547058105e-02
9.310671687126159668e-02
9.310913085937500000e-02
9.311157464981079102e-02
9.311392903327941895e-02
9.311631321907043457e-02
9.311872720718383789e-02
9.312120079994201660e-02
9.312355518341064453e-02
9.312590956687927246e-02
9.312835335731506348e-02
9.313076734542846680e-02
9.313312172889709473e-02
9.313556551933288574e-02
9.313794970512390137e-02
9.314033389091491699e-02
9.314271807670593262e-02
9.314513206481933594e-02
9.314745664596557617e-02
9.314987063407897949e-02
9.315228462219238281e-02
9.315469861030578613e-02
9.315702319145202637e-02
9.315940737724304199e-02
9.316179156303405762e-02
9.316417574882507324e-02
9.316658973693847656e-02
9.316891431808471680e-02
9.317135810852050781e-02
9.317368268966674805e-02
9.317609667778015137e-02
9.317845106124877930e-02
9.318080544471740723e-02
9.318324923515319824e-02
9.318554401397705078e-02
9.318798780441284180e-02
9.319028258323669434e-02
9.319266676902770996e-02
9.319508075714111328e-02
9.319737553596496582e-02
9.319978952407836914e-02
9.320217370986938477e-02
9.320449829101562500e-02
9.320688247680664062e-02
9.320920705795288086e-02
9.321159124374389648e-02
9.321394562721252441e-02
9.321630001068115234e-02
9.321865439414978027e-02
9.322100877761840820e-02
9.322342276573181152e-02
9.322571754455566406e-02
9.322807192802429199e-02
9.323045611381530762e-02
9.323284029960632324e-02
9.323516488075256348e-02
9.323745965957641602e-02
9.323981404304504395e-02
9.324219822883605957e-02
9.324458241462707520e-02
9.324693679809570312e-02
9.324932098388671875e-02
9.325158596038818359e-02
9.325391054153442383e-02
9.325629472732543945e-02
9.325864911079406738e-02
9.326097369194030762e-02
9.326332807540893555e-02
9.326568245887756348e-02
9.326803684234619141e-02
9.327039122581481934e-02
9.327274560928344727e-02
9.327504038810729980e-02
9.327742457389831543e-02
9.327980875968933105e-02
9.328210353851318359e-02
9.328442811965942383e-02
9.328681230545043945e-02
9.328910708427429199e-02
9.329152107238769531e-02
9.329384565353393555e-02
9.329617023468017578e-02
9.329852461814880371e-02
9.330084919929504395e-02
9.330317378044128418e-02
9.330552816390991211e-02
9.330785274505615234e-02
9.331020712852478027e-02
9.331253170967102051e-02
9.331494569778442383e-02
9.331724047660827637e-02
9.331959486007690430e-02
9.332194924354553223e-02
9.332427382469177246e-02
9.332662820816040039e-02
9.332892298698425293e-02
9.333127737045288086e-02
9.333360195159912109e-02
9.333595633506774902e-02
9.333825111389160156e-02
9.334066510200500488e-02
9.334301948547363281e-02
9.334528446197509766e-02
9.334763884544372559e-02
9.334999322891235352e-02
9.335228800773620605e-02
9.335464239120483398e-02
9.335696697235107422e-02
9.335932135581970215e-02
9.336164593696594238e-02
9.336403012275695801e-02
9.336638450622558594e-02
9.336876869201660156e-02
9.337097406387329102e-02
9.337332844734191895e-02
9.337571263313293457e-02
9.337806701660156250e-02
9.338036179542541504e-02
9.338274598121643066e-02
9.338504076004028320e-02
9.338742494583129883e-02
9.338977932929992676e-02
9.339210391044616699e-02
9.339445829391479492e-02
9.339684247970581055e-02
9.339913725852966309e-02
9.340143203735351562e-02
9.340378642082214355e-02
9.340617060661315918e-02
9.340855479240417480e-02
9.341081976890563965e-02
9.341320395469665527e-02
9.341549873352050781e-02
9.341788291931152344e-02
9.342020750045776367e-02
9.342250227928161621e-02
9.342491626739501953e-02
9.342718124389648438e-02
9.342956542968750000e-02
9.343191981315612793e-02
9.343427419662475586e-02
9.343659877777099609e-02
9.343898296356201172e-02
9.344136714935302734e-02
9.344366192817687988e-02
9.344601631164550781e-02
9.344840049743652344e-02
9.345069527626037598e-02
9.345310926437377930e-02
9.345540404319763184e-02
9.345781803131103516e-02
9.346011281013488770e-02
9.346249699592590332e-02
9.346488118171691895e-02
9.346714615821838379e-02
9.346953034400939941e-02
9.347188472747802734e-02
9.347420930862426758e-02
9.347656369209289551e-02
9.347891807556152344e-02
9.348130226135253906e-02
9.348362684249877930e-02
9.348598122596740723e-02
9.348839521408081055e-02
9.349068999290466309e-02
9.349307417869567871e-02
9.349539875984191895e-02
9.349778294563293457e-02
9.350019693374633789e-02
9.350249171257019043e-02
9.350484609603881836e-02
9.350726008415222168e-02
9.350955486297607422e-02
9.351199865341186523e-02
9.351429343223571777e-02
9.351673722267150879e-02
9.351906180381774902e-02
9.352141618728637695e-02
9.352383017539978027e-02
9.352612495422363281e-02
9.352853894233703613e-02
9.353092312812805176e-02
9.353327751159667969e-02
9.353569149971008301e-02
9.353798627853393555e-02
9.354034066200256348e-02
9.354272484779357910e-02
9.354510903358459473e-02
9.354746341705322266e-02
9.354987740516662598e-02
9.355226159095764160e-02
9.355461597442626953e-02
9.355700016021728516e-02
9.355932474136352539e-02
9.356176853179931641e-02
9.356412291526794434e-02
9.356650710105895996e-02
9.356889128684997559e-02
9.357127547264099121e-02
9.357362985610961914e-02
9.357601404190063477e-02
9.357845783233642578e-02
9.358081221580505371e-02
9.358316659927368164e-02
9.358558058738708496e-02
9.358793497085571289e-02
9.359037876129150391e-02
9.359273314476013184e-02
9.359514713287353516e-02
9.359753131866455078e-02
9.359991550445556641e-02
9.360229969024658203e-02
9.360465407371520996e-02
9.360712766647338867e-02
9.360948204994201660e-02
9.361186623573303223e-02
9.361419081687927246e-02
9.361666440963745117e-02
9.361904859542846680e-02
9.362146258354187012e-02
9.362387657165527344e-02
9.362620115280151367e-02
9.362867474555969238e-02
9.363105893135070801e-02
9.363347291946411133e-02
9.363582730293273926e-02
9.363827109336853027e-02
9.364065527915954590e-02
9.364309906959533691e-02
9.364551305770874023e-02
9.364786744117736816e-02
9.365031123161315918e-02
9.365269541740417480e-02
9.365510940551757812e-02
9.365755319595336914e-02
9.365996718406677246e-02
9.366238117218017578e-02
9.366479516029357910e-02
9.366720914840698242e-02
9.366959333419799805e-02
9.367200732231140137e-02
9.367445111274719238e-02
9.367683529853820801e-02
9.367927908897399902e-02
9.368169307708740234e-02
9.368410706520080566e-02
9.368652105331420898e-02
9.368893504142761230e-02
9.369134902954101562e-02
9.369376301765441895e-02
9.369620680809020996e-02
9.369862079620361328e-02
9.370112419128417969e-02
9.370350837707519531e-02
9.370595216751098633e-02
9.370836615562438965e-02
9.371080994606018066e-02
9.371319413185119629e-02
9.371566772460937500e-02
9.371811151504516602e-02
9.372052550315856934e-02
9.372296929359436035e-02
9.372538328170776367e-02
9.372782707214355469e-02
9.373030066490173340e-02
9.373271465301513672e-02
9.373515844345092773e-02
9.373760223388671875e-02
9.374001622200012207e-02
9.374246001243591309e-02
9.374493360519409180e-02
9.374740719795227051e-02
9.374988079071044922e-02
9.375223517417907715e-02
9.375476837158203125e-02
9.375715255737304688e-02
9.375962615013122559e-02
9.376209974288940430e-02
9.376454353332519531e-02
9.376698732376098633e-02
9.376943111419677734e-02
9.377187490463256836e-02
9.377437829971313477e-02
9.377682209014892578e-02
9.377929568290710449e-02
9.378170967102050781e-02
9.378418326377868652e-02
9.378665685653686523e-02
9.378907084465026855e-02
9.379151463508605957e-02
9.379401803016662598e-02
9.379646182060241699e-02
9.379896521568298340e-02
9.380143880844116211e-02
9.380385279655456543e-02
9.380635619163513184e-02
9.380879998207092285e-02
9.381130337715148926e-02
9.381377696990966797e-02
9.381625056266784668e-02
9.381875395774841309e-02
9.382119774818420410e-02
9.382364153861999512e-02
9.382614493370056152e-02
9.382864832878112793e-02
9.383109211921691895e-02
9.383359551429748535e-02
9.383603930473327637e-02
9.383854269981384277e-02
9.384095668792724609e-02
9.384346008300781250e-02
9.384596347808837891e-02
9.384849667549133301e-02
9.385094046592712402e-02
9.385347366333007812e-02
9.385582804679870605e-02
9.385839104652404785e-02
9.386086463928222656e-02
9.386333823204040527e-02
9.386590123176574707e-02
9.386837482452392578e-02
9.387084841728210449e-02
9.387335181236267090e-02
9.387585520744323730e-02
9.387832880020141602e-02
9.388080239295959473e-02
9.388333559036254883e-02
9.388583898544311523e-02
9.388837218284606934e-02
9.389084577560424805e-02
9.389325976371765137e-02
9.389582276344299316e-02
9.389826655387878418e-02
9.390082955360412598e-02
9.390333294868469238e-02
9.390586614608764648e-02
9.390839934349060059e-02
9.391078352928161621e-02
9.391334652900695801e-02
9.391584992408752441e-02
9.391835331916809082e-02
9.392085671424865723e-02
9.392336010932922363e-02
9.392592310905456543e-02
9.392839670181274414e-02
9.393092989921569824e-02
9.393343329429626465e-02
9.393587708473205566e-02
9.393849968910217285e-02
9.394091367721557617e-02
9.394356608390808105e-02
9.394600987434387207e-02
9.394851326942443848e-02
9.395101666450500488e-02
9.395354986190795898e-02
9.395611286163330078e-02
9.395861625671386719e-02
9.396111965179443359e-02
9.396368265151977539e-02
9.396615624427795410e-02
9.396868944168090820e-02
9.397125244140625000e-02
9.397378563880920410e-02
9.397631883621215820e-02
9.397876262664794922e-02
9.398135542869567871e-02
9.398388862609863281e-02
9.398636221885681152e-02
9.398895502090454102e-02
9.399148821830749512e-02
9.399396181106567383e-02
9.399652481079101562e-02
9.399902820587158203e-02
9.400159120559692383e-02
9.400415420532226562e-02
9.400662779808044434e-02
9.400922060012817383e-02
9.401175379753112793e-02
9.401425719261169434e-02
9.401682019233703613e-02
9.401941299438476562e-02
9.402188658714294434e-02
9.402441978454589844e-02
9.402698278427124023e-02
9.402954578399658203e-02
9.403207898139953613e-02
9.403464198112487793e-02
9.403714537620544434e-02
9.403973817825317383e-02
9.404224157333374023e-02
9.404477477073669434e-02
9.404739737510681152e-02
9.404993057250976562e-02
9.405246376991271973e-02
9.405502676963806152e-02
9.405753016471862793e-02
9.406015276908874512e-02
9.406268596649169922e-02
9.406521916389465332e-02
9.406778216361999512e-02
9.407028555870056152e-02
9.407287836074829102e-02
9.407541155815124512e-02
9.407800436019897461e-02
9.408050775527954102e-02
9.408313035964965820e-02
9.408563375473022461e-02
9.408822655677795410e-02
9.409075975418090820e-02
9.409329295158386230e-02
9.409588575363159180e-02
9.409841895103454590e-02
9.410101175308227539e-02
9.410351514816284180e-02
9.410616755485534668e-02
9.410870075225830078e-02
9.411126375198364258e-02
9.411382675170898438e-02
9.411638975143432617e-02
9.411892294883728027e-02
9.412154555320739746e-02
9.412407875061035156e-02
9.412667155265808105e-02
9.412917494773864746e-02
9.413176774978637695e-02
9.413430094718933105e-02
9.413689374923706055e-02
9.413948655128479004e-02
9.414204955101013184e-02
9.414461255073547363e-02
9.414720535278320312e-02
9.414979815483093262e-02
9.415230154991149902e-02
9.415492415428161621e-02
9.415751695632934570e-02
9.416002035140991211e-02
9.416264295578002930e-02
9.416520595550537109e-02
9.416779875755310059e-02
9.417036175727844238e-02
9.417289495468139648e-02
9.417548775672912598e-02
9.417808055877685547e-02
9.418061375617980957e-02
9.418320655822753906e-02
9.418576955795288086e-02
9.418833255767822266e-02
9.419092535972595215e-02
9.419351816177368164e-02
9.419608116149902344e-02
9.419870376586914062e-02
9.420123696327209473e-02
9.420385956764221191e-02
9.420636296272277832e-02
9.420898556709289551e-02
9.421163797378540039e-02
9.421414136886596680e-02
9.421673417091369629e-02
9.421926736831665039e-02
9.422188997268676758e-02
9.422451257705688477e-02
9.422713518142700195e-02
9.422963857650756836e-02
9.423226118087768555e-02
9.423479437828063965e-02
9.423741698265075684e-02
9.423997998237609863e-02
9.424260258674621582e-02
9.424516558647155762e-02
9.424772858619689941e-02
9.425035119056701660e-02
9.425288438796997070e-02
9.425550699234008789e-02
9.425809979438781738e-02
9.426072239875793457e-02
9.426325559616088867e-02
9.426584839820861816e-02
9.426844120025634766e-02
9.427106380462646484e-02
9.427362680435180664e-02
9.427621960639953613e-02
9.427881240844726562e-02
9.428137540817260742e-02
9.428396821022033691e-02
9.428653120994567871e-02
9.428912401199340820e-02
9.429174661636352539e-02
9.429427981376647949e-02
9.429690241813659668e-02
9.429943561553955078e-02
9.430208802223205566e-02
9.430462121963500977e-02
9.430721402168273926e-02
9.430977702140808105e-02
9.431245923042297363e-02
9.431508183479309082e-02
9.431761503219604492e-02
9.432020783424377441e-02
9.432277083396911621e-02
9.432542324066162109e-02
9.432792663574218750e-02
9.433060884475708008e-02
9.433314204216003418e-02
9.433579444885253906e-02
9.433835744857788086e-02
9.434098005294799805e-02
9.434348344802856445e-02
9.434610605239868164e-02
9.434869885444641113e-02
9.435129165649414062e-02
9.435385465621948242e-02
9.435653686523437500e-02
9.435904026031494141e-02
9.436163306236267090e-02
9.436422586441040039e-02
9.436687827110290527e-02
9.436941146850585938e-02
9.437200427055358887e-02
9.437456727027893066e-02
9.437721967697143555e-02
9.437981247901916504e-02
9.438240528106689453e-02
9.438496828079223633e-02
9.438750147819519043e-02
9.439018368721008301e-02
9.439277648925781250e-02
9.439533948898315430e-02
9.439787268638610840e-02
9.440049529075622559e-02
9.440311789512634277e-02
9.440571069717407227e-02
9.440827369689941406e-02
9.441086649894714355e-02
9.441345930099487305e-02
9.441605210304260254e-02
9.441864490509033203e-02
9.442123770713806152e-02
9.442383050918579102e-02
9.442642331123352051e-02
9.442901611328125000e-02
9.443160891532897949e-02
9.443420171737670898e-02
9.443676471710205078e-02
9.443932771682739258e-02
9.444195032119750977e-02
9.444451332092285156e-02
9.444710612297058105e-02
9.444966912269592285e-02
9.445229172706604004e-02
9.445488452911376953e-02
9.445750713348388672e-02
9.446007013320922852e-02
9.446269273757934570e-02
9.446525573730468750e-02
9.446784853935241699e-02
9.447038173675537109e-02
9.447303414344787598e-02
9.447553753852844238e-02
9.447813034057617188e-02
9.448075294494628906e-02
9.448337554931640625e-02
9.448593854904174805e-02
9.448847174644470215e-02
9.449109435081481934e-02
9.449368715286254883e-02
9.449622035026550293e-02
9.449884295463562012e-02
9.450137615203857422e-02
9.450402855873107910e-02
9.450659155845642090e-02
9.450918436050415039e-02
9.451174736022949219e-02
9.451439976692199707e-02
9.451696276664733887e-02
9.451949596405029297e-02
9.452205896377563477e-02
9.452468156814575195e-02
9.452721476554870605e-02
9.452977776527404785e-02
9.453240036964416504e-02
9.453496336936950684e-02
9.453755617141723633e-02
9.454011917114257812e-02
9.454271197319030762e-02
9.454524517059326172e-02
9.454789757728576660e-02
9.455043077468872070e-02
9.455299377441406250e-02
9.455555677413940430e-02
9.455814957618713379e-02
9.456074237823486328e-02
9.456327557563781738e-02
9.456583857536315918e-02
9.456846117973327637e-02
9.457105398178100586e-02
9.457355737686157227e-02
9.457620978355407715e-02
9.457874298095703125e-02
9.458130598068237305e-02
9.458386898040771484e-02
9.458646178245544434e-02
9.458902478218078613e-02
9.459161758422851562e-02
9.459418058395385742e-02
9.459671378135681152e-02
9.459939599037170410e-02
9.460186958312988281e-02
9.460449218750000000e-02
9.460699558258056641e-02
9.460958838462829590e-02
9.461215138435363770e-02
9.461471438407897949e-02
9.461727738380432129e-02
9.461984038352966309e-02
9.462240338325500488e-02
9.462490677833557129e-02
9.462752938270568848e-02
9.463006258010864258e-02
9.463265538215637207e-02
9.463521838188171387e-02
9.463778138160705566e-02
9.464031457901000977e-02
9.464287757873535156e-02
9.464544057846069336e-02
9.464800357818603516e-02
9.465053677558898926e-02
9.465312957763671875e-02
9.465566277503967285e-02
9.465822577476501465e-02
9.466075897216796875e-02
9.466332197189331055e-02
9.466579556465148926e-02
9.466844797134399414e-02
9.467101097106933594e-02
9.467357397079467773e-02
9.467610716819763184e-02
9.467864036560058594e-02
9.468123316764831543e-02
9.468370676040649414e-02
9.468623995780944824e-02
9.468883275985717773e-02
9.469133615493774414e-02
9.469395875930786133e-02
9.469649195671081543e-02
9.469902515411376953e-02
9.470158815383911133e-02
9.470409154891967773e-02
9.470662474632263184e-02
9.470918774604797363e-02
9.471172094345092773e-02
9.471422433853149414e-02
9.471678733825683594e-02
9.471935033798217773e-02
9.472185373306274414e-02
9.472438693046569824e-02
9.472694993019104004e-02
9.472948312759399414e-02
9.473204612731933594e-02
9.473454952239990234e-02
9.473705291748046875e-02
9.473955631256103516e-02
9.474211931228637695e-02
9.474471211433410645e-02
9.474718570709228516e-02
9.474977850914001465e-02
9.475225210189819336e-02
9.475481510162353516e-02
9.475728869438171387e-02
9.475985169410705566e-02
9.476235508918762207e-02
9.476488828659057617e-02
9.476748108863830566e-02
9.476989507675170898e-02
9.477248787879943848e-02
9.477496147155761719e-02
9.477752447128295898e-02
9.478005766868591309e-02
9.478259086608886719e-02
9.478506445884704590e-02
9.478759765625000000e-02
9.479007124900817871e-02
9.479260444641113281e-02
9.479513764381408691e-02
9.479767084121704102e-02
9.480014443397521973e-02
9.480267763137817383e-02
9.480521082878112793e-02
9.480774402618408203e-02
9.481015801429748535e-02
9.481269121170043945e-02
9.481519460678100586e-02
9.481769800186157227e-02
9.482020139694213867e-02
9.482273459434509277e-02
9.482523798942565918e-02
9.482777118682861328e-02
9.483024477958679199e-02
9.483277797698974609e-02
9.483522176742553711e-02
9.483775496482849121e-02
9.484019875526428223e-02
9.484276175498962402e-02
9.484526515007019043e-02
9.484773874282836914e-02
9.485027194023132324e-02
9.485271573066711426e-02
9.485518932342529297e-02
9.485772252082824707e-02
9.486019611358642578e-02
9.486266970634460449e-02
9.486520290374755859e-02
9.486767649650573730e-02
9.487015008926391602e-02
9.487262368202209473e-02
9.487512707710266113e-02
9.487757086753845215e-02
9.488007426261901855e-02
9.488257765769958496e-02
9.488508105278015137e-02
9.488752484321594238e-02
9.489002823829650879e-02
9.489250183105468750e-02
9.489497542381286621e-02
9.489753842353820801e-02
9.489989280700683594e-02
9.490239620208740234e-02
9.490486979484558105e-02
9.490737318992614746e-02
9.490984678268432617e-02
9.491229057312011719e-02
9.491476416587829590e-02
9.491726756095886230e-02
9.491971135139465332e-02
9.492215514183044434e-02
9.492465853691101074e-02
9.492710232734680176e-02
9.492957592010498047e-02
9.493201971054077148e-02
9.493452310562133789e-02
9.493690729141235352e-02
9.493944048881530762e-02
9.494182467460632324e-02
9.494432806968688965e-02
9.494674205780029297e-02
9.494921565055847168e-02
9.495171904563903809e-02
9.495413303375244141e-02
9.495657682418823242e-02
9.495905041694641113e-02
9.496146440505981445e-02
9.496390819549560547e-02
9.496644139289855957e-02
9.496888518333435059e-02
9.497129917144775391e-02
9.497368335723876953e-02
9.497615694999694824e-02
9.497863054275512695e-02
9.498104453086853027e-02
9.498348832130432129e-02
9.498590230941772461e-02
9.498837590217590332e-02
9.499081969261169434e-02
9.499326348304748535e-02
9.499567747116088867e-02
9.499812126159667969e-02
9.500053524971008301e-02
9.500294923782348633e-02
9.500542283058166504e-02
9.500780701637268066e-02
9.501022100448608398e-02
9.501269459724426270e-02
9.501510858535766602e-02
9.501758217811584473e-02
9.501999616622924805e-02
9.502238035202026367e-02
9.502482414245605469e-02
9.502726793289184570e-02
9.502968192100524902e-02
9.503206610679626465e-02
9.503448009490966797e-02
9.503689408302307129e-02
9.503933787345886230e-02
9.504175186157226562e-02
9.504416584968566895e-02
9.504655003547668457e-02
9.504896402359008789e-02
9.505137801170349121e-02
9.505376219749450684e-02
9.505620598793029785e-02
9.505859017372131348e-02
9.506100416183471680e-02
9.506341814994812012e-02
9.506583213806152344e-02
9.506821632385253906e-02
9.507057070732116699e-02
9.507298469543457031e-02
9.507539868354797363e-02
9.507778286933898926e-02
9.508019685745239258e-02
9.508255124092102051e-02
9.508502483367919922e-02
9.508737921714782715e-02
9.508979320526123047e-02
9.509214758872985840e-02
9.509453177452087402e-02
9.509697556495666504e-02
9.509932994842529297e-02
9.510174393653869629e-02
9.510412812232971191e-02
9.510648250579833984e-02
9.510886669158935547e-02
9.511128067970275879e-02
9.511363506317138672e-02
9.511598944664001465e-02
9.511840343475341797e-02
9.512075781822204590e-02
9.512311220169067383e-02
9.512549638748168945e-02
9.512785077095031738e-02
9.513026475906372070e-02
9.513264894485473633e-02
9.513497352600097656e-02
9.513738751411437988e-02
9.513974189758300781e-02
9.514209628105163574e-02
9.514448046684265137e-02
9.514686465263366699e-02
9.514924883842468262e-02
9.515151381492614746e-02
9.515389800071716309e-02
9.515625238418579102e-02
9.515863656997680664e-02
9.516096115112304688e-02
9.516337513923645020e-02
9.516572952270507812e-02
9.516805410385131836e-02
9.517043828964233398e-02
9.517279267311096191e-02
9.517511725425720215e-02
9.517744183540344238e-02
9.517982602119445801e-02
9.518215060234069824e-02
9.518450498580932617e-02
9.518688917160034180e-02
9.518921375274658203e-02
9.519156813621520996e-02
9.519386291503906250e-02
9.519621729850769043e-02
9.519854187965393066e-02
9.520092606544494629e-02
9.520322084426879883e-02
9.520551562309265137e-02
9.520789980888366699e-02
9.521025419235229492e-02
9.521257877349853516e-02
9.521487355232238770e-02
9.521719813346862793e-02
9.521955251693725586e-02
9.522187709808349609e-02
9.522420167922973633e-02
9.522652626037597656e-02
9.522882103919982910e-02
9.523117542266845703e-02
9.523352980613708496e-02
9.523579478263854980e-02
9.523811936378479004e-02
9.524044394493103027e-02
9.524276852607727051e-02
9.524509310722351074e-02
9.524738788604736328e-02
9.524968266487121582e-02
9.525203704833984375e-02
9.525433182716369629e-02
9.525662660598754883e-02
9.525895118713378906e-02
9.526124596595764160e-02
9.526357054710388184e-02
9.526586532592773438e-02
9.526818990707397461e-02
9.527051448822021484e-02
9.527280926704406738e-02
9.527504444122314453e-02
9.527736902236938477e-02
9.527966380119323730e-02
9.528198838233947754e-02
9.528431296348571777e-02
9.528651833534240723e-02
9.528890252113342285e-02
9.529113769531250000e-02
9.529340267181396484e-02
9.529572725296020508e-02
9.529799222946166992e-02
9.530031681060791016e-02
9.530258178710937500e-02
9.530487656593322754e-02
9.530717134475708008e-02
9.530946612358093262e-02
9.531179070472717285e-02
9.531402587890625000e-02
9.531629085540771484e-02
9.531858563423156738e-02
9.532082080841064453e-02
9.532314538955688477e-02
9.532544016838073730e-02
9.532770514488220215e-02
9.532991051673889160e-02
9.533226490020751953e-02
9.533452987670898438e-02
9.533682465553283691e-02
9.533908963203430176e-02
9.534132480621337891e-02
9.534361958503723145e-02
9.534582495689392090e-02
9.534814953804016113e-02
9.535038471221923828e-02
9.535267949104309082e-02
9.535491466522216797e-02
9.535712003707885742e-02
9.535944461822509766e-02
9.536167979240417480e-02
9.536394476890563965e-02
9.536623954772949219e-02
9.536841511726379395e-02
9.537070989608764648e-02
9.537294507026672363e-02
9.537523984909057617e-02
9.537750482559204102e-02
9.537971019744873047e-02
9.538200497627258301e-02
9.538421034812927246e-02
9.538647532463073730e-02
9.538874030113220215e-02
9.539097547531127930e-02
9.539315104484558105e-02
9.539547562599182129e-02
9.539768099784851074e-02
9.539991617202758789e-02
9.540218114852905273e-02
9.540441632270812988e-02
9.540662169456481934e-02
9.540885686874389648e-02
9.541109204292297363e-02
9.541338682174682617e-02
9.541556239128112793e-02
9.541782736778259277e-02
9.542003273963928223e-02
9.542226791381835938e-02
9.542450308799743652e-02
9.542676806449890137e-02
9.542897343635559082e-02
9.543120861053466797e-02
9.543341398239135742e-02
9.543561935424804688e-02
9.543788433074951172e-02
9.544008970260620117e-02
9.544232487678527832e-02
9.544456005096435547e-02
9.544679522514343262e-02
9.544900059700012207e-02
9.545117616653442383e-02
9.545344114303588867e-02
9.545561671257019043e-02
9.545782208442687988e-02
9.546005725860595703e-02
9.546229243278503418e-02
9.546452760696411133e-02
9.546670317649841309e-02
9.546896815299987793e-02
9.547105431556701660e-02
9.547331929206848145e-02
9.547552466392517090e-02
9.547778964042663574e-02
9.547996520996093750e-02
9.548217058181762695e-02
9.548434615135192871e-02
9.548655152320861816e-02
9.548872709274291992e-02
9.549099206924438477e-02
9.549319744110107422e-02
9.549537301063537598e-02
9.549760818481445312e-02
9.549975395202636719e-02
9.550195932388305664e-02
9.550419449806213379e-02
9.550634026527404785e-02
9.550851583480834961e-02
9.551075100898742676e-02
9.551295638084411621e-02
9.551510214805603027e-02
9.551736712455749512e-02
9.551954269409179688e-02
9.552171826362609863e-02
9.552392363548278809e-02
9.552606940269470215e-02
9.552827477455139160e-02
9.553048014640808105e-02
9.553265571594238281e-02
9.553480148315429688e-02
9.553700685501098633e-02
9.553918242454528809e-02
9.554138779640197754e-02
9.554359316825866699e-02
9.554567933082580566e-02
9.554794430732727051e-02
9.555011987686157227e-02
9.555226564407348633e-02
9.555447101593017578e-02
9.555664658546447754e-02
9.555882215499877930e-02
9.556102752685546875e-02
9.556314349174499512e-02
9.556534886360168457e-02
9.556752443313598633e-02
9.556967020034790039e-02
9.557187557220458984e-02
9.557399153709411621e-02
9.557619690895080566e-02
9.557840228080749512e-02
9.558051824569702148e-02
9.558269381523132324e-02
9.558483958244323730e-02
9.558704495429992676e-02
9.558922052383422852e-02
9.559136629104614258e-02
9.559351205825805664e-02
9.559571743011474609e-02
9.559786319732666016e-02
9.560003876686096191e-02
9.560224413871765137e-02
9.560438990592956543e-02
9.560650587081909180e-02
9.560868144035339355e-02
9.561082720756530762e-02
9.561300277709960938e-02
9.561517834663391113e-02
9.561732411384582520e-02
9.561946988105773926e-02
9.562161564826965332e-02
9.562373161315917969e-02
9.562596678733825684e-02
9.562805294990539551e-02
9.563019871711730957e-02
9.563240408897399902e-02
9.563454985618591309e-02
9.563675522804260254e-02
9.563881158828735352e-02
9.564101696014404297e-02
9.564316272735595703e-02
9.564524888992309570e-02
9.564745426177978516e-02
9.564962983131408691e-02
9.565177559852600098e-02
9.565389156341552734e-02
9.565603733062744141e-02
9.565821290016174316e-02
9.566035866737365723e-02
9.566247463226318359e-02
9.566465020179748535e-02
9.566676616668701172e-02
9.566891193389892578e-02
9.567108750343322754e-02
9.567323327064514160e-02
9.567531943321228027e-02
9.567749500274658203e-02
9.567964076995849609e-02
9.568181633949279785e-02
9.568390250205993652e-02
9.568604826927185059e-02
9.568819403648376465e-02
9.569036960601806641e-02
9.569251537322998047e-02
9.569466114044189453e-02
9.569671750068664551e-02
9.569886326789855957e-02
9.570100903511047363e-02
9.570312500000000000e-02
9.570527076721191406e-02
9.570741653442382812e-02
9.570956230163574219e-02
9.571173787117004395e-02
9.571382403373718262e-02
9.571593999862670898e-02
9.571808576583862305e-02
9.572023153305053711e-02
9.572237730026245117e-02
9.572449326515197754e-02
9.572666883468627930e-02
9.572878479957580566e-02
9.573090076446533203e-02
9.573301672935485840e-02
9.573513269424438477e-02
9.573730826377868652e-02
9.573942422866821289e-02
9.574154019355773926e-02
9.574365615844726562e-02
9.574583172798156738e-02
9.574794769287109375e-02
9.575009346008300781e-02
9.575214982032775879e-02
9.575438499450683594e-02
9.575644135475158691e-02
9.575858712196350098e-02
9.576070308685302734e-02
9.576287865638732910e-02
9.576493501663208008e-02
9.576708078384399414e-02
9.576916694641113281e-02
9.577134251594543457e-02
9.577345848083496094e-02
9.577560424804687500e-02
9.577772021293640137e-02
9.577989578247070312e-02
9.578198194503784180e-02
9.578409790992736816e-02
9.578627347946166992e-02
9.578835964202880859e-02
9.579044580459594727e-02
9.579262137413024902e-02
9.579473733901977539e-02
9.579688310623168945e-02
9.579896926879882812e-02
9.580108523368835449e-02
9.580323100090026855e-02
9.580540657043457031e-02
9.580746293067932129e-02
9.580963850021362305e-02
9.581175446510314941e-02
9.581393003463745117e-02
9.581598639488220215e-02
9.581810235977172852e-02
9.582018852233886719e-02
9.582230448722839355e-02
9.582448005676269531e-02
9.582656621932983398e-02
9.582871198654174805e-02
9.583085775375366211e-02
9.583297371864318848e-02
9.583508968353271484e-02
9.583720564842224121e-02
9.583926200866699219e-02
9.584140777587890625e-02
9.584358334541320801e-02
9.584572911262512207e-02
9.584781527519226074e-02
9.584993124008178711e-02
9.585207700729370117e-02
9.585419297218322754e-02
9.585627913475036621e-02
9.585839509963989258e-02
9.586051106452941895e-02
9.586265683174133301e-02
9.586477279663085938e-02
9.586688876152038574e-02
9.586906433105468750e-02
9.587112069129943848e-02
9.587329626083374023e-02
9.587541222572326660e-02
9.587758779525756836e-02
9.587964415550231934e-02
9.588178992271423340e-02
9.588396549224853516e-02
9.588605165481567383e-02
9.588816761970520020e-02
9.589031338691711426e-02
9.589242935180664062e-02
9.589451551437377930e-02
9.589672088623046875e-02
9.589883685111999512e-02
9.590092301368713379e-02
9.590303897857666016e-02
9.590521454811096191e-02
9.590733051300048828e-02
9.590944647789001465e-02
9.591153264045715332e-02
9.591367840766906738e-02
9.591585397720336914e-02
9.591796994209289551e-02
9.592008590698242188e-02
9.592220187187194824e-02
9.592437744140625000e-02
9.592649340629577637e-02
9.592857956886291504e-02
9.593072533607482910e-02
9.593287110328674316e-02
9.593501687049865723e-02
9.593713283538818359e-02
9.593927860260009766e-02
9.594136476516723633e-02
9.594351053237915039e-02
9.594565629959106445e-02
9.594783186912536621e-02
9.594988822937011719e-02
9.595203399658203125e-02
9.595417976379394531e-02
9.595629572868347168e-02
9.595847129821777344e-02
9.596058726310729980e-02
9.596276283264160156e-02
9.596493840217590332e-02
9.596699476242065430e-02
9.596914052963256836e-02
9.597128629684448242e-02
9.597340226173400879e-02
9.597554802894592285e-02
9.597766399383544922e-02
9.597983956336975098e-02
9.598201513290405273e-02
9.598410129547119141e-02
9.598627686500549316e-02
9.598842263221740723e-02
9.599053859710693359e-02
9.599274396896362305e-02
9.599483013153076172e-02
9.599700570106506348e-02
9.599912166595458984e-02
9.600126743316650391e-02
9.600338339805603027e-02
9.600552916526794434e-02
9.600770473480224609e-02
9.600988030433654785e-02
9.601202607154846191e-02
9.601417183876037598e-02
9.601628780364990234e-02
9.601843357086181641e-02
9.602057933807373047e-02
9.602278470993041992e-02
9.602490067481994629e-02
9.602707624435424805e-02
9.602925181388854980e-02
9.603139758110046387e-02
9.603357315063476562e-02
9.603565931320190430e-02
9.603783488273620605e-02
9.604004025459289551e-02
9.604215621948242188e-02
9.604433178901672363e-02
9.604644775390625000e-02
9.604862332344055176e-02
9.605079889297485352e-02
9.605297446250915527e-02
9.605515003204345703e-02
9.605732560157775879e-02
9.605947136878967285e-02
9.606167674064636230e-02
9.606382250785827637e-02
9.606599807739257812e-02
9.606814384460449219e-02
9.607028961181640625e-02
9.607249498367309570e-02
9.607461094856262207e-02
9.607681632041931152e-02
9.607899188995361328e-02
9.608116745948791504e-02
9.608331322669982910e-02
9.608548879623413086e-02
9.608769416809082031e-02
9.608981013298034668e-02
9.609201550483703613e-02
9.609419107437133789e-02
9.609639644622802734e-02
9.609860181808471680e-02
9.610077738761901855e-02
9.610292315483093262e-02
9.610515832901000977e-02
9.610733389854431152e-02
9.610950946807861328e-02
9.611174464225769043e-02
9.611392021179199219e-02
9.611606597900390625e-02
9.611824154853820801e-02
9.612047672271728516e-02
9.612265229225158691e-02
9.612485766410827637e-02
9.612706303596496582e-02
9.612920880317687988e-02
9.613138437271118164e-02
9.613364934921264648e-02
9.613582491874694824e-02
9.613803029060363770e-02
9.614023566246032715e-02
9.614244103431701660e-02
9.614464640617370605e-02
9.614682197570800781e-02
9.614905714988708496e-02
9.615126252174377441e-02
9.615352749824523926e-02
9.615567326545715332e-02
9.615784883499145508e-02
9.616011381149291992e-02
9.616231918334960938e-02
9.616449475288391113e-02
9.616672992706298828e-02
9.616896510124206543e-02
9.617117047309875488e-02
9.617337584495544434e-02
9.617564082145690918e-02
9.617787599563598633e-02
9.618005156517028809e-02
9.618228673934936523e-02
9.618455171585083008e-02
9.618678689002990723e-02
9.618896245956420898e-02
9.619116783142089844e-02
9.619343280792236328e-02
9.619563817977905273e-02
9.619790315628051758e-02
9.620016813278198242e-02
9.620237350463867188e-02
9.620457887649536133e-02
9.620687365531921387e-02
9.620910882949829102e-02
9.621137380599975586e-02
9.621360898017883301e-02
9.621581435203552246e-02
9.621807932853698730e-02
9.622037410736083984e-02
9.622260928153991699e-02
9.622490406036376953e-02
9.622716903686523438e-02
9.622937440872192383e-02
9.623160958290100098e-02
9.623387455940246582e-02
9.623616933822631836e-02
9.623840451240539551e-02
9.624063968658447266e-02
9.624293446540832520e-02
9.624522924423217773e-02
9.624746441841125488e-02
9.624972939491271973e-02
9.625202417373657227e-02
9.625428915023803711e-02
9.625655412673950195e-02
9.625881910324096680e-02
9.626111388206481934e-02
9.626340866088867188e-02
9.626570343971252441e-02
9.626799821853637695e-02
9.627026319503784180e-02
9.627252817153930664e-02
9.627482295036315918e-02
9.627708792686462402e-02
9.627938270568847656e-02
9.628167748451232910e-02
9.628394246101379395e-02
9.628629684448242188e-02
9.628862142562866211e-02
9.629091620445251465e-02
9.629321098327636719e-02
9.629553556442260742e-02
9.629783034324645996e-02
9.630012512207031250e-02
9.630241990089416504e-02
9.630468487739562988e-02
9.630706906318664551e-02
9.630936384201049805e-02
9.631171822547912598e-02
9.631401300430297852e-02
9.631636738777160645e-02
9.631866216659545898e-02
9.632098674774169922e-02
9.632331132888793945e-02
9.632566571235656738e-02
9.632796049118041992e-02
9.633031487464904785e-02
9.633266925811767578e-02
9.633499383926391602e-02
9.633731842041015625e-02
9.633964300155639648e-02
9.634199738502502441e-02
9.634432196617126465e-02
9.634667634963989258e-02
9.634906053543090820e-02
9.635141491889953613e-02
9.635376930236816406e-02
9.635606408119201660e-02
9.635847806930541992e-02
9.636083245277404785e-02
9.636318683624267578e-02
9.636560082435607910e-02
9.636792540550231934e-02
9.637030959129333496e-02
9.637260437011718750e-02
9.637501835823059082e-02
9.637743234634399414e-02
9.637978672981262207e-02
9.638214111328125000e-02
9.638455510139465332e-02
9.638693928718566895e-02
9.638932347297668457e-02
9.639167785644531250e-02
9.639409184455871582e-02
9.639647603034973145e-02
9.639889001846313477e-02
9.640124440193176270e-02
9.640362858772277832e-02
9.640610218048095703e-02
9.640845656394958496e-02
9.641093015670776367e-02
9.641334414482116699e-02
9.641566872596740723e-02
9.641811251640319824e-02
9.642055630683898926e-02
9.642300009727478027e-02
9.642535448074340820e-02
9.642782807350158691e-02
9.643024206161499023e-02
9.643265604972839355e-02
9.643509984016418457e-02
9.643751382827758789e-02
9.643992781639099121e-02
9.644237160682678223e-02
9.644478559494018555e-02
9.644725918769836426e-02
9.644973278045654297e-02
9.645217657089233398e-02
9.645462036132812500e-02
9.645706415176391602e-02
9.645944833755493164e-02
9.646198153495788574e-02
9.646445512771606445e-02
9.646689891815185547e-02
9.646934270858764648e-02
9.647187590599060059e-02
9.647431969642639160e-02
9.647676348686218262e-02
9.647926688194274902e-02
9.648174047470092773e-02
9.648421406745910645e-02
9.648668766021728516e-02
9.648922085762023926e-02
9.649169445037841797e-02
9.649410843849182129e-02
9.649670124053955078e-02
9.649908542633056641e-02
9.650158882141113281e-02
9.650415182113647461e-02
9.650668501853942871e-02
9.650912880897521973e-02
9.651163220405578613e-02
9.651416540145874023e-02
9.651666879653930664e-02
9.651920199394226074e-02
9.652173519134521484e-02
9.652423858642578125e-02
9.652674198150634766e-02
9.652930498123168945e-02
9.653183817863464355e-02
9.653440117835998535e-02
9.653693437576293945e-02
9.653943777084350586e-02
9.654203057289123535e-02
9.654453396797180176e-02
9.654712677001953125e-02
9.654968976974487305e-02
9.655225276947021484e-02
9.655478596687316895e-02
9.655728936195373535e-02
9.655988216400146484e-02
9.656241536140441895e-02
9.656503796577453613e-02
9.656763076782226562e-02
9.657019376754760742e-02
9.657281637191772461e-02
9.657534956932067871e-02
9.657788276672363281e-02
9.658047556877136230e-02
9.658309817314147949e-02
9.658572077751159668e-02
9.658828377723693848e-02
9.659087657928466797e-02
9.659349918365478516e-02
9.659612178802490234e-02
9.659868478775024414e-02
9.660130739212036133e-02
9.660392999649047852e-02
9.660658240318298340e-02
9.660920500755310059e-02
9.661179780960083008e-02
9.661448001861572266e-02
9.661713242530822754e-02
9.661972522735595703e-02
9.662237763404846191e-02
9.662500023841857910e-02
9.662765264511108398e-02
9.663024544715881348e-02
9.663295745849609375e-02
9.663560986518859863e-02
9.663823246955871582e-02
9.664091467857360840e-02
9.664356708526611328e-02
9.664624929428100586e-02
9.664887189865112305e-02
9.665155410766601562e-02
9.665426611900329590e-02
9.665691852569580078e-02
9.665966033935546875e-02
9.666225314140319824e-02
9.666496515274047852e-02
9.666770696640014648e-02
9.667038917541503906e-02
9.667310118675231934e-02
9.667581319808959961e-02
9.667852520942687988e-02
9.668120741844177246e-02
9.668394923210144043e-02
9.668666124343872070e-02
9.668934345245361328e-02
9.669202566146850586e-02
9.669485688209533691e-02
9.669753909111022949e-02
9.670031070709228516e-02
9.670302271842956543e-02
9.670579433441162109e-02
9.670850634574890137e-02
9.671130776405334473e-02
9.671404957771301270e-02
9.671679139137268066e-02
9.671956300735473633e-02
9.672227501869201660e-02
9.672507643699645996e-02
9.672787785530090332e-02
9.673058986663818359e-02
9.673342108726501465e-02
9.673622250556945801e-02
9.673896431922912598e-02
9.674173593521118164e-02
9.674453735351562500e-02
9.674733877182006836e-02
9.675011038780212402e-02
9.675291180610656738e-02
9.675574302673339844e-02
9.675854444503784180e-02
9.676134586334228516e-02
9.676417708396911621e-02
9.676706790924072266e-02
9.676986932754516602e-02
9.677267074584960938e-02
9.677547216415405273e-02
9.677833318710327148e-02
9.678116440773010254e-02
9.678405523300170898e-02
9.678691625595092773e-02
9.678968787193298340e-02
9.679260849952697754e-02
9.679540991783142090e-02
9.679830074310302734e-02
9.680125117301940918e-02
9.680408239364624023e-02
9.680691361427307129e-02
9.680983424186706543e-02
9.681275486946105957e-02
9.681558609008789062e-02
9.681856632232666016e-02
9.682139754295349121e-02
9.682431817054748535e-02
9.682723879814147949e-02
9.683012962341308594e-02
9.683296084403991699e-02
9.683591127395629883e-02
9.683877229690551758e-02
9.684181213378906250e-02
9.684467315673828125e-02
9.684765338897705078e-02
9.685057401657104492e-02
9.685355424880981445e-02
9.685647487640380859e-02
9.685945510864257812e-02
9.686234593391418457e-02
9.686529636383056641e-02
9.686830639839172363e-02
9.687125682830810547e-02
9.687420725822448730e-02
9.687715768814086914e-02
9.688022732734680176e-02
9.688317775726318359e-02
9.688615798950195312e-02
9.688916802406311035e-02
9.689214825630187988e-02
9.689515829086303711e-02
9.689816832542419434e-02
9.690111875534057617e-02
9.690415859222412109e-02
9.690719842910766602e-02
9.691020846366882324e-02
9.691324830055236816e-02
9.691622853279113770e-02
9.691929817199707031e-02
9.692233800888061523e-02
9.692537784576416016e-02
9.692844748497009277e-02
9.693148732185363770e-02
9.693452715873718262e-02
9.693759679794311523e-02
9.694069623947143555e-02
9.694373607635498047e-02
9.694677591323852539e-02
9.694990515708923340e-02
9.695294499397277832e-02
9.695604443550109863e-02
9.695917367935180664e-02
9.696224331855773926e-02
9.696534276008605957e-02
9.696847200393676758e-02
9.697154164314270020e-02
9.697461128234863281e-02
9.697774052619934082e-02
9.698089957237243652e-02
9.698405861854553223e-02
9.698718786239624023e-02
9.699022769927978516e-02
9.699344635009765625e-02
9.699660539627075195e-02
9.699973464012145996e-02
9.700289368629455566e-02
9.700611233711242676e-02
9.700924158096313477e-02
9.701243042945861816e-02
9.701552987098693848e-02
9.701871871948242188e-02
9.702193737030029297e-02
9.702512621879577637e-02
9.702831506729125977e-02
9.703150391578674316e-02
9.703475236892700195e-02
9.703794121742248535e-02
9.704115986824035645e-02
9.704431891441345215e-02
9.704756736755371094e-02
9.705078601837158203e-02
9.705400466918945312e-02
9.705725312232971191e-02
9.706047177314758301e-02
9.706372022628784180e-02
9.706699848175048828e-02
9.707021713256835938e-02
9.707349538803100586e-02
9.707674384117126465e-02
9.707999229431152344e-02
9.708330035209655762e-02
9.708660840988159180e-02
9.708988666534423828e-02
9.709316492080688477e-02
9.709644317626953125e-02
9.709975123405456543e-02
9.710305929183959961e-02
9.710633754730224609e-02
9.710967540740966797e-02
9.711298346519470215e-02
9.711638092994689941e-02
9.711962938308715820e-02
9.712302684783935547e-02
9.712633490562438965e-02
9.712970256805419922e-02
9.713304042816162109e-02
9.713643789291381836e-02
9.713971614837646484e-02
9.714308381080627441e-02
9.714648127555847168e-02
9.714987874031066895e-02
9.715321660041809082e-02
9.715664386749267578e-02
9.715995192527770996e-02
9.716346859931945801e-02
9.716680645942687988e-02
9.717017412185668945e-02
9.717363119125366211e-02
9.717705845832824707e-02
9.718048572540283203e-02
9.718385338783264160e-02
9.718734025955200195e-02
9.719079732894897461e-02
9.719422459602355957e-02
9.719768166542053223e-02
9.720113873481750488e-02
9.720453619956970215e-02
9.720805287361145020e-02
9.721150994300842285e-02
9.721499681472778320e-02
9.721845388412475586e-02
9.722200036048889160e-02
9.722545742988586426e-02
9.722894430160522461e-02
9.723246097564697266e-02
9.723600745201110840e-02
9.723946452140808105e-02
9.724292159080505371e-02
9.724646806716918945e-02
9.725001454353332520e-02
9.725353121757507324e-02
9.725710749626159668e-02
9.726065397262573242e-02
9.726420044898986816e-02
9.726777672767639160e-02
9.727126359939575195e-02
9.727489948272705078e-02
9.727847576141357422e-02
9.728202223777770996e-02
9.728562831878662109e-02
9.728917479515075684e-02
9.729278087615966797e-02
9.729638695716857910e-02
9.729996323585510254e-02
9.730356931686401367e-02
9.730723500251770020e-02
9.731084108352661133e-02
9.731450676918029785e-02
9.731811285018920898e-02
9.732171893119812012e-02
9.732544422149658203e-02
9.732902050018310547e-02
9.733274579048156738e-02
9.733638167381286621e-02
9.734007716178894043e-02
9.734371304512023926e-02
9.734743833541870117e-02
9.735110402107238770e-02
9.735476970672607422e-02
9.735843539237976074e-02
9.736219048500061035e-02
9.736591577529907227e-02
9.736958146095275879e-02
9.737333655357360840e-02
9.737709164619445801e-02
9.738078713417053223e-02
9.738454222679138184e-02
9.738820791244506836e-02
9.739199280738830566e-02
9.739574790000915527e-02
9.739956259727478027e-02
9.740331768989562988e-02
9.740704298019409180e-02
9.741088747978210449e-02
9.741458296775817871e-02
9.741845726966857910e-02
9.742227196693420410e-02
9.742602705955505371e-02
9.742987155914306641e-02
9.743371605873107910e-02
9.743750095367431641e-02
9.744131565093994141e-02
9.744518995285034180e-02
9.744897484779357910e-02
9.745281934738159180e-02
9.745669364929199219e-02
9.746062755584716797e-02
9.746441245079040527e-02
9.746828675270080566e-02
9.747216105461120605e-02
9.747606515884399414e-02
9.747993946075439453e-02
9.748375415802001953e-02
9.748771786689758301e-02
9.749168157577514648e-02
9.749552607536315918e-02
9.749948978424072266e-02
9.750339388847351074e-02
9.750729799270629883e-02
9.751126170158386230e-02
9.751519560813903809e-02
9.751915931701660156e-02
9.752309322357177734e-02
9.752708673477172852e-02
9.753102064132690430e-02
9.753504395484924316e-02
9.753900766372680664e-02
9.754300117492675781e-02
9.754699468612670898e-02
9.755095839500427246e-02
9.755501151084899902e-02
9.755900502204895020e-02
9.756302833557128906e-02
9.756705164909362793e-02
9.757110476493835449e-02
9.757509827613830566e-02
9.757921099662780762e-02
9.758323431015014648e-02
9.758731722831726074e-02
9.759134054183959961e-02
9.759542346000671387e-02
9.759947657585144043e-02
9.760358929634094238e-02
9.760770201683044434e-02
9.761178493499755859e-02
