8.212664723396301270e-02
8.214434981346130371e-02
8.216205239295959473e-02
8.217972517013549805e-02
8.219748735427856445e-02
8.221516013145446777e-02
8.223286271095275879e-02
8.225053548812866211e-02
8.226802945137023926e-02
8.228567242622375488e-02
8.230331540107727051e-02
8.232092857360839844e-02
8.233857154846191406e-02
8.235603570938110352e-02
8.237358927726745605e-02
8.239111304283142090e-02
8.240860700607299805e-02
8.242610096931457520e-02
8.244356513023376465e-02
8.246099948883056641e-02
8.247855305671691895e-02
8.249592781066894531e-02
8.251333236694335938e-02
8.253073692321777344e-02
8.254814147949218750e-02
8.256545662879943848e-02
8.258289098739624023e-02
8.260020613670349121e-02
8.261746168136596680e-02
8.263483643531799316e-02
8.265212178230285645e-02
8.266943693161010742e-02
8.268666267395019531e-02
8.270388841629028320e-02
8.272105455398559570e-02
8.273839950561523438e-02
8.275559544563293457e-02
8.277273178100585938e-02
8.278986811637878418e-02
8.280706405639648438e-02
8.282425999641418457e-02
8.284133672714233398e-02
8.285838365554809570e-02
8.287551999092102051e-02
8.289253711700439453e-02
8.290955424308776855e-02
8.292663097381591797e-02
8.294367790222167969e-02
8.296069502830505371e-02
8.297768235206604004e-02
8.299463987350463867e-02
8.301162719726562500e-02
8.302858471870422363e-02
8.304548263549804688e-02
8.306238055229187012e-02
8.307927846908569336e-02
8.309620618820190430e-02
8.311310410499572754e-02
8.312997221946716309e-02
8.314675092697143555e-02
8.316364884376525879e-02
8.318039774894714355e-02
8.319717645645141602e-02
8.321398496627807617e-02
8.323070406913757324e-02
8.324748277664184570e-02
8.326414227485656738e-02
8.328089118003845215e-02
8.329764008522033691e-02
8.331429958343505859e-02
8.333095908164978027e-02
8.334755897521972656e-02
8.336421847343444824e-02
8.338090777397155762e-02
8.339744806289672852e-02
8.341404795646667480e-02
8.343058824539184570e-02
8.344715833663940430e-02
8.346369862556457520e-02
8.348020911216735840e-02
8.349671959877014160e-02
8.351325988769531250e-02
8.352965116500854492e-02
8.354616165161132812e-02
8.356258273124694824e-02
8.357900381088256836e-02
8.359545469284057617e-02
8.361181616783142090e-02
8.362820744514465332e-02
8.364453911781311035e-02
8.366093039512634277e-02
8.367729187011718750e-02
8.369359374046325684e-02
8.370983600616455078e-02
8.372613787651062012e-02
8.374240994453430176e-02
8.375868201255798340e-02
8.377486467361450195e-02
8.379113674163818359e-02
8.380731940269470215e-02
8.382353186607360840e-02
8.383971452713012695e-02
8.385580778121948242e-02
8.387196063995361328e-02
8.388814330101013184e-02
8.390426635742187500e-02
8.392030000686645508e-02
8.393642306327819824e-02
8.395245671272277832e-02
8.396854996681213379e-02
8.398455381393432617e-02
8.400058746337890625e-02
8.401656150817871094e-02
8.403250575065612793e-02
8.404847979545593262e-02
8.406445384025573730e-02
8.408039808273315430e-02
8.409631252288818359e-02
8.411222696304321289e-02
8.412814140319824219e-02
8.414402604103088379e-02
8.415982127189636230e-02
8.417564630508422852e-02
8.419147133827209473e-02
8.420729637145996094e-02
8.422306180000305176e-02
8.423888683319091797e-02
8.425465226173400879e-02
8.427032828330993652e-02
8.428606390953063965e-02
8.430179953575134277e-02
8.431744575500488281e-02
8.433312177658081055e-02
8.434885740280151367e-02
8.436444401741027832e-02
8.438012003898620605e-02
8.439570665359497070e-02
8.441132307052612305e-02
8.442693948745727539e-02
8.444246649742126465e-02
8.445793390274047852e-02
8.447349071502685547e-02
8.448901772499084473e-02
8.450451493263244629e-02
8.452001214027404785e-02
8.453547954559326172e-02
8.455094695091247559e-02
8.456638455390930176e-02
8.458179235458374023e-02
8.459722995758056641e-02
8.461263775825500488e-02
8.462798595428466797e-02
8.464333415031433105e-02
8.465862274169921875e-02
8.467394113540649414e-02
8.468934893608093262e-02
8.470463752746582031e-02
8.471986651420593262e-02
8.473512530326843262e-02
8.475032448768615723e-02
8.476552367210388184e-02
8.478078246116638184e-02
8.479598164558410645e-02
8.481118083000183105e-02
8.482635021209716797e-02
8.484145998954772949e-02
8.485659956932067871e-02
8.487170934677124023e-02
8.488684892654418945e-02
8.490186929702758789e-02
8.491697907447814941e-02
8.493202924728393555e-02
8.494701981544494629e-02
8.496206998825073242e-02
8.497706055641174316e-02
8.499202132225036621e-02
8.500701189041137695e-02
8.502200245857238770e-02
8.503687381744384766e-02
8.505183458328247070e-02
8.506670594215393066e-02
8.508163690567016602e-02
8.509644865989685059e-02
8.511129021644592285e-02
8.512619137763977051e-02
8.514097332954406738e-02
8.515575528144836426e-02
8.517056703567504883e-02
8.518537878990173340e-02
8.520013093948364258e-02
8.521485328674316406e-02
8.522963523864746094e-02
8.524426817893981934e-02
8.525896072387695312e-02
8.527362346649169922e-02
8.528831601142883301e-02
8.530291914939880371e-02
8.531758189201354980e-02
8.533224463462829590e-02
8.534675836563110352e-02
8.536142110824584961e-02
8.537599444389343262e-02
8.539047837257385254e-02
8.540499210357666016e-02
8.541947603225708008e-02
8.543395996093750000e-02
8.544850349426269531e-02
8.546295762062072754e-02
8.547735214233398438e-02
8.549186587333679199e-02
8.550626039505004883e-02
8.552071452140808105e-02
8.553501963615417480e-02
8.554938435554504395e-02
8.556371927261352539e-02
8.557808399200439453e-02
8.559238910675048828e-02
8.560666441917419434e-02
8.562102913856506348e-02
8.563530445098876953e-02
8.564952015876770020e-02
8.566376566886901855e-02
8.567798137664794922e-02
8.569222688674926758e-02
8.570629358291625977e-02
8.572050929069519043e-02
8.573469519615173340e-02
8.574882149696350098e-02
8.576294779777526855e-02
8.577701449394226074e-02
8.579111099243164062e-02
8.580523729324340820e-02
8.581930398941040039e-02
8.583328127861022949e-02
8.584731817245483398e-02
8.586135506629943848e-02
8.587536215782165527e-02
8.588927984237670898e-02
8.590319752693176270e-02
8.591720461845397949e-02
8.593112230300903320e-02
8.594501018524169922e-02
8.595892786979675293e-02
8.597275614738464355e-02
8.598670363426208496e-02
8.600050210952758789e-02
8.601436018943786621e-02
8.602809906005859375e-02
8.604195713996887207e-02
8.605572581291198730e-02
8.606949448585510254e-02
8.608323335647583008e-02
8.609700202941894531e-02
8.611065149307250977e-02
8.612436056137084961e-02
8.613809943199157715e-02
8.615171909332275391e-02
8.616530895233154297e-02
8.617895841598510742e-02
8.619260787963867188e-02
8.620622754096984863e-02
8.621969819068908691e-02
8.623334765434265137e-02
8.624687790870666504e-02
8.626037836074829102e-02
8.627390861511230469e-02
8.628746867179870605e-02
8.630090951919555664e-02
8.631440997123718262e-02
8.632779121398925781e-02
8.634126186370849609e-02
8.635467290878295898e-02
8.636811375617980957e-02
8.638149499893188477e-02
8.639484643936157227e-02
8.640816807746887207e-02
8.642151951789855957e-02
8.643484115600585938e-02
8.644816279411315918e-02
8.646145462989807129e-02
8.647474646568298340e-02
8.648794889450073242e-02
8.650118112564086914e-02
8.651441335678100586e-02
8.652755618095397949e-02
8.654084801673889160e-02
8.655399084091186523e-02
8.656713366508483887e-02
8.658030629158020020e-02
8.659338951110839844e-02
8.660656213760375977e-02
8.661961555480957031e-02
8.663266897201538086e-02
8.664572238922119141e-02
8.665877580642700195e-02
8.667171001434326172e-02
8.668479323387145996e-02
8.669781684875488281e-02
8.671078085899353027e-02
8.672371506690979004e-02
8.673664927482604980e-02
8.674958348274230957e-02
8.676248788833618164e-02
8.677539229393005371e-02
8.678826689720153809e-02
8.680114150047302246e-02
8.681404590606689453e-02
8.682677149772644043e-02
8.683964610099792480e-02
8.685237169265747070e-02
8.686515688896179199e-02
8.687794208526611328e-02
8.689066767692565918e-02
8.690345287322998047e-02
8.691614866256713867e-02
8.692884445190429688e-02
8.694145083427429199e-02
8.695420622825622559e-02
8.696687221527099609e-02
8.697944879531860352e-02
8.699205517768859863e-02
8.700463175773620605e-02
8.701723814010620117e-02
8.702981472015380859e-02
8.704233169555664062e-02
8.705487847328186035e-02
8.706739544868469238e-02
8.707988262176513672e-02
8.709233999252319336e-02
8.710485696792602539e-02
8.711731433868408203e-02
8.712977170944213867e-02
8.714216947555541992e-02
8.715453743934631348e-02
8.716693520545959473e-02
8.717930316925048828e-02
8.719164133071899414e-02
8.720403909683227539e-02
8.721631765365600586e-02
8.722865581512451172e-02
8.724090456962585449e-02
8.725318312644958496e-02
8.726540207862854004e-02
8.727762103080749512e-02
8.728983998298645020e-02
8.730211853981018066e-02
8.731427788734436035e-02
8.732649683952331543e-02
8.733856678009033203e-02
8.735075592994689941e-02
8.736285567283630371e-02
8.737501502037048340e-02
8.738705515861511230e-02
8.739915490150451660e-02
8.741119503974914551e-02
8.742320537567138672e-02
8.743527531623840332e-02
8.744731545448303223e-02
8.745929598808288574e-02
8.747121691703796387e-02
8.748319745063781738e-02
8.749517798423767090e-02
8.750706911087036133e-02
8.751904964447021484e-02
8.753082156181335449e-02
8.754277229309082031e-02
8.755460381507873535e-02
8.756643533706665039e-02
8.757832646369934082e-02
8.759012818336486816e-02
8.760184049606323242e-02
8.761364221572875977e-02
8.762541413307189941e-02
8.763718605041503906e-02
8.764892816543579102e-02
8.766061067581176758e-02
8.767232298851013184e-02
8.768397569656372070e-02
8.769571781158447266e-02
8.770731091499328613e-02
8.771890401840209961e-02
8.773058652877807617e-02
8.774217963218688965e-02
8.775377273559570312e-02
8.776533603668212891e-02
8.777680993080139160e-02
8.778840303421020508e-02
8.779987692832946777e-02
8.781144022941589355e-02
8.782285451889038086e-02
8.783435821533203125e-02
8.784583210945129395e-02
8.785724639892578125e-02
8.786869049072265625e-02
8.788010478019714355e-02
8.789148926734924316e-02
8.790287375450134277e-02
8.791422843933105469e-02
8.792555332183837891e-02
8.793687820434570312e-02
8.794817328453063965e-02
8.795949816703796387e-02
8.797073364257812500e-02
8.798196911811828613e-02
8.799326419830322266e-02
8.800449967384338379e-02
8.801567554473876953e-02
8.802688121795654297e-02
8.803802728652954102e-02
8.804920315742492676e-02
8.806040883064270020e-02
8.807146549224853516e-02
8.808267116546630859e-02
8.809369802474975586e-02
8.810475468635559082e-02
8.811587095260620117e-02
8.812692761421203613e-02
8.813792467117309570e-02
8.814901113510131836e-02
8.815997838973999023e-02
8.817097544670104980e-02
8.818191289901733398e-02
8.819290995597839355e-02
8.820372819900512695e-02
8.821466565132141113e-02
8.822569251060485840e-02
8.823654055595397949e-02
8.824735879898071289e-02
8.825826644897460938e-02
8.826911449432373047e-02
8.827990293502807617e-02
8.829072117805480957e-02
8.830150961875915527e-02
8.831223845481872559e-02
8.832299709320068359e-02
8.833375573158264160e-02
8.834451436996459961e-02
8.835524320602416992e-02
8.836588263511657715e-02
8.837658166885375977e-02
8.838725090026855469e-02
8.839789032936096191e-02
8.840849995613098145e-02
8.841907978057861328e-02
8.842968940734863281e-02
8.844029903411865234e-02
8.845090866088867188e-02
8.846136927604675293e-02
8.847197890281677246e-02
8.848249912261962891e-02
8.849295973777770996e-02
8.850345015525817871e-02
8.851394057273864746e-02
8.852440118789672852e-02
8.853480219841003418e-02
8.854523301124572754e-02
8.855566382408142090e-02
8.856606483459472656e-02
8.857637643814086914e-02
8.858680725097656250e-02
8.859708905220031738e-02
8.860746026039123535e-02
8.861774206161499023e-02
8.862811326980590820e-02
8.863830566406250000e-02
8.864858746528625488e-02
8.865880966186523438e-02
8.866909146308898926e-02
8.867928385734558105e-02
8.868941664695739746e-02
8.869969844818115234e-02
8.870983123779296875e-02
8.871999382972717285e-02
8.873012661933898926e-02
8.874022960662841797e-02
8.875033259391784668e-02
8.876040577888488770e-02
8.877050876617431641e-02
8.878058195114135742e-02
8.879059553146362305e-02
8.880060911178588867e-02
8.881068229675292969e-02
8.882057666778564453e-02
8.883067965507507324e-02
8.884060382843017578e-02
8.885049819946289062e-02
8.886048197746276855e-02
8.887037634849548340e-02
8.888027071952819824e-02
8.889013528823852539e-02
8.890002965927124023e-02
8.890992403030395508e-02
8.891975879669189453e-02
8.892953395843505859e-02
8.893933892250061035e-02
8.894911408424377441e-02
8.895891904830932617e-02
8.896866440773010254e-02
8.897835016250610352e-02
8.898812532424926758e-02
8.899784088134765625e-02
8.900755643844604492e-02
8.901724219322204590e-02
8.902692794799804688e-02
8.903658390045166016e-02
8.904615044593811035e-02
8.905583620071411133e-02
8.906534314155578613e-02
8.907493948936462402e-02
8.908453583717346191e-02
8.909410238265991211e-02
8.910366892814636230e-02
8.911314606666564941e-02
8.912265300750732422e-02
8.913213014602661133e-02
8.914166688919067383e-02
8.915108442306518555e-02
8.916053175926208496e-02
8.916994929313659668e-02
8.917936682701110840e-02
8.918878436088562012e-02
8.919820189476013184e-02
8.920758962631225586e-02
8.921688795089721680e-02
8.922624588012695312e-02
8.923551440238952637e-02
8.924487233161926270e-02
8.925417065620422363e-02
8.926340937614440918e-02
8.927273750305175781e-02
8.928188681602478027e-02
8.929118514060974121e-02
8.930042386054992676e-02
8.930954337120056152e-02
8.931878209114074707e-02
8.932799100875854492e-02
8.933711051940917969e-02
8.934620022773742676e-02
8.935540914535522461e-02
8.936446905136108398e-02
8.937352895736694336e-02
8.938264846801757812e-02
8.939173817634582520e-02
8.940076828002929688e-02
8.940979838371276855e-02
8.941879868507385254e-02
8.942782878875732422e-02
8.943679928779602051e-02
8.944573998451232910e-02
8.945468068122863770e-02
8.946368098258972168e-02
8.947256207466125488e-02
8.948147296905517578e-02
8.949038386344909668e-02
8.949926495552062988e-02
8.950811624526977539e-02
8.951699733734130859e-02
8.952587842941284180e-02
8.953464031219482422e-02
8.954343199729919434e-02
8.955219388008117676e-02
8.956101536750793457e-02
8.956974744796752930e-02
8.957853913307189941e-02
8.958718180656433105e-02
8.959594368934631348e-02
8.960470557212829590e-02
8.961340785026550293e-02
8.962199091911315918e-02
8.963072299957275391e-02
8.963927626609802246e-02
8.964785933494567871e-02
8.965653181076049805e-02
8.966508507728576660e-02
8.967369794845581055e-02
8.968228101730346680e-02
8.969086408615112305e-02
8.969929814338684082e-02
8.970797061920166016e-02
8.971643447875976562e-02
8.972486853599548340e-02
8.973333239555358887e-02
8.974182605743408203e-02
8.975026011466979980e-02
8.975866436958312988e-02
8.976709842681884766e-02
8.977556228637695312e-02
8.978390693664550781e-02
8.979231119155883789e-02
8.980065584182739258e-02
8.980903029441833496e-02
8.981734514236450195e-02
8.982563018798828125e-02
8.983394503593444824e-02
8.984220027923583984e-02
8.985048532485961914e-02
8.985871076583862305e-02
8.986699581146240234e-02
8.987519145011901855e-02
8.988341689109802246e-02
8.989167213439941406e-02
8.989983797073364258e-02
8.990803360939025879e-02
8.991616964340209961e-02
8.992430567741394043e-02
8.993238210678100586e-02
8.994048833847045898e-02
8.994865417480468750e-02
8.995670080184936523e-02
8.996480703353881836e-02
8.997282385826110840e-02
8.998084068298339844e-02
8.998891711235046387e-02
8.999687433242797852e-02
9.000486135482788086e-02
9.001284837722778320e-02
9.002083539962768555e-02
9.002876281738281250e-02
9.003672003746032715e-02
9.004464745521545410e-02
9.005254507064819336e-02
9.006047248840332031e-02
9.006831049919128418e-02
9.007614850997924805e-02
9.008398652076721191e-02
9.009188413619995117e-02
9.009969234466552734e-02
9.010750055313110352e-02
9.011530876159667969e-02
9.012305736541748047e-02
9.013086557388305664e-02
9.013864398002624512e-02
9.014633297920227051e-02
9.015408158302307129e-02
9.016180038452148438e-02
9.016945958137512207e-02
9.017717838287353516e-02
9.018483757972717285e-02
9.019249677658081055e-02
9.020012617111206055e-02
9.020769596099853516e-02
9.021535515785217285e-02
9.022292494773864746e-02
9.023055434226989746e-02
9.023812413215637207e-02
9.024566411972045898e-02
9.025323390960693359e-02
9.026080369949340820e-02
9.026822447776794434e-02
9.027576446533203125e-02
9.028321504592895508e-02
9.029069542884826660e-02
9.029820561408996582e-02
9.030565619468688965e-02
9.031307697296142578e-02
9.032055735588073730e-02
9.032788872718811035e-02
9.033527970314025879e-02
9.034270048141479492e-02
9.034997224807739258e-02
9.035742282867431641e-02
9.036469459533691406e-02
9.037199616432189941e-02
9.037932753562927246e-02
9.038662910461425781e-02
9.039393067359924316e-02
9.040123224258422852e-02
9.040841460227966309e-02
9.041571617126464844e-02
9.042295813560485840e-02
9.043005108833312988e-02
9.043726325035095215e-02
9.044447541236877441e-02
9.045168757438659668e-02
9.045892953872680664e-02
9.046593308448791504e-02
9.047311544418334961e-02
9.048023819923400879e-02
9.048733115196228027e-02
9.049445390701293945e-02
9.050148725509643555e-02
9.050861001014709473e-02
9.051564335823059082e-02
9.052264690399169922e-02
9.052971005439758301e-02
9.053674340248107910e-02
9.054371714591979980e-02
9.055072069168090820e-02
9.055772423744201660e-02
9.056463837623596191e-02
9.057158231735229492e-02
9.057846665382385254e-02
9.058547019958496094e-02
9.059229493141174316e-02
9.059926867485046387e-02
9.060612320899963379e-02
9.061300754547119141e-02
9.061986207962036133e-02
9.062665700912475586e-02
9.063351154327392578e-02
9.064030647277832031e-02
9.064719080924987793e-02
9.065392613410949707e-02
9.066078066825866699e-02
9.066745638847351074e-02
9.067425131797790527e-02
9.068095684051513672e-02
9.068772196769714355e-02
9.069439768791198730e-02
9.070113301277160645e-02
9.070780873298645020e-02
9.071445465087890625e-02
9.072107076644897461e-02
9.072777628898620605e-02
9.073442220687866211e-02
9.074106812477111816e-02
9.074765443801879883e-02
9.075427055358886719e-02
9.076085686683654785e-02
9.076741337776184082e-02
9.077391028404235840e-02
9.078052639961242676e-02
9.078702330589294434e-02
9.079355001449584961e-02
9.080007672309875488e-02
9.080660343170166016e-02
9.081304073333740234e-02
9.081959724426269531e-02
9.082597494125366211e-02
9.083244204521179199e-02
9.083884954452514648e-02
9.084528684616088867e-02
9.085175395011901855e-02
9.085813164710998535e-02
9.086450934410095215e-02
9.087085723876953125e-02
9.087723493576049805e-02
9.088364243507385254e-02
9.088987112045288086e-02
9.089621901512145996e-02
9.090253710746765137e-02
9.090885519981384277e-02
9.091511368751525879e-02
9.092143177986145020e-02
9.092766046524047852e-02
9.093397855758666992e-02
9.094014763832092285e-02
9.094640612602233887e-02
9.095257520675659180e-02
9.095877408981323242e-02
9.096500277519226074e-02
9.097114205360412598e-02
9.097728133201599121e-02
9.098351001739501953e-02
9.098961949348449707e-02
9.099575877189636230e-02
9.100189805030822754e-02
9.100791811943054199e-02
9.101408720016479492e-02
9.102016687393188477e-02
9.102624654769897461e-02
9.103232622146606445e-02
9.103834629058837891e-02
9.104439616203308105e-02
9.105044603347778320e-02
9.105646610260009766e-02
9.106236696243286133e-02
9.106841683387756348e-02
9.107440710067749023e-02
9.108036756515502930e-02
9.108626842498779297e-02
9.109225869178771973e-02
9.109818935394287109e-02
9.110414981842041016e-02
9.111002087593078613e-02
9.111592173576354980e-02
9.112176299095153809e-02
9.112766385078430176e-02
9.113353490829467773e-02
9.113937616348266602e-02
9.114518761634826660e-02
9.115096926689147949e-02
9.115689992904663086e-02
9.116265177726745605e-02
9.116840362548828125e-02
9.117424488067626953e-02
9.118002653121948242e-02
9.118571877479553223e-02
9.119153022766113281e-02
9.119728207588195801e-02
9.120297431945800781e-02
9.120866656303405762e-02
9.121441841125488281e-02
9.122011065483093262e-02
9.122574329376220703e-02
9.123140573501586914e-02
9.123712778091430664e-02
9.124273061752319336e-02
9.124836325645446777e-02
9.125399589538574219e-02
9.125962853431701660e-02
9.126523137092590332e-02
9.127077460289001465e-02
9.127640724182128906e-02
9.128192067146301270e-02
9.128746390342712402e-02
9.129306674003601074e-02
9.129860997200012207e-02
9.130409359931945801e-02
9.130960702896118164e-02
9.131512045860290527e-02
9.132063388824462891e-02
9.132611751556396484e-02
9.133154153823852539e-02
9.133708477020263672e-02
9.134247899055480957e-02
9.134793281555175781e-02
9.135335683822631836e-02
9.135878086090087891e-02
9.136420488357543945e-02
9.136959910392761230e-02
9.137499332427978516e-02
9.138032793998718262e-02
9.138569235801696777e-02
9.139105677604675293e-02
9.139642119407653809e-02
9.140178561210632324e-02
9.140712022781372070e-02
9.141239523887634277e-02
9.141772985458374023e-02
9.142300486564636230e-02
9.142822027206420898e-02
9.143358469009399414e-02
9.143880009651184082e-02
9.144407510757446289e-02
9.144935011863708496e-02
9.145453572273254395e-02
9.145972132682800293e-02
9.146496653556823730e-02
9.147015213966369629e-02
9.147536754608154297e-02
9.148058295249938965e-02
9.148570895195007324e-02
9.149089455604553223e-02
9.149602055549621582e-02
9.150120615959167480e-02
9.150633215904235840e-02
9.151148796081542969e-02
9.151655435562133789e-02
9.152165055274963379e-02
9.152668714523315430e-02
9.153181314468383789e-02
9.153684973716735840e-02
9.154191613197326660e-02
9.154698252677917480e-02
9.155204892158508301e-02
9.155705571174621582e-02
9.156206250190734863e-02
9.156709909439086914e-02
9.157213568687438965e-02
9.157711267471313477e-02
9.158214926719665527e-02
9.158703684806823730e-02
9.159201383590698242e-02
9.159699082374572754e-02
9.160193800926208496e-02
9.160688519477844238e-02
9.161174297332763672e-02
9.161666035652160645e-02
9.162160754203796387e-02
9.162646532058715820e-02
9.163141250610351562e-02
9.163627028465270996e-02
9.164115786552429199e-02
9.164601564407348633e-02
9.165084362030029297e-02
9.165567159652709961e-02
9.166055917739868164e-02
9.166535735130310059e-02
9.167018532752990723e-02
9.167492389678955078e-02
9.167972207069396973e-02
9.168455004692077637e-02
9.168931841850280762e-02
9.169411659240722656e-02
9.169885516166687012e-02
9.170359373092651367e-02
9.170836210250854492e-02
9.171307086944580078e-02
9.171777963638305664e-02
9.172248840332031250e-02
9.172722697257995605e-02
9.173196554183959961e-02
9.173655509948730469e-02
9.174129366874694824e-02
9.174585342407226562e-02
9.175059199333190918e-02
9.175521135330200195e-02
9.175989031791687012e-02
9.176456928253173828e-02
9.176915884017944336e-02
9.177377820014953613e-02
9.177839756011962891e-02
9.178292751312255859e-02
9.178757667541503906e-02
9.179207682609558105e-02
9.179672598838806152e-02
9.180125594139099121e-02
9.180584549903869629e-02
9.181043505668640137e-02
9.181490540504455566e-02
9.181946516036987305e-02
9.182393550872802734e-02
9.182849526405334473e-02
9.183299541473388672e-02
9.183749556541442871e-02
9.184196591377258301e-02
9.184649586677551270e-02
9.185087680816650391e-02
9.185537695884704590e-02
9.185981750488281250e-02
9.186428785324096680e-02
9.186872839927673340e-02
9.187313914299011230e-02
9.187757968902587891e-02
9.188199043273925781e-02
9.188643097877502441e-02
9.189078211784362793e-02
9.189516305923461914e-02
9.189951419830322266e-02
9.190386533737182617e-02
9.190827608108520508e-02
9.191262722015380859e-02
9.191697835922241211e-02
9.192132949829101562e-02
9.192565083503723145e-02
9.192997217178344727e-02
9.193429350852966309e-02
9.193864464759826660e-02
9.194293618202209473e-02
9.194713830947875977e-02
9.195151925086975098e-02
9.195584058761596680e-02
9.196001291275024414e-02
9.196424484252929688e-02
9.196853637695312500e-02
9.197276830673217773e-02
9.197703003883361816e-02
9.198123216629028320e-02
9.198546409606933594e-02
9.198969602584838867e-02
9.199389815330505371e-02
9.199813008308410645e-02
9.200230240821838379e-02
9.200653433799743652e-02
9.201073646545410156e-02
9.201487898826599121e-02
9.201899170875549316e-02
9.202319383621215820e-02
9.202733635902404785e-02
9.203144907951354980e-02
9.203559160232543945e-02
9.203970432281494141e-02
9.204381704330444336e-02
9.204795956611633301e-02
9.205210208892822266e-02
9.205615520477294922e-02
9.206023812294006348e-02
9.206429123878479004e-02
9.206843376159667969e-02
9.207245707511901855e-02
9.207653999328613281e-02
9.208059310913085938e-02
9.208458662033081055e-02
9.208869934082031250e-02
9.209275245666503906e-02
9.209671616554260254e-02
9.210073947906494141e-02
9.210476279258728027e-02
9.210875630378723145e-02
9.211277961730957031e-02
9.211674332618713379e-02
9.212079644203186035e-02
9.212470054626464844e-02
9.212872385978698730e-02
9.213268756866455078e-02
9.213656187057495117e-02
9.214058518409729004e-02
9.214445948600769043e-02
9.214845299720764160e-02
9.215238690376281738e-02
9.215629100799560547e-02
9.216022491455078125e-02
9.216409921646118164e-02
9.216800332069396973e-02
9.217193722724914551e-02
9.217578172683715820e-02
9.217968583106994629e-02
9.218356013298034668e-02
9.218743443489074707e-02
9.219133853912353516e-02
9.219521284103393555e-02
9.219899773597717285e-02
9.220284223556518555e-02
9.220671653747558594e-02
9.221056103706359863e-02
9.221434593200683594e-02
9.221816062927246094e-02
9.222194552421569824e-02
9.222573041915893555e-02
9.222960472106933594e-02
9.223341941833496094e-02
9.223720431327819824e-02
9.224101901054382324e-02
9.224474430084228516e-02
9.224852919578552246e-02
9.225231409072875977e-02
9.225603938102722168e-02
9.225985407829284668e-02
9.226354956626892090e-02
9.226727485656738281e-02
9.227102994918823242e-02
9.227478504180908203e-02
9.227851033210754395e-02
9.228220582008361816e-02
9.228593111038208008e-02
9.228956699371337891e-02
9.229329228401184082e-02
9.229698777198791504e-02
9.230071306228637695e-02
9.230437874794006348e-02
9.230801463127136230e-02
9.231171011924743652e-02
9.231540560722351074e-02
9.231901168823242188e-02
9.232267737388610840e-02
9.232631325721740723e-02
9.232991933822631836e-02
9.233355522155761719e-02
9.233722090721130371e-02
9.234082698822021484e-02
9.234446287155151367e-02
9.234809875488281250e-02
9.235170483589172363e-02
9.235528111457824707e-02
9.235891699790954590e-02
9.236249327659606934e-02
9.236606955528259277e-02
9.236961603164672852e-02
9.237319231033325195e-02
9.237679839134216309e-02
9.238031506538391113e-02
9.238392114639282227e-02
9.238746762275695801e-02
9.239104390144348145e-02
9.239456057548522949e-02
9.239801764488220215e-02
9.240159392356872559e-02
9.240514039993286133e-02
9.240868687629699707e-02
9.241223335266113281e-02
9.241566061973571777e-02
9.241920709609985352e-02
9.242269396781921387e-02
9.242621064186096191e-02
9.242972731590270996e-02
9.243318438529968262e-02
9.243664145469665527e-02
9.244009852409362793e-02
9.244358539581298828e-02
9.244704246520996094e-02
9.245049953460693359e-02
9.245395660400390625e-02
9.245744347572326660e-02
9.246090054512023926e-02
9.246432781219482422e-02
9.246778488159179688e-02
9.247115254402160645e-02
9.247460961341857910e-02
9.247806668281555176e-02
9.248149394989013672e-02
9.248489141464233398e-02
9.248822927474975586e-02
9.249165654182434082e-02
9.249505400657653809e-02
9.249845147132873535e-02
9.250190854072570801e-02
9.250524640083312988e-02
9.250861406326293945e-02
9.251201152801513672e-02
9.251537919044494629e-02
9.251877665519714355e-02
9.252208471298217773e-02
9.252554178237915039e-02
9.252882003784179688e-02
9.253212809562683105e-02
9.253549575805664062e-02
9.253886342048645020e-02
9.254220128059387207e-02
9.254550933837890625e-02
9.254887700080871582e-02
9.255215525627136230e-02
9.255552291870117188e-02
9.255880117416381836e-02
9.256210923194885254e-02
9.256544709205627441e-02
9.256875514984130859e-02
9.257200360298156738e-02
9.257537126541137695e-02
9.257861971855163574e-02
9.258186817169189453e-02
9.258520603179931641e-02
9.258845448493957520e-02
9.259167313575744629e-02
9.259498119354248047e-02
9.259825944900512695e-02
9.260147809982299805e-02
9.260472655296325684e-02
9.260803461074829102e-02
9.261125326156616211e-02
9.261450171470642090e-02
9.261775016784667969e-02
9.262099862098693848e-02
9.262418746948242188e-02
9.262743592262268066e-02
9.263062477111816406e-02
9.263384342193603516e-02
9.263709187507629395e-02
9.264028072357177734e-02
9.264352917671203613e-02
9.264671802520751953e-02
9.264993667602539062e-02
9.265315532684326172e-02
9.265631437301635742e-02
9.265950322151184082e-02
9.266272187232971191e-02
9.266582131385803223e-02
9.266906976699829102e-02
9.267219901084899902e-02
9.267541766166687012e-02
9.267857670783996582e-02
9.268176555633544922e-02
9.268489480018615723e-02
9.268805384635925293e-02
9.269124269485473633e-02
9.269437193870544434e-02
9.269753098487854004e-02
9.270066022872924805e-02
9.270375967025756836e-02
9.270694851875305176e-02
9.271007776260375977e-02
9.271323680877685547e-02
9.271630644798278809e-02
9.271940588951110840e-02
9.272256493568420410e-02
9.272569417953491211e-02
9.272876381874084473e-02
9.273192286491394043e-02
9.273499250411987305e-02
9.273812174797058105e-02
9.274116158485412598e-02
9.274429082870483398e-02
9.274739027023315430e-02
9.275045990943908691e-02
9.275361895561218262e-02
9.275668859481811523e-02
9.275972843170166016e-02
9.276285767555236816e-02
9.276586771011352539e-02
9.276893734931945801e-02
9.277200698852539062e-02
9.277510643005371094e-02
9.277811646461486816e-02
9.278124570846557617e-02
9.278425574302673340e-02
9.278735518455505371e-02
9.279033541679382324e-02
9.279343485832214355e-02
9.279647469520568848e-02
9.279948472976684570e-02
9.280252456665039062e-02
9.280553460121154785e-02
9.280860424041748047e-02
9.281167387962341309e-02
9.281465411186218262e-02
9.281769394874572754e-02
9.282067418098449707e-02
9.282380342483520508e-02
9.282678365707397461e-02
9.282976388931274414e-02
9.283277392387390137e-02
9.283575415611267090e-02
9.283876419067382812e-02
9.284177422523498535e-02
9.284478425979614258e-02
9.284779429435729980e-02
9.285071492195129395e-02
9.285372495651245117e-02
9.285673499107360840e-02
9.285968542098999023e-02
9.286269545555114746e-02
9.286567568778991699e-02
9.286865592002868652e-02
9.287157654762268066e-02
9.287461638450622559e-02
9.287756681442260742e-02
9.288057684898376465e-02
9.288352727890014648e-02
9.288644790649414062e-02
9.288945794105529785e-02
9.289234876632690430e-02
9.289532899856567383e-02
9.289830923080444336e-02
9.290125966072082520e-02
9.290423989295959473e-02
9.290719032287597656e-02
9.291005134582519531e-02
9.291303157806396484e-02
9.291598200798034668e-02
9.291890263557434082e-02
9.292185306549072266e-02
9.292477369308471680e-02
9.292772412300109863e-02
9.293058514595031738e-02
9.293353557586669922e-02
9.293645620346069336e-02
9.293937683105468750e-02
9.294235706329345703e-02
9.294524788856506348e-02
9.294810891151428223e-02
9.295099973678588867e-02
9.295392036437988281e-02
9.295684099197387695e-02
9.295976161956787109e-02
9.296268224716186523e-02
9.296560287475585938e-02
9.296846389770507812e-02
9.297138452529907227e-02
9.297427535057067871e-02
9.297713637351989746e-02
9.298002719879150391e-02
9.298291802406311035e-02
9.298580884933471680e-02
9.298866987228393555e-02
9.299159049987792969e-02
9.299448132514953613e-02
9.299728274345397949e-02
9.300023317337036133e-02
9.300303459167480469e-02
9.300595521926879883e-02
9.300884604454040527e-02
9.301170706748962402e-02
9.301453828811645508e-02
9.301742911338806152e-02
9.302031993865966797e-02
9.302315115928649902e-02
9.302601218223571777e-02
9.302887320518493652e-02
9.303170442581176758e-02
9.303459525108337402e-02
9.303745627403259277e-02
9.304025769233703613e-02
9.304311871528625488e-02
9.304597973823547363e-02
9.304875135421752930e-02
9.305164217948913574e-02
9.305450320243835449e-02
9.305730462074279785e-02
9.306019544601440430e-02
9.306299686431884766e-02
9.306582808494567871e-02
9.306865930557250977e-02
9.307146072387695312e-02
9.307432174682617188e-02
9.307718276977539062e-02
9.307998418807983398e-02
9.308281540870666504e-02
9.308558702468872070e-02
9.308844804763793945e-02
9.309121966361999512e-02
9.309408068656921387e-02
9.309691190719604492e-02
9.309974312782287598e-02
9.310254454612731934e-02
9.310537576675415039e-02
9.310811758041381836e-02
9.311097860336303711e-02
9.311375021934509277e-02
9.311655163764953613e-02
9.311935305595397949e-02
9.312218427658081055e-02
9.312498569488525391e-02
9.312775731086730957e-02
9.313055872917175293e-02
9.313333034515380859e-02
9.313613176345825195e-02
9.313893318176269531e-02
9.314176440238952637e-02
9.314456582069396973e-02
9.314733743667602539e-02
9.315010905265808105e-02
9.315291047096252441e-02
9.315565228462219238e-02
9.315845370292663574e-02
9.316128492355346680e-02
9.316402673721313477e-02
9.316679835319519043e-02
9.316962957382202148e-02
9.317243099212646484e-02
9.317517280578613281e-02
9.317794442176818848e-02
9.318068623542785645e-02
9.318345785140991211e-02
9.318625926971435547e-02
9.318900108337402344e-02
9.319174289703369141e-02
9.319457411766052246e-02
9.319731593132019043e-02
9.320002794265747070e-02
9.320282936096191406e-02
9.320560097694396973e-02
9.320834279060363770e-02
9.321111440658569336e-02
9.321391582489013672e-02
9.321662783622741699e-02
9.321936964988708496e-02
9.322220087051391602e-02
9.322491288185119629e-02
9.322765469551086426e-02
9.323039650917053223e-02
9.323319792747497559e-02
9.323590993881225586e-02
9.323862195014953613e-02
9.324139356613159180e-02
9.324419498443603516e-02
9.324687719345092773e-02
9.324964880943298340e-02
9.325236082077026367e-02
9.325516223907470703e-02
9.325784444808959961e-02
9.326061606407165527e-02
9.326338768005371094e-02
9.326612949371337891e-02
9.326884150505065918e-02
9.327158331871032715e-02
9.327429533004760742e-02
9.327703714370727539e-02
9.327974915504455566e-02
9.328249096870422363e-02
9.328523278236389160e-02
9.328797459602355957e-02
9.329071640968322754e-02
9.329342842102050781e-02
9.329617023468017578e-02
9.329888224601745605e-02
9.330159425735473633e-02
9.330439567565917969e-02
9.330707788467407227e-02
9.330978989601135254e-02
9.331253170967102051e-02
9.331521391868591309e-02
9.331795573234558105e-02
9.332069754600524902e-02
9.332337975502014160e-02
9.332609176635742188e-02
9.332880377769470215e-02
9.333154559135437012e-02
9.333431720733642578e-02
9.333699941635131836e-02
9.333974123001098633e-02
9.334242343902587891e-02
9.334513545036315918e-02
9.334784746170043945e-02
9.335055947303771973e-02
9.335327148437500000e-02
9.335595369338989258e-02
9.335869550704956055e-02
9.336140751838684082e-02
9.336408972740173340e-02
9.336680173873901367e-02
9.336954355239868164e-02
9.337222576141357422e-02
9.337490797042846680e-02
9.337759017944335938e-02
9.338033199310302734e-02
9.338304400444030762e-02
9.338572621345520020e-02
9.338840842247009277e-02
9.339112043380737305e-02
9.339380264282226562e-02
9.339651465415954590e-02
9.339922666549682617e-02
9.340193867683410645e-02
9.340465068817138672e-02
9.340733289718627930e-02
9.341001510620117188e-02
9.341272711753845215e-02
9.341537952423095703e-02
9.341812133789062500e-02
9.342077374458312988e-02
9.342348575592041016e-02
9.342619776725769043e-02
9.342887997627258301e-02
9.343159198760986328e-02
9.343424439430236816e-02
9.343695640563964844e-02
9.343960881233215332e-02
9.344226121902465820e-02
9.344497323036193848e-02
9.344777464866638184e-02
9.345039725303649902e-02
9.345304965972900391e-02
9.345576167106628418e-02
9.345844388008117676e-02
9.346106648445129395e-02
9.346374869346618652e-02
9.346643090248107910e-02
9.346917271614074707e-02
9.347182512283325195e-02
9.347456693649291992e-02
9.347721934318542480e-02
9.347984194755554199e-02
9.348252415657043457e-02
9.348526597023010254e-02
9.348791837692260742e-02
9.349063038825988770e-02
9.349328279495239258e-02
9.349596500396728516e-02
9.349864721298217773e-02
9.350132942199707031e-02
9.350398182868957520e-02
9.350663423538208008e-02
9.350937604904174805e-02
9.351199865341186523e-02
9.351468086242675781e-02
9.351733326911926270e-02
9.352001547813415527e-02
9.352269768714904785e-02
9.352535009384155273e-02
9.352806210517883301e-02
9.353071451187133789e-02
9.353339672088623047e-02
9.353604912757873535e-02
9.353876113891601562e-02
9.354141354560852051e-02
9.354406595230102539e-02
9.354671835899353027e-02
9.354940056800842285e-02
9.355208277702331543e-02
9.355470538139343262e-02
9.355738759040832520e-02
9.356006979942321777e-02
9.356275200843811035e-02
9.356540441513061523e-02
9.356805682182312012e-02
9.357070922851562500e-02
9.357339143753051758e-02
9.357604384422302246e-02
9.357869625091552734e-02
9.358140826225280762e-02
9.358400106430053711e-02
9.358671307563781738e-02
9.358936548233032227e-02
9.359201788902282715e-02
9.359470009803771973e-02
9.359735250473022461e-02
9.360003471374511719e-02
9.360265731811523438e-02
9.360533952713012695e-02
9.360799193382263184e-02
9.361064434051513672e-02
9.361329674720764160e-02
9.361600875854492188e-02
9.361866116523742676e-02
9.362125396728515625e-02
9.362387657165527344e-02
9.362655878067016602e-02
9.362924098968505859e-02
9.363192319869995117e-02
9.363454580307006836e-02
9.363722801208496094e-02
9.363988041877746582e-02
9.364253282546997070e-02
9.364512562751770020e-02
9.364783763885498047e-02
9.365046024322509766e-02
9.365314245223999023e-02
9.365582466125488281e-02
9.365838766098022461e-02
9.366106986999511719e-02
9.366372227668762207e-02
9.366640448570251465e-02
9.366902709007263184e-02
9.367170929908752441e-02
9.367433190345764160e-02
9.367701411247253418e-02
9.367963671684265137e-02
9.368234872817993164e-02
9.368491172790527344e-02
9.368759393692016602e-02
9.369024634361267090e-02
9.369289875030517578e-02
9.369549155235290527e-02
9.369814395904541016e-02
9.370082616806030273e-02
9.370347857475280762e-02
9.370613098144531250e-02
9.370875358581542969e-02
9.371137619018554688e-02
9.371405839920043945e-02
9.371671080589294434e-02
9.371939301490783691e-02
9.372201561927795410e-02
9.372460842132568359e-02
9.372732043266296387e-02
9.372991323471069336e-02
9.373256564140319824e-02
9.373521804809570312e-02
9.373787045478820801e-02
9.374052286148071289e-02
9.374314546585083008e-02
9.374579787254333496e-02
9.374839067459106445e-02
9.375107288360595703e-02
9.375369548797607422e-02
9.375634789466857910e-02
9.375900030136108398e-02
9.376159310340881348e-02
9.376430511474609375e-02
9.376686811447143555e-02
9.376955032348632812e-02
9.377217292785644531e-02
9.377482533454895020e-02
9.377744793891906738e-02
9.378010034561157227e-02
9.378272294998168945e-02
9.378534555435180664e-02
9.378796815872192383e-02
9.379059076309204102e-02
9.379327297210693359e-02
9.379592537879943848e-02
9.379854798316955566e-02
9.380120038986206055e-02
9.380382299423217773e-02
9.380641579627990723e-02
9.380909800529479980e-02
9.381172060966491699e-02
9.381434321403503418e-02
9.381699562072753906e-02
9.381961822509765625e-02
9.382224082946777344e-02
9.382489323616027832e-02
9.382754564285278320e-02
9.383016824722290039e-02
9.383282065391540527e-02
9.383544325828552246e-02
9.383800625801086426e-02
9.384065866470336914e-02
9.384328126907348633e-02
9.384596347808837891e-02
9.384855628013610840e-02
9.385120868682861328e-02
9.385380148887634277e-02
9.385642409324645996e-02
9.385910630226135254e-02
9.386172890663146973e-02
9.386432170867919922e-02
9.386697411537170410e-02
9.386962652206420898e-02
9.387221932411193848e-02
9.387487173080444336e-02
9.387752413749694824e-02
9.388011693954467773e-02
9.388270974159240723e-02
9.388539195060729980e-02
9.388798475265502930e-02
9.389057755470275879e-02
9.389322996139526367e-02
9.389588236808776855e-02
9.389853477478027344e-02
9.390109777450561523e-02
9.390375018119812012e-02
9.390637278556823730e-02
9.390893578529357910e-02
9.391161799430847168e-02
9.391418099403381348e-02
9.391683340072631836e-02
9.391948580741882324e-02
9.392207860946655273e-02
9.392470121383666992e-02
9.392729401588439941e-02
9.392988681793212891e-02
9.393256902694702148e-02
9.393519163131713867e-02
9.393781423568725586e-02
9.394043684005737305e-02
9.394305944442749023e-02
9.394568204879760742e-02
9.394824504852294922e-02
9.395089745521545410e-02
9.395352005958557129e-02
9.395617246627807617e-02
9.395876526832580566e-02
9.396141767501831055e-02
9.396401047706604004e-02
9.396660327911376953e-02
9.396922588348388672e-02
9.397178888320922852e-02
9.397447109222412109e-02
9.397709369659423828e-02
9.397971630096435547e-02
9.398230910301208496e-02
9.398490190505981445e-02
9.398752450942993164e-02
9.399014711380004883e-02
9.399273991584777832e-02
9.399539232254028320e-02
9.399798512458801270e-02
9.400060772895812988e-02
9.400317072868347168e-02
9.400579333305358887e-02
9.400841593742370605e-02
9.401106834411621094e-02
9.401366114616394043e-02
9.401625394821166992e-02
9.401884675025939941e-02
9.402143955230712891e-02
9.402406215667724609e-02
9.402665495872497559e-02
9.402933716773986816e-02
9.403187036514282227e-02
9.403455257415771484e-02
9.403714537620544434e-02
9.403973817825317383e-02
9.404227137565612793e-02
9.404498338699340820e-02
9.404748678207397461e-02
9.405007958412170410e-02
9.405270218849182129e-02
9.405532479286193848e-02
9.405794739723205566e-02
9.406054019927978516e-02
9.406313300132751465e-02
9.406575560569763184e-02
9.406831860542297363e-02
9.407097101211547852e-02
9.407353401184082031e-02
9.407615661621093750e-02
9.407874941825866699e-02
9.408134222030639648e-02
9.408399462699890137e-02
9.408655762672424316e-02
9.408921003341674805e-02
9.409177303314208984e-02
9.409433603286743164e-02
9.409692883491516113e-02
9.409955143928527832e-02
9.410211443901062012e-02
9.410476684570312500e-02
9.410735964775085449e-02
9.410992264747619629e-02
9.411257505416870117e-02
9.411507844924926758e-02
9.411767125129699707e-02
9.412029385566711426e-02
9.412294626235961914e-02
9.412550926208496094e-02
9.412804245948791504e-02
9.413066506385803223e-02
9.413328766822814941e-02
9.413588047027587891e-02
9.413844347000122070e-02
9.414103627204895020e-02
9.414365887641906738e-02
9.414622187614440918e-02
9.414878487586975098e-02
9.415137767791748047e-02
9.415397047996520996e-02
9.415659308433532715e-02
9.415918588638305664e-02
9.416174888610839844e-02
9.416437149047851562e-02
9.416693449020385742e-02
9.416949748992919922e-02
9.417212009429931641e-02
9.417471289634704590e-02
9.417727589607238770e-02
9.417986869812011719e-02
9.418249130249023438e-02
9.418502449989318848e-02
9.418758749961853027e-02
9.419021010398864746e-02
9.419274330139160156e-02
9.419536590576171875e-02
9.419789910316467285e-02
9.420049190521240234e-02
9.420308470726013184e-02
9.420564770698547363e-02
9.420824050903320312e-02
9.421080350875854492e-02
9.421339631080627441e-02
9.421598911285400391e-02
9.421855211257934570e-02
9.422111511230468750e-02
9.422367811203002930e-02
9.422630071640014648e-02
9.422886371612548828e-02
9.423148632049560547e-02
9.423398971557617188e-02
9.423658251762390137e-02
9.423911571502685547e-02
9.424173831939697266e-02
9.424424171447753906e-02
9.424689412117004395e-02
9.424936771392822266e-02
9.425199031829833984e-02
9.425458312034606934e-02
9.425708651542663574e-02
9.425970911979675293e-02
9.426224231719970703e-02
9.426480531692504883e-02
9.426739811897277832e-02
9.426993131637573242e-02
9.427249431610107422e-02
9.427511692047119141e-02
9.427767992019653320e-02
9.428021311759948730e-02
9.428280591964721680e-02
9.428533911705017090e-02
9.428793191909790039e-02
9.429046511650085449e-02
9.429305791854858398e-02
9.429559111595153809e-02
9.429818391799926758e-02
9.430071711540222168e-02
9.430328011512756348e-02
9.430578351020812988e-02
9.430831670761108398e-02
9.431090950965881348e-02
9.431347250938415527e-02
9.431606531143188477e-02
9.431859850883483887e-02
9.432119131088256836e-02
9.432369470596313477e-02
9.432628750801086426e-02
9.432885050773620605e-02
9.433141350746154785e-02
9.433394670486450195e-02
9.433647990226745605e-02
9.433898329734802246e-02
9.434160590171813965e-02
9.434413909912109375e-02
9.434670209884643555e-02
9.434923529624938965e-02
9.435176849365234375e-02
9.435430169105529785e-02
9.435686469078063965e-02
9.435939788818359375e-02
9.436199069023132324e-02
9.436452388763427734e-02
9.436705708503723145e-02
9.436962008476257324e-02
9.437215328216552734e-02
9.437465667724609375e-02
9.437721967697143555e-02
9.437975287437438965e-02
9.438228607177734375e-02
9.438487887382507324e-02
9.438738226890563965e-02
9.438997507095336914e-02
9.439247846603393555e-02
9.439495205879211426e-02
9.439748525619506836e-02
9.440004825592041016e-02
9.440255165100097656e-02
9.440514445304870605e-02
9.440767765045166016e-02
9.441021084785461426e-02
9.441274404525756836e-02
9.441524744033813477e-02
9.441778063774108887e-02
9.442034363746643066e-02
9.442287683486938477e-02
9.442543983459472656e-02
9.442794322967529297e-02
9.443041682243347168e-02
9.443303942680358887e-02
9.443548321723937988e-02
9.443801641464233398e-02
9.444057941436767578e-02
9.444308280944824219e-02
9.444561600685119629e-02
9.444808959960937500e-02
9.445059299468994141e-02
9.445321559906005859e-02
9.445574879646301270e-02
9.445825219154357910e-02
9.446072578430175781e-02
9.446325898170471191e-02
9.446579217910766602e-02
9.446829557418823242e-02
9.447076916694641113e-02
9.447330236434936523e-02
9.447583556175231934e-02
9.447839856147766113e-02
9.448087215423583984e-02
9.448337554931640625e-02
9.448593854904174805e-02
9.448844194412231445e-02
9.449091553688049316e-02
9.449344873428344727e-02
9.449595212936401367e-02
9.449845552444458008e-02
9.450092911720275879e-02
9.450349211692810059e-02
9.450593590736389160e-02
9.450846910476684570e-02
9.451100230216979980e-02
9.451353549957275391e-02
9.451600909233093262e-02
9.451848268508911133e-02
9.452104568481445312e-02
9.452351927757263184e-02
9.452602267265319824e-02
9.452855587005615234e-02
9.453102946281433105e-02
9.453353285789489746e-02
9.453600645065307617e-02
9.453853964805603027e-02
9.454104304313659668e-02
9.454354643821716309e-02
9.454599022865295410e-02
9.454858303070068359e-02
9.455099701881408691e-02
9.455350041389465332e-02
9.455600380897521973e-02
9.455847740173339844e-02
9.456095099449157715e-02
9.456348419189453125e-02
9.456598758697509766e-02
9.456846117973327637e-02
9.457096457481384277e-02
9.457346796989440918e-02
9.457594156265258789e-02
9.457838535308837891e-02
9.458085894584655762e-02
9.458342194557189941e-02
9.458586573600769043e-02
9.458830952644348145e-02
9.459078311920166016e-02
9.459334611892700195e-02
9.459581971168518066e-02
9.459826350212097168e-02
9.460076689720153809e-02
9.460321068763732910e-02
9.460571408271789551e-02
9.460824728012084961e-02
9.461066126823425293e-02
9.461313486099243164e-02
9.461563825607299805e-02
9.461808204650878906e-02
9.462052583694458008e-02
9.462308883666992188e-02
9.462556242942810059e-02
9.462794661521911621e-02
9.463050961494445801e-02
9.463292360305786133e-02
9.463536739349365234e-02
9.463787078857421875e-02
9.464031457901000977e-02
9.464275836944580078e-02
9.464526176452636719e-02
9.464773535728454590e-02
9.465017914772033691e-02
9.465265274047851562e-02
9.465512633323669434e-02
9.465754032135009766e-02
9.465998411178588867e-02
9.466248750686645508e-02
9.466493129730224609e-02
9.466740489006042480e-02
9.466990828514099121e-02
9.467232227325439453e-02
9.467482566833496094e-02
9.467720985412597656e-02
9.467971324920654297e-02
9.468215703964233398e-02
9.468460083007812500e-02
9.468710422515869141e-02
9.468948841094970703e-02
9.469193220138549805e-02
9.469440579414367676e-02
9.469687938690185547e-02
9.469932317733764648e-02
9.470176696777343750e-02
9.470421075820922852e-02
9.470662474632263184e-02
9.470912814140319824e-02
9.471157193183898926e-02
9.471401572227478027e-02
9.471642971038818359e-02
9.471884369850158691e-02
9.472131729125976562e-02
9.472379088401794434e-02
9.472620487213134766e-02
9.472861886024475098e-02
9.473106265068054199e-02
9.473350644111633301e-02
9.473595023155212402e-02
9.473839402198791504e-02
9.474083781242370605e-02
9.474328160285949707e-02
9.474572539329528809e-02
9.474816918373107910e-02
9.475055336952209473e-02
9.475293755531311035e-02
9.475541114807128906e-02
9.475788474082946777e-02
9.476032853126525879e-02
9.476271271705627441e-02
9.476506710052490234e-02
9.476754069328308105e-02
9.477001428604125977e-02
9.477242827415466309e-02
9.477487206459045410e-02
9.477731585502624512e-02
9.477970004081726074e-02
9.478211402893066406e-02
9.478449821472167969e-02
9.478688240051269531e-02
9.478932619094848633e-02
9.479179978370666504e-02
9.479424357414245605e-02
9.479662775993347168e-02
9.479904174804687500e-02
9.480148553848266602e-02
9.480383992195129395e-02
9.480631351470947266e-02
9.480869770050048828e-02
9.481111168861389160e-02
9.481352567672729492e-02
9.481590986251831055e-02
9.481832385063171387e-02
9.482070803642272949e-02
9.482318162918090820e-02
9.482562541961669922e-02
9.482800960540771484e-02
9.483039379119873047e-02
9.483277797698974609e-02
9.483519196510314941e-02
9.483757615089416504e-02
9.483999013900756836e-02
9.484240412712097168e-02
9.484484791755676270e-02
9.484726190567016602e-02
9.484961628913879395e-02
9.485200047492980957e-02
9.485444426536560059e-02
9.485682845115661621e-02
9.485918283462524414e-02
9.486156702041625977e-02
9.486398100852966309e-02
9.486636519432067871e-02
9.486874938011169434e-02
9.487119317054748535e-02
9.487354755401611328e-02
9.487593173980712891e-02
9.487834572792053223e-02
9.488075971603393555e-02
9.488311409950256348e-02
9.488549828529357910e-02
9.488788247108459473e-02
9.489026665687561035e-02
9.489268064498901367e-02
9.489506483078002930e-02
9.489744901657104492e-02
9.489980340003967285e-02
9.490221738815307617e-02
9.490457177162170410e-02
9.490698575973510742e-02
9.490931034088134766e-02
9.491172432899475098e-02
9.491410851478576660e-02
9.491649270057678223e-02
9.491884708404541016e-02
9.492120146751403809e-02
9.492358565330505371e-02
9.492596983909606934e-02
9.492838382720947266e-02
9.493073821067810059e-02
9.493309259414672852e-02
9.493550658226013184e-02
9.493786096572875977e-02
9.494027495384216309e-02
9.494256973266601562e-02
9.494495391845703125e-02
9.494733810424804688e-02
9.494969248771667480e-02
9.495201706886291504e-02
9.495440125465393066e-02
9.495675563812255859e-02
9.495919942855834961e-02
9.496152400970458984e-02
9.496384859085083008e-02
9.496626257896423340e-02
9.496858716011047363e-02
9.497091174125671387e-02
9.497329592704772949e-02
9.497570991516113281e-02
9.497800469398498535e-02
9.498038887977600098e-02
9.498274326324462891e-02
9.498506784439086914e-02
9.498745203018188477e-02
9.498983621597290039e-02
9.499216079711914062e-02
9.499451518058776855e-02
9.499686956405639648e-02
9.499922394752502441e-02
9.500157833099365234e-02
9.500393271446228027e-02
9.500625729560852051e-02
9.500864148139953613e-02
9.501096606254577637e-02
9.501335024833679199e-02
9.501570463180541992e-02
9.501805901527404785e-02
9.502032399177551270e-02
9.502270817756652832e-02
9.502500295639038086e-02
9.502738714218139648e-02
9.502971172332763672e-02
9.503209590911865234e-02
9.503442049026489258e-02
9.503677487373352051e-02
9.503909945487976074e-02
9.504145383834838867e-02
9.504374861717224121e-02
9.504610300064086914e-02
9.504842758178710938e-02
9.505078196525573730e-02
9.505313634872436523e-02
9.505543112754821777e-02
9.505772590637207031e-02
9.506011009216308594e-02
9.506249427795410156e-02
9.506475925445556641e-02
9.506714344024658203e-02
9.506943821907043457e-02
9.507176280021667480e-02
9.507411718368530273e-02
9.507641196250915527e-02
9.507876634597778320e-02
9.508103132247924805e-02
9.508341550827026367e-02
9.508574008941650391e-02
9.508806467056274414e-02
9.509041905403137207e-02
9.509271383285522461e-02
9.509503841400146484e-02
9.509733319282531738e-02
9.509962797164916992e-02
9.510201215744018555e-02
9.510433673858642578e-02
9.510666131973266602e-02
9.510892629623413086e-02
9.511125087738037109e-02
9.511357545852661133e-02
9.511592984199523926e-02
9.511825442314147949e-02
9.512051939964294434e-02
9.512287378311157227e-02
9.512516856193542480e-02
9.512749314308166504e-02
9.512978792190551758e-02
9.513214230537414551e-02
9.513440728187561035e-02
9.513676166534423828e-02
9.513902664184570312e-02
9.514138102531433105e-02
9.514370560646057129e-02
9.514600038528442383e-02
9.514826536178588867e-02
9.515058994293212891e-02
9.515288472175598145e-02
9.515520930290222168e-02
9.515750408172607422e-02
9.515988826751708984e-02
9.516209363937377930e-02
9.516444802284240723e-02
9.516674280166625977e-02
9.516903758049011230e-02
9.517133235931396484e-02
9.517365694046020508e-02
9.517595171928405762e-02
9.517824649810791016e-02
9.518051147460937500e-02
9.518286585807800293e-02
9.518513083457946777e-02
9.518742561340332031e-02
9.518975019454956055e-02
9.519207477569580078e-02
9.519436955451965332e-02
9.519660472869873047e-02
9.519889950752258301e-02
9.520119428634643555e-02
9.520351886749267578e-02
9.520584344863891602e-02
9.520813822746276855e-02
9.521043300628662109e-02
9.521269798278808594e-02
9.521499276161193848e-02
9.521728754043579102e-02
9.521958231925964355e-02
9.522187709808349609e-02
9.522417187690734863e-02
9.522649645805358887e-02
9.522873163223266602e-02
9.523105621337890625e-02
9.523335099220275879e-02
9.523567557334899902e-02
9.523788094520568848e-02
9.524017572402954102e-02
9.524247050285339355e-02
9.524476528167724609e-02
9.524708986282348633e-02
9.524935483932495117e-02
9.525167942047119141e-02
9.525394439697265625e-02
9.525617957115173340e-02
9.525850415229797363e-02
9.526079893112182617e-02
9.526306390762329102e-02
9.526535868644714355e-02
9.526765346527099609e-02
9.526991844177246094e-02
9.527221322059631348e-02
9.527444839477539062e-02
9.527674317359924316e-02
9.527900815010070801e-02
9.528130292892456055e-02
9.528362751007080078e-02
9.528592228889465332e-02
9.528815746307373047e-02
9.529045224189758301e-02
9.529271721839904785e-02
9.529495239257812500e-02
9.529724717140197754e-02
9.529951214790344238e-02
9.530183672904968262e-02
9.530416131019592285e-02
9.530636668205261230e-02
9.530866146087646484e-02
9.531095623970031738e-02
9.531322121620178223e-02
9.531554579734802246e-02
9.531778097152709961e-02
9.532001614570617676e-02
9.532228112220764160e-02
9.532457590103149414e-02
9.532681107521057129e-02
9.532910585403442383e-02
9.533134102821350098e-02
9.533369541168212891e-02
9.533593058586120605e-02
9.533822536468505859e-02
9.534054994583129883e-02
9.534275531768798828e-02
9.534499049186706543e-02
9.534728527069091797e-02
9.534955024719238281e-02
9.535181522369384766e-02
9.535408020019531250e-02
9.535637497901916504e-02
9.535866975784301758e-02
9.536090493202209473e-02
9.536314010620117188e-02
9.536546468734741211e-02
9.536772966384887695e-02
9.536996483802795410e-02
9.537225961685180664e-02
9.537452459335327148e-02
9.537675976753234863e-02
9.537905454635620117e-02
9.538131952285766602e-02
9.538358449935913086e-02
9.538587927818298340e-02
9.538814425468444824e-02
9.539040923118591309e-02
9.539264440536499023e-02
9.539493918418884277e-02
9.539720416069030762e-02
9.539946913719177246e-02
9.540167450904846191e-02
9.540396928787231445e-02
9.540626406669616699e-02
9.540852904319763184e-02
9.541079401969909668e-02
9.541302919387817383e-02
9.541532397270202637e-02
9.541764855384826660e-02
9.541985392570495605e-02
9.542208909988403320e-02
9.542435407638549805e-02
9.542667865753173828e-02
9.542894363403320312e-02
9.543120861053466797e-02
9.543344378471374512e-02
9.543567895889282227e-02
9.543800354003906250e-02
9.544017910957336426e-02
9.544253349304199219e-02
9.544473886489868164e-02
9.544697403907775879e-02
9.544929862022399902e-02
9.545150399208068848e-02
9.545385837554931641e-02
9.545606374740600586e-02
9.545835852622985840e-02
9.546062350273132324e-02
9.546288847923278809e-02
9.546515345573425293e-02
9.546738862991333008e-02
9.546965360641479492e-02
9.547197818756103516e-02
9.547421336174011230e-02
9.547644853591918945e-02
9.547868371009826660e-02
9.548097848892211914e-02
9.548321366310119629e-02
9.548553824424743652e-02
9.548780322074890137e-02
9.549003839492797852e-02
9.549230337142944336e-02
9.549453854560852051e-02
9.549680352210998535e-02
9.549909830093383789e-02
9.550133347511291504e-02
9.550356864929199219e-02
9.550586342811584473e-02
9.550812840461730957e-02
9.551042318344116211e-02
9.551265835762023926e-02
9.551492333412170410e-02
9.551718831062316895e-02
9.551945328712463379e-02
9.552171826362609863e-02
9.552398324012756348e-02
9.552627801895141602e-02
9.552854299545288086e-02
9.553077816963195801e-02
9.553304314613342285e-02
9.553527832031250000e-02
9.553757309913635254e-02
9.553986787796020508e-02
9.554210305213928223e-02
9.554439783096313477e-02
9.554666280746459961e-02
9.554889798164367676e-02
9.555116295814514160e-02
9.555348753929138184e-02
9.555572271347045898e-02
9.555801749229431152e-02
9.556022286415100098e-02
9.556251764297485352e-02
9.556478261947631836e-02
9.556707739830017090e-02
9.556931257247924805e-02
9.557160735130310059e-02
9.557378292083740234e-02
9.557610750198364258e-02
9.557837247848510742e-02
9.558069705963134766e-02
9.558290243148803711e-02
9.558519721031188965e-02
9.558749198913574219e-02
9.558981657028198242e-02
9.559202194213867188e-02
9.559431672096252441e-02
9.559649229049682617e-02
9.559887647628784180e-02
9.560111165046691895e-02
9.560343623161315918e-02
9.560564160346984863e-02
9.560793638229370117e-02
9.561020135879516602e-02
9.561243653297424316e-02
9.561473131179809570e-02
9.561708569526672363e-02
9.561935067176818848e-02
9.562161564826965332e-02
9.562385082244873047e-02
9.562614560127258301e-02
9.562841057777404785e-02
9.563064575195312500e-02
9.563297033309936523e-02
9.563523530960083008e-02
9.563747048377990723e-02
9.563982486724853516e-02
9.564211964607238770e-02
9.564435482025146484e-02
9.564661979675292969e-02
9.564894437789916992e-02
9.565123915672302246e-02
9.565347433090209961e-02
9.565576910972595215e-02
9.565812349319458008e-02
9.566035866737365723e-02
9.566259384155273438e-02
9.566491842269897461e-02
9.566715359687805176e-02
9.566944837570190430e-02
9.567177295684814453e-02
9.567406773567199707e-02
9.567636251449584961e-02
9.567862749099731445e-02
9.568092226982116699e-02
9.568321704864501953e-02
9.568548202514648438e-02
9.568783640861511230e-02
9.569007158279418945e-02
9.569236636161804199e-02
9.569466114044189453e-02
9.569692611694335938e-02
9.569925069808959961e-02
9.570160508155822754e-02
9.570381045341491699e-02
9.570610523223876953e-02
9.570842981338500977e-02
9.571075439453125000e-02
9.571301937103271484e-02
9.571537375450134277e-02
9.571760892868041992e-02
9.571993350982666016e-02
9.572216868400573730e-02
9.572452306747436523e-02
9.572678804397583008e-02
9.572908282279968262e-02
9.573140740394592285e-02
9.573373198509216309e-02
9.573602676391601562e-02
9.573826193809509277e-02
9.574064612388610840e-02
9.574297070503234863e-02
9.574523568153381348e-02
9.574753046035766602e-02
9.574982523918151855e-02
9.575214982032775879e-02
9.575447440147399902e-02
9.575673937797546387e-02
9.575909376144409180e-02
9.576138854026794434e-02
9.576365351676940918e-02
9.576600790023803711e-02
9.576839208602905273e-02
9.577065706253051758e-02
9.577301144599914551e-02
9.577530622482299805e-02
9.577757120132446289e-02
9.577998518943786621e-02
9.578227996826171875e-02
9.578457474708557129e-02
9.578686952590942383e-02
9.578919410705566406e-02
9.579154849052429199e-02
9.579390287399291992e-02
9.579619765281677246e-02
9.579855203628540039e-02
9.580084681510925293e-02
9.580317139625549316e-02
9.580552577972412109e-02
9.580788016319274902e-02
9.581014513969421387e-02
9.581246972084045410e-02
9.581479430198669434e-02
9.581711888313293457e-02
9.581950306892395020e-02
9.582176804542541504e-02
9.582418203353881836e-02
9.582650661468505859e-02
9.582880139350891113e-02
9.583112597465515137e-02
9.583348035812377930e-02
9.583589434623718262e-02
9.583818912506103516e-02
9.584054350852966309e-02
9.584295749664306641e-02
9.584525227546691895e-02
9.584760665893554688e-02
9.584993124008178711e-02
9.585225582122802734e-02
9.585466980934143066e-02
9.585699439048767090e-02
9.585934877395629883e-02
9.586167335510253906e-02
9.586405754089355469e-02
9.586638212203979492e-02
9.586876630783081055e-02
9.587109088897705078e-02
9.587347507476806641e-02
9.587579965591430664e-02
9.587821364402770996e-02
9.588053822517395020e-02
9.588289260864257812e-02
9.588527679443359375e-02
9.588766098022460938e-02
9.589004516601562500e-02
9.589242935180664062e-02
9.589475393295288086e-02
9.589710831642150879e-02
9.589952230453491211e-02
9.590190649032592773e-02
9.590423107147216797e-02
9.590661525726318359e-02
9.590902924537658691e-02
9.591138362884521484e-02
9.591379761695861816e-02
9.591612219810485840e-02
9.591856598854064941e-02
9.592095017433166504e-02
9.592333436012268066e-02
9.592571854591369629e-02
9.592810273170471191e-02
9.593045711517333984e-02
9.593284130096435547e-02
9.593525528907775879e-02
9.593760967254638672e-02
9.594008326530456543e-02
9.594246745109558105e-02
9.594485163688659668e-02
9.594723582267761230e-02
9.594964981079101562e-02
9.595203399658203125e-02
9.595441818237304688e-02
9.595689177513122559e-02
9.595921635627746582e-02
9.596166014671325684e-02
9.596404433250427246e-02
9.596648812294006348e-02
9.596893191337585449e-02
9.597134590148925781e-02
9.597375988960266113e-02
9.597611427307128906e-02
9.597858786582946777e-02
9.598100185394287109e-02
9.598338603973388672e-02
9.598585963249206543e-02
9.598830342292785645e-02
9.599068760871887207e-02
9.599313139915466309e-02
9.599551558494567871e-02
9.599798917770385742e-02
9.600043296813964844e-02
9.600284695625305176e-02
9.600529074668884277e-02
9.600770473480224609e-02
9.601014852523803711e-02
9.601259231567382812e-02
9.601500630378723145e-02
9.601747989654541016e-02
9.601989388465881348e-02
9.602236747741699219e-02
9.602481126785278320e-02
9.602728486061096191e-02
9.602972865104675293e-02
9.603220224380493164e-02
9.603461623191833496e-02
9.603708982467651367e-02
9.603953361511230469e-02
9.604200720787048340e-02
9.604445099830627441e-02
9.604695439338684082e-02
9.604942798614501953e-02
9.605187177658081055e-02
9.605434536933898926e-02
9.605681896209716797e-02
9.605929255485534668e-02
9.606176614761352539e-02
9.606423974037170410e-02
9.606668353080749512e-02
9.606912732124328613e-02
9.607169032096862793e-02
9.607416391372680664e-02
9.607663750648498535e-02
9.607917070388793945e-02
9.608164429664611816e-02
9.608408808708190918e-02
9.608668088912963867e-02
9.608909487724304199e-02
9.609159827232360840e-02
9.609407186508178711e-02
9.609660506248474121e-02
9.609910845756530762e-02
9.610161185264587402e-02
9.610414505004882812e-02
9.610664844512939453e-02
9.610918164253234863e-02
9.611165523529052734e-02
9.611418843269348145e-02
9.611669182777404785e-02
9.611922502517700195e-02
9.612169861793518066e-02
9.612426161766052246e-02
9.612676501274108887e-02
9.612929821014404297e-02
9.613186120986938477e-02
9.613436460494995117e-02
9.613689780235290527e-02
9.613943099975585938e-02
9.614196419715881348e-02
9.614452719688415527e-02
9.614706039428710938e-02
9.614962339401245117e-02
9.615221619606018066e-02
9.615468978881835938e-02
9.615725278854370117e-02
9.615981578826904297e-02
9.616237878799438477e-02
9.616488218307495117e-02
9.616744518280029297e-02
9.617006778717041016e-02
9.617260098457336426e-02
9.617516398429870605e-02
9.617769718170166016e-02
9.618028998374938965e-02
9.618288278579711914e-02
9.618541598320007324e-02
9.618809819221496582e-02
9.619060158729553223e-02
9.619313478469848633e-02
9.619572758674621582e-02
9.619837999343872070e-02
9.620094299316406250e-02
9.620353579521179199e-02
9.620609879493713379e-02
9.620872139930725098e-02
9.621134400367736816e-02
9.621393680572509766e-02
9.621649980545043945e-02
9.621921181678771973e-02
9.622174501419067383e-02
9.622436761856079102e-02
9.622696042060852051e-02
9.622958302497863770e-02
9.623211622238159180e-02
9.623476862907409668e-02
9.623745083808898926e-02
9.624004364013671875e-02
9.624266624450683594e-02
9.624528884887695312e-02
9.624791145324707031e-02
9.625056385993957520e-02
9.625321626663208008e-02
9.625586867332458496e-02
9.625846147537231445e-02
9.626111388206481934e-02
9.626370668411254883e-02
9.626641869544982910e-02
9.626904129981994629e-02
9.627175331115722656e-02
9.627437591552734375e-02
9.627702832221984863e-02
9.627971053123474121e-02
9.628236293792724609e-02
9.628501534461975098e-02
9.628766775131225586e-02
9.629034996032714844e-02
9.629300236701965332e-02
9.629565477371215820e-02
9.629836678504943848e-02
9.630104899406433105e-02
9.630379080772399902e-02
9.630644321441650391e-02
9.630915522575378418e-02
9.631183743476867676e-02
9.631454944610595703e-02
9.631720185279846191e-02
9.631988406181335449e-02
9.632262587547302246e-02
9.632533788681030273e-02
9.632802009582519531e-02
9.633076190948486328e-02
9.633347392082214355e-02
9.633624553680419922e-02
9.633889794349670410e-02
9.634160995483398438e-02
9.634432196617126465e-02
9.634706377983093262e-02
9.634980559349060059e-02
9.635257720947265625e-02
9.635528922080993652e-02
9.635803103446960449e-02
9.636077284812927246e-02
9.636354446411132812e-02
9.636628627777099609e-02
9.636902809143066406e-02
9.637174010276794434e-02
9.637448191642761230e-02
9.637728333473205566e-02
9.638005495071411133e-02
9.638276696205139160e-02
9.638556838035583496e-02
9.638831019401550293e-02
9.639111161231994629e-02
9.639391303062438965e-02
9.639671444892883301e-02
9.639945626258850098e-02
9.640222787857055664e-02
9.640505909919738770e-02
9.640783071517944336e-02
9.641060233116149902e-02
9.641340374946594238e-02
9.641626477241516113e-02
9.641897678375244141e-02
9.642186760902404785e-02
9.642463922500610352e-02
9.642744064331054688e-02
9.643021225929260254e-02
9.643310308456420898e-02
9.643593430519104004e-02
9.643876552581787109e-02
9.644156694412231445e-02
9.644436836242675781e-02
9.644725918769836426e-02
9.645009040832519531e-02
9.645289182662963867e-02
9.645578265190124512e-02
9.645858407020568848e-02
9.646147489547729492e-02
9.646430611610412598e-02
9.646719694137573242e-02
9.646999835968017578e-02
9.647291898727416992e-02
9.647578001022338867e-02
9.647867083549499512e-02
9.648150205612182617e-02
9.648442268371582031e-02
9.648728370666503906e-02
9.649011492729187012e-02
9.649306535720825195e-02
9.649589657783508301e-02
9.649878740310668945e-02
9.650170803070068359e-02
9.650456905364990234e-02
9.650745987892150879e-02
9.651041030883789062e-02
9.651339054107666016e-02
9.651622176170349121e-02
9.651917219161987305e-02
9.652212262153625488e-02
9.652501344680786133e-02
9.652793407440185547e-02
9.653085470199584961e-02
9.653380513191223145e-02
9.653672575950622559e-02
9.653961658477783203e-02
9.654265642166137695e-02
9.654554724693298340e-02
9.654852747917175293e-02
9.655147790908813477e-02
9.655448794364929199e-02
9.655737876892089844e-02
9.656032919883728027e-02
9.656330943107604980e-02
9.656625986099243164e-02
9.656929969787597656e-02
9.657219052314758301e-02
9.657523036003112793e-02
9.657821059226989746e-02
9.658119082450866699e-02
9.658420085906982422e-02
9.658718109130859375e-02
9.659019112586975098e-02
9.659320116043090820e-02
9.659618139266967773e-02
9.659919142723083496e-02
9.660220146179199219e-02
9.660524129867553711e-02
9.660828113555908203e-02
9.661132097244262695e-02
9.661433100700378418e-02
9.661731123924255371e-02
9.662038087844848633e-02
9.662345051765441895e-02
9.662649035453796387e-02
9.662955999374389648e-02
9.663259983062744141e-02
9.663560986518859863e-02
9.663867950439453125e-02
9.664177894592285156e-02
9.664478898048400879e-02
9.664794802665710449e-02
9.665095806121826172e-02
9.665405750274658203e-02
9.665709733963012695e-02
9.666019678115844727e-02
9.666329622268676758e-02
9.666642546653747559e-02
9.666949510574340820e-02
9.667259454727172852e-02
9.667569398880004883e-02
9.667882323265075684e-02
9.668192267417907715e-02
9.668499231338500977e-02
9.668815135955810547e-02
9.669131040573120117e-02
9.669446945190429688e-02
9.669756889343261719e-02
9.670072793960571289e-02
9.670385718345642090e-02
9.670698642730712891e-02
9.671011567115783691e-02
9.671330451965332031e-02
9.671643376350402832e-02
9.671962261199951172e-02
9.672275185585021973e-02
9.672594070434570312e-02
9.672912955284118652e-02
9.673225879669189453e-02
9.673541784286499023e-02
9.673863649368286133e-02
9.674185514450073242e-02
9.674507379531860352e-02
9.674826264381408691e-02
9.675142168998718262e-02
9.675469994544982910e-02
9.675788879394531250e-02
9.676107764244079590e-02
9.676426649093627930e-02
9.676751494407653809e-02
9.677076339721679688e-02
9.677398204803466797e-02
9.677720069885253906e-02
9.678044915199279785e-02
9.678372740745544434e-02
9.678694605827331543e-02
9.679022431373596191e-02
9.679350256919860840e-02
9.679672122001647949e-02
9.679999947547912598e-02
9.680324792861938477e-02
9.680652618408203125e-02
9.680980443954467773e-02
9.681305289268493652e-02
9.681636095046997070e-02
9.681963920593261719e-02
9.682294726371765137e-02
9.682625532150268555e-02
9.682953357696533203e-02
9.683287143707275391e-02
9.683617949485778809e-02
9.683948755264282227e-02
9.684279561042785645e-02
9.684607386589050293e-02
9.684950113296508789e-02
9.685277938842773438e-02
9.685614705085754395e-02
9.685948491096496582e-02
9.686288237571716309e-02
9.686616063117980957e-02
9.686952829360961914e-02
9.687289595603942871e-02
9.687629342079162598e-02
9.687963128089904785e-02
9.688296914100646973e-02
9.688639640808105469e-02
9.688979387283325195e-02
9.689316153526306152e-02
9.689655900001525879e-02
9.689992666244506836e-02
9.690332412719726562e-02
9.690675139427185059e-02
9.691011905670166016e-02
9.691360592842102051e-02
9.691700339317321777e-02
9.692043066024780273e-02
9.692385792732238770e-02
9.692728519439697266e-02
9.693071246147155762e-02
9.693413972854614258e-02
9.693765640258789062e-02
9.694111347198486328e-02
9.694451093673706055e-02
9.694799780845642090e-02
9.695148468017578125e-02
9.695497155189514160e-02
9.695845842361450195e-02
9.696191549301147461e-02
9.696540236473083496e-02
9.696888923645019531e-02
9.697240591049194336e-02
9.697586297988891602e-02
9.697934985160827637e-02
9.698289632797241211e-02
9.698641300201416016e-02
9.698992967605590820e-02
9.699347615242004395e-02
9.699699282646179199e-02
9.700053930282592773e-02
9.700402617454528809e-02
9.700754284858703613e-02
9.701114892959594727e-02
9.701472520828247070e-02
9.701827168464660645e-02
9.702181816101074219e-02
9.702536463737487793e-02
9.702900052070617676e-02
9.703257679939270020e-02
9.703615307807922363e-02
9.703972935676574707e-02
9.704327583312988281e-02
9.704694151878356934e-02
9.705045819282531738e-02
9.705412387847900391e-02
9.705772995948791504e-02
9.706136584281921387e-02
9.706494212150573730e-02
9.706860780715942383e-02
9.707224369049072266e-02
9.707590937614440918e-02
9.707954525947570801e-02
9.708318114280700684e-02
9.708684682846069336e-02
9.709051251411437988e-02
9.709417819976806641e-02
9.709781408309936523e-02
9.710147976875305176e-02
9.710520505905151367e-02
9.710887074470520020e-02
9.711253643035888672e-02
9.711626172065734863e-02
9.711995720863342285e-02
9.712362289428710938e-02
9.712740778923034668e-02
9.713104367256164551e-02
9.713485836982727051e-02
9.713852405548095703e-02
9.714227914810180664e-02
9.714597463607788086e-02
9.714972972869873047e-02
9.715345501899719238e-02
9.715721011161804199e-02
9.716102480888366699e-02
9.716477990150451660e-02
9.716853499412536621e-02
9.717229008674621582e-02
9.717607498168945312e-02
9.717980027198791504e-02
9.718367457389831543e-02
9.718745946884155273e-02
9.719124436378479004e-02
9.719502925872802734e-02
9.719890356063842773e-02
9.720271825790405273e-02
9.720656275749206543e-02
9.721031785011291504e-02
9.721416234970092773e-02
9.721797704696655273e-02
9.722185134887695312e-02
9.722569584846496582e-02
9.722957015037536621e-02
9.723344445228576660e-02
9.723728895187377930e-02
9.724116325378417969e-02
9.724503755569458008e-02
9.724891185760498047e-02
9.725278615951538086e-02
9.725674986839294434e-02
9.726056456565856934e-02
9.726455807685852051e-02
9.726837277412414551e-02
9.727233648300170898e-02
9.727624058723449707e-02
9.728017449378967285e-02
9.728410840034484863e-02
9.728807210922241211e-02
9.729200601577758789e-02
9.729596972465515137e-02
9.729990363121032715e-02
9.730383753776550293e-02
9.730777144432067871e-02
9.731182456016540527e-02
9.731584787368774414e-02
9.731975197792053223e-02
9.732380509376525879e-02
9.732779860496520996e-02
9.733179211616516113e-02
9.733575582504272461e-02
9.733977913856506348e-02
9.734383225440979004e-02
9.734779596328735352e-02
9.735187888145446777e-02
9.735590219497680664e-02
9.735989570617675781e-02
9.736397862434387207e-02
9.736803174018859863e-02
9.737211465835571289e-02
9.737619757652282715e-02
9.738025069236755371e-02
9.738433361053466797e-02
9.738835692405700684e-02
9.739246964454650879e-02
9.739661216735839844e-02
9.740066528320312500e-02
9.740480780601501465e-02
9.740883111953735352e-02
9.741300344467163086e-02
9.741711616516113281e-02
9.742125868797302246e-02
9.742543101310729980e-02
9.742957353591918945e-02
9.743365645408630371e-02
9.743782877922058105e-02
9.744200110435485840e-02
9.744614362716674805e-02
9.745034575462341309e-02
9.745454788208007812e-02
9.745875000953674316e-02
9.746292233467102051e-02
9.746712446212768555e-02
9.747132658958435059e-02
9.747552871704101562e-02
9.747970104217529297e-02
9.748399257659912109e-02
9.748816490173339844e-02
9.749239683151245117e-02
9.749668836593627930e-02
9.750092029571533203e-02
9.750512242317199707e-02
9.750941395759582520e-02
9.751364588737487793e-02
9.751793742179870605e-02
9.752225875854492188e-02
9.752649068832397461e-02
9.753081202507019043e-02
9.753510355949401855e-02
9.753939509391784668e-02
9.754362702369689941e-02
9.754806756973266602e-02
9.755232930183410645e-02
9.755665063858032227e-02
9.756094217300415039e-02
9.756535291671752930e-02
9.756970405578613281e-02
9.757402539253234863e-02
9.757840633392333984e-02
9.758275747299194336e-02
9.758716821670532227e-02
9.759148955345153809e-02
9.759587049484252930e-02
9.760028123855590820e-02
9.760469198226928711e-02
9.760904312133789062e-02
9.761348366737365723e-02
9.761792421340942383e-02
9.762233495712280273e-02
9.762671589851379395e-02
9.763112664222717285e-02
9.763559699058532715e-02
9.764003753662109375e-02
9.764453768730163574e-02
9.764897823333740234e-02
9.765344858169555664e-02
9.765797853469848633e-02
9.766241908073425293e-02
9.766682982444763184e-02
9.767138957977294922e-02
9.767591953277587891e-02
9.768038988113403320e-02
9.768489003181457520e-02
9.768941998481750488e-02
9.769397974014282227e-02
9.769847989082336426e-02
9.770300984382629395e-02
9.770756959915161133e-02
9.771212935447692871e-02
9.771668910980224609e-02
9.772121906280517578e-02
9.772583842277526855e-02
9.773045778274536133e-02
9.773498773574829102e-02
9.773960709571838379e-02
9.774416685104370117e-02
9.774878621101379395e-02
9.775340557098388672e-02
9.775802493095397949e-02
9.776264429092407227e-02
9.776735305786132812e-02
9.777188301086425781e-02
9.777662158012390137e-02
9.778127074241638184e-02
9.778591990470886230e-02
9.779059886932373047e-02
9.779524803161621094e-02
9.779992699623107910e-02
9.780463576316833496e-02
9.780931472778320312e-02
9.781396389007568359e-02
9.781873226165771484e-02
9.782341122627258301e-02
