5.974784493446350098e-02
5.979380011558532715e-02
5.983966588973999023e-02
5.988556146621704102e-02
5.993151664733886719e-02
5.997744202613830566e-02
6.002342700958251953e-02
6.006944179534912109e-02
6.011551618576049805e-02
6.016162037849426270e-02
6.020769476890563965e-02
6.025379896163940430e-02
6.029996275901794434e-02
6.034609675407409668e-02
6.039232015609741211e-02
6.043851375579833984e-02
6.048479676246643066e-02
6.053107976913452148e-02
6.057742238044738770e-02
6.062364578247070312e-02
6.067004799842834473e-02
6.071642041206359863e-02
6.076291203498840332e-02
6.080925464630126953e-02
6.085577607154846191e-02
6.090223789215087891e-02
6.094869971275329590e-02
6.099531054496765137e-02
6.104186177253723145e-02
6.108844280242919922e-02
6.113505363464355469e-02
6.118160486221313477e-02
6.122836470603942871e-02
6.127497553825378418e-02
6.132173538208007812e-02
6.136846542358398438e-02
6.141522526741027832e-02
6.146198511123657227e-02
6.150889396667480469e-02
6.155571341514587402e-02
6.160256266593933105e-02
6.164947152137756348e-02
6.169638037681579590e-02
6.174337863922119141e-02
6.179031729698181152e-02
6.183728575706481934e-02
6.188431382179260254e-02
6.193140149116516113e-02
6.197845935821533203e-02
6.202554702758789062e-02
6.207269430160522461e-02
6.211981177330017090e-02
6.216692924499511719e-02
6.221422553062438965e-02
6.226140260696411133e-02
6.230860948562622070e-02
6.235590577125549316e-02
6.240320205688476562e-02
6.245049834251403809e-02
6.249785423278808594e-02
6.254523992538452148e-02
6.259259581565856934e-02
6.264004111289978027e-02
6.268748641014099121e-02
6.273502111434936523e-02
6.278258562088012695e-02
6.282997131347656250e-02
6.287747621536254883e-02
6.292510032653808594e-02
6.297260522842407227e-02
6.302028894424438477e-02
6.306794285774230957e-02
6.311559677124023438e-02
6.316334009170532227e-02
6.321099400520324707e-02
6.325876712799072266e-02
6.330654025077819824e-02
6.335434317588806152e-02
6.340211629867553711e-02
6.344994902610778809e-02
6.349784135818481445e-02
6.354573369026184082e-02
6.359359622001647949e-02
6.364154815673828125e-02
6.368947029113769531e-02
6.373745203018188477e-02
6.378549337387084961e-02
6.383356451988220215e-02
6.388154625892639160e-02
6.392958760261535645e-02
6.397771835327148438e-02
6.402584910392761230e-02
6.407395005226135254e-02
6.412217020988464355e-02
6.417030096054077148e-02
6.421858072280883789e-02
6.426683068275451660e-02
6.431511044502258301e-02
6.436336040496826172e-02
6.441164016723632812e-02
6.446000933647155762e-02
6.450837850570678711e-02
6.455674767494201660e-02
6.460517644882202148e-02
6.465351581573486328e-02
6.470197439193725586e-02
6.475049257278442383e-02
6.479898095130920410e-02
6.484752893447875977e-02
6.489601731300354004e-02
6.494459509849548340e-02
6.499317288398742676e-02
6.504184007644653320e-02
6.509044766426086426e-02
6.513908505439758301e-02
6.518781185150146484e-02
6.523647904396057129e-02
6.528514623641967773e-02
6.533396244049072266e-02
6.538271903991699219e-02
6.543144583702087402e-02
6.548035144805908203e-02
6.552913784980773926e-02
6.557792425155639648e-02
6.562688946723937988e-02
6.567573547363281250e-02
6.572467088699340820e-02
6.577366590499877930e-02
6.582263112068176270e-02
6.587150692939758301e-02
6.592053174972534180e-02
6.596964597702026367e-02
6.601867079734802246e-02
6.606772541999816895e-02
6.611683964729309082e-02
6.616595387458801270e-02
6.621515750885009766e-02
6.626421213150024414e-02
6.631350517272949219e-02
6.636264920234680176e-02
6.641191244125366211e-02
6.646114587783813477e-02
6.651037931442260742e-02
6.655967235565185547e-02
6.660899519920349121e-02
6.665831804275512695e-02
6.670761108398437500e-02
6.675693392753601074e-02
6.680637598037719727e-02
6.685581803321838379e-02
6.690523028373718262e-02
6.695470213890075684e-02
6.700420379638671875e-02
6.705367565155029297e-02
6.710320711135864258e-02
6.715264916419982910e-02
6.720227003097534180e-02
6.725183129310607910e-02
6.730145215988159180e-02
6.735107302665710449e-02
6.740069389343261719e-02
6.745034456253051758e-02
6.749996542930603027e-02
6.754970550537109375e-02
6.759938597679138184e-02
6.764924526214599609e-02
6.769886612892150879e-02
6.774860620498657227e-02
6.779846549034118652e-02
6.784820556640625000e-02
6.789812445640563965e-02
6.794795393943786621e-02
6.799784302711486816e-02
6.804770231246948242e-02
6.809762120246887207e-02
6.814754009246826172e-02
6.819745898246765137e-02
6.824746727943420410e-02
6.829735636711120605e-02
6.834742426872253418e-02
6.839743256568908691e-02
6.844744086265563965e-02
6.849753856658935547e-02
6.854766607284545898e-02
6.859761476516723633e-02
6.864771246910095215e-02
6.869789958000183105e-02
6.874808669090270996e-02
6.879827380180358887e-02
6.884843111038208008e-02
6.889858841896057129e-02
6.894886493682861328e-02
6.899902224540710449e-02
6.904929876327514648e-02
6.909951567649841309e-02
6.914988160133361816e-02
6.920015811920166016e-02
6.925052404403686523e-02
6.930080056190490723e-02
6.935116648674011230e-02
6.940150260925292969e-02
6.945195794105529785e-02
6.950235366821289062e-02
6.955274939537048340e-02
6.960323452949523926e-02
6.965357065200805664e-02
6.970414519309997559e-02
6.975460052490234375e-02
6.980514526367187500e-02
6.985563039779663086e-02
6.990611553192138672e-02
6.995671987533569336e-02
7.000723481178283691e-02
7.005777955055236816e-02
7.010850310325622559e-02
7.015910744667053223e-02
7.020968198776245117e-02
7.026031613349914551e-02
7.031098008155822754e-02
7.036164402961730957e-02
7.041236758232116699e-02
7.046303153038024902e-02
7.051378488540649414e-02
7.056456804275512695e-02
7.061529159545898438e-02
7.066607475280761719e-02
7.071685791015625000e-02
7.076767086982727051e-02
7.081839442253112793e-02
7.086926698684692383e-02
7.092005014419555664e-02
7.097095251083374023e-02
7.102185487747192383e-02
7.107269763946533203e-02
7.112362980842590332e-02
7.117447257041931152e-02
7.122543454170227051e-02
7.127627730369567871e-02
7.132729887962341309e-02
7.137826085090637207e-02
7.142931222915649414e-02
7.148024439811706543e-02
7.153123617172241211e-02
7.158228754997253418e-02
7.163327932357788086e-02
7.168433070182800293e-02
7.173544168472290039e-02
7.178640365600585938e-02
7.183751463890075684e-02
7.188859581947326660e-02
7.193973660469055176e-02
7.199078798294067383e-02
7.204198837280273438e-02
7.209309935569763184e-02
7.214424014091491699e-02
7.219535112380981445e-02
7.224652171134948730e-02
7.229775190353393555e-02
7.234895229339599609e-02
7.240015268325805664e-02
7.245138287544250488e-02
7.250270247459411621e-02
7.255384325981140137e-02
7.260513305664062500e-02
7.265639305114746094e-02
7.270768284797668457e-02
7.275888323783874512e-02
7.281017303466796875e-02
7.286149263381958008e-02
7.291290163993835449e-02
7.296416163444519043e-02
7.301548123359680176e-02
7.306689023971557617e-02
7.311818003654479980e-02
7.316958904266357422e-02
7.322096824645996094e-02
7.327237725257873535e-02
7.332378625869750977e-02
7.337513566017150879e-02
7.342660427093505859e-02
7.347801327705383301e-02
7.352939248085021973e-02
7.358083128929138184e-02
7.363229990005493164e-02
7.368382811546325684e-02
7.373520731925964355e-02
7.378673553466796875e-02
7.383820414543151855e-02
7.388967275619506836e-02
7.394117116928100586e-02
7.399266958236694336e-02
7.404419779777526855e-02
7.409566640853881836e-02
7.414722442626953125e-02
7.419875264167785645e-02
7.425034046173095703e-02
7.430186867713928223e-02
7.435345649719238281e-02
7.440495491027832031e-02
7.445654273033142090e-02
7.450813055038452148e-02
7.455974817276000977e-02
7.461127638816833496e-02
7.466286420822143555e-02
7.471451163291931152e-02
7.476612925529479980e-02
7.481774687767028809e-02
7.486936450004577637e-02
7.492098212242126465e-02
7.497262954711914062e-02
7.502424716949462891e-02
7.507589459419250488e-02
7.512748241424560547e-02
7.517915964126586914e-02
7.523089647293090820e-02
7.528245449066162109e-02
7.533410191535949707e-02
7.538577914237976074e-02
7.543751597404479980e-02
7.548916339874267578e-02
7.554093003273010254e-02
7.559257745742797852e-02
7.564422488212585449e-02
7.569596171379089355e-02
7.574763894081115723e-02
7.579937577247619629e-02
7.585105299949645996e-02
7.590276002883911133e-02
7.595446705818176270e-02
7.600620388984680176e-02
7.605788111686706543e-02
7.610961794853210449e-02
7.616132497787475586e-02
7.621309161186218262e-02
7.626488804817199707e-02
7.631650567054748535e-02
7.636824250221252441e-02
7.641991972923278809e-02
7.647171616554260254e-02
7.652351260185241699e-02
7.657513022422790527e-02
7.662692666053771973e-02
7.667869329452514648e-02
7.673040032386779785e-02
7.678219676017761230e-02
7.683384418487548828e-02
7.688573002815246582e-02
7.693737745285034180e-02
7.698911428451538086e-02
7.704085111618041992e-02
7.709255814552307129e-02
7.714438438415527344e-02
7.719609141349792480e-02
7.724776864051818848e-02
7.729959487915039062e-02
7.735130190849304199e-02
7.740306854248046875e-02
7.745486497879028320e-02
7.750651240348815918e-02
7.755830883979797363e-02
7.760995626449584961e-02
7.766169309616088867e-02
7.771348953247070312e-02
7.776522636413574219e-02
7.781693339347839355e-02
7.786867022514343262e-02
7.792040705680847168e-02
7.797205448150634766e-02
7.802385091781616211e-02
7.807558774948120117e-02
7.812726497650146484e-02
7.817894220352172852e-02
7.823061943054199219e-02
7.828232645988464355e-02
7.833403348922729492e-02
7.838571071624755859e-02
7.843744754791259766e-02
7.848918437957763672e-02
7.854089140892028809e-02
7.859253883361816406e-02
7.864415645599365234e-02
7.869586348533630371e-02
7.874751091003417969e-02
7.879921793937683105e-02
7.885077595710754395e-02
7.890245318412780762e-02
7.895413041114807129e-02
7.900571823120117188e-02
7.905748486518859863e-02
7.910910248756408691e-02
7.916063070297241211e-02
7.921224832534790039e-02
7.926380634307861328e-02
7.931551337242126465e-02
7.936716079711914062e-02
7.941862940788269043e-02
7.947027683258056641e-02
7.952189445495605469e-02
7.957336306571960449e-02
7.962495088577270508e-02
7.967653870582580566e-02
7.972812652587890625e-02
7.977959513664245605e-02
7.983112335205078125e-02
7.988262176513671875e-02
7.993414998054504395e-02
7.998576760292053223e-02
8.003723621368408203e-02
8.008867502212524414e-02
8.014017343521118164e-02
8.019164204597473145e-02
8.024308085441589355e-02
8.029448986053466797e-02
8.034607768058776855e-02
8.039742708206176758e-02
8.044886589050292969e-02
8.050021529197692871e-02
8.055171370506286621e-02
8.060303330421447754e-02
8.065447211265563965e-02
8.070573210716247559e-02
8.075714111328125000e-02
8.080849051475524902e-02
8.085983991622924805e-02
8.091115951538085938e-02
8.096253871917724609e-02
8.101373910903930664e-02
8.106511831283569336e-02
8.111640810966491699e-02
8.116763830184936523e-02
8.121883869171142578e-02
8.127018809318542480e-02
8.132135868072509766e-02
8.137267827987670898e-02
8.142378926277160645e-02
8.147493004798889160e-02
8.152610063552856445e-02
8.157733082771301270e-02
8.162844181060791016e-02
8.167961239814758301e-02
8.173072338104248047e-02
8.178180456161499023e-02
8.183288574218750000e-02
8.188402652740478516e-02
8.193513751029968262e-02
8.198612928390502930e-02
8.203718066215515137e-02
8.208817243576049805e-02
8.213919401168823242e-02
8.219015598297119141e-02
8.224114775657653809e-02
8.229210972785949707e-02
8.234310150146484375e-02
8.239394426345825195e-02
8.244484663009643555e-02
8.249577879905700684e-02
8.254665136337280273e-02
8.259755373001098633e-02
8.264836668968200684e-02
8.269923925399780273e-02
8.275005221366882324e-02
8.280077576637268066e-02
8.285155892372131348e-02
8.290228247642517090e-02
8.295303583145141602e-02
8.300375938415527344e-02
8.305442333221435547e-02
8.310508728027343750e-02
8.315578103065490723e-02
8.320647478103637695e-02
8.325710892677307129e-02
8.330768346786499023e-02
8.335831761360168457e-02
8.340880274772644043e-02
8.345934748649597168e-02
8.350989222526550293e-02
8.356043696403503418e-02
8.361083269119262695e-02
8.366140723228454590e-02
8.371177315711975098e-02
8.376222848892211914e-02
8.381262421607971191e-02
8.386299014091491699e-02
8.391338586807250977e-02
8.396369218826293945e-02
8.401399850845336914e-02
8.406433463096618652e-02
8.411458134651184082e-02
8.416485786437988281e-02
8.421507477760314941e-02
8.426526188850402832e-02
8.431547880172729492e-02
8.436554670333862305e-02
8.441573381423950195e-02
8.446583151817321777e-02
8.451595902442932129e-02
8.456602692604064941e-02
8.461612462997436523e-02
8.466607332229614258e-02
8.471605181694030762e-02
8.476606011390686035e-02
8.481609821319580078e-02
8.486592769622802734e-02
8.491581678390502930e-02
8.496567606925964355e-02
8.501553535461425781e-02
8.506542444229125977e-02
8.511519432067871094e-02
8.516502380371093750e-02
8.521470427513122559e-02
8.526441454887390137e-02
8.531403541564941406e-02
8.536374568939208984e-02
8.541345596313476562e-02
8.546298742294311523e-02
8.551257848739624023e-02
8.556213974952697754e-02
8.561164140701293945e-02
8.566117286682128906e-02
8.571070432662963867e-02
8.576011657714843750e-02
8.580946922302246094e-02
8.585888147354125977e-02
8.590829372406005859e-02
8.595767617225646973e-02
8.600690960884094238e-02
8.605626225471496582e-02
8.610549569129943848e-02
8.615466952323913574e-02
8.620384335517883301e-02
8.625298738479614258e-02
8.630213141441345215e-02
8.635124564170837402e-02
8.640030026435852051e-02
8.644938468933105469e-02
8.649832010269165039e-02
8.654737472534179688e-02
8.659636974334716797e-02
8.664521574974060059e-02
8.669412136077880859e-02
8.674293756484985352e-02
8.679175376892089844e-02
8.684059977531433105e-02
8.688941597938537598e-02
8.693820238113403320e-02
8.698680996894836426e-02
8.703547716140747070e-02
8.708417415618896484e-02
8.713272213935852051e-02
8.718118071556091309e-02
8.722975850105285645e-02
8.727839589118957520e-02
8.732685446739196777e-02
8.737516403198242188e-02
8.742359280586242676e-02
8.747196197509765625e-02
8.752033114433288574e-02
8.756870031356811523e-02
8.761686086654663086e-02
8.766514062881469727e-02
8.771330118179321289e-02
8.776152133941650391e-02
8.780968189239501953e-02
8.785778284072875977e-02
8.790588378906250000e-02
8.795380592346191406e-02
8.800181746482849121e-02
8.804967999458312988e-02
8.809763193130493164e-02
8.814555406570434570e-02
8.819335699081420898e-02
8.824124932289123535e-02
8.828893303871154785e-02
8.833667635917663574e-02
8.838436007499694824e-02
8.843204379081726074e-02
8.847966790199279785e-02
8.852720260620117188e-02
8.857473731040954590e-02
8.862230181694030762e-02
8.866971731185913086e-02
8.871719241142272949e-02
8.876460790634155273e-02
8.881196379661560059e-02
8.885928988456726074e-02
8.890658617019653320e-02
8.895376324653625488e-02
8.900102972984313965e-02
8.904814720153808594e-02
8.909529447555541992e-02
8.914229273796081543e-02
8.918932080268859863e-02
8.923637866973876953e-02
8.928334712982177734e-02
8.933031558990478516e-02
8.937713503837585449e-02
8.942392468452453613e-02
8.947080373764038086e-02
8.951750397682189941e-02
8.956426382064819336e-02
8.961090445518493652e-02
8.965757489204406738e-02
8.970409631729125977e-02
8.975070714950561523e-02
8.979713916778564453e-02
8.984366059303283691e-02
8.989012241363525391e-02
8.993652462959289551e-02
8.998286724090576172e-02
9.002906084060668945e-02
9.007534384727478027e-02
9.012153744697570801e-02
9.016770124435424805e-02
9.021389484405517578e-02
9.025996923446655273e-02
9.030595421791076660e-02
9.035190939903259277e-02
9.039792418479919434e-02
9.044378995895385742e-02
9.048971533775329590e-02
9.053552150726318359e-02
9.058120846748352051e-02
9.062698483467102051e-02
9.067270159721374512e-02
9.071829915046691895e-02
9.076395630836486816e-02
9.080949425697326660e-02
9.085500240325927734e-02
9.090039134025573730e-02
9.094581007957458496e-02
9.099116921424865723e-02
9.103652834892272949e-02
9.108179807662963867e-02
9.112703800201416016e-02
9.117215871810913086e-02
9.121727943420410156e-02
9.126234054565429688e-02
9.130737185478210449e-02
9.135246276855468750e-02
9.139728546142578125e-02
9.144228696823120117e-02
9.148705005645751953e-02
9.153181314468383789e-02
9.157669544219970703e-02
9.162139892578125000e-02
9.166604280471801758e-02
9.171059727668762207e-02
9.175521135330200195e-02
9.179967641830444336e-02
9.184408187866210938e-02
9.188863635063171387e-02
9.193295240402221680e-02
9.197723865509033203e-02
9.202155470848083496e-02
9.206581115722656250e-02
9.210988879203796387e-02
9.215402603149414062e-02
9.219801425933837891e-02
9.224209189414978027e-02
9.228608012199401855e-02
9.232994914054870605e-02
9.237378835678100586e-02
9.241765737533569336e-02
9.246143698692321777e-02
9.250512719154357910e-02
9.254878759384155273e-02
9.259238839149475098e-02
9.263601899147033691e-02
9.267953038215637207e-02
9.272286295890808105e-02
9.276634454727172852e-02
9.280967712402343750e-02
9.285297989845275879e-02
9.289625287055969238e-02
9.293943643569946289e-02
9.298256039619445801e-02
9.302571415901184082e-02
9.306871891021728516e-02
9.311178326606750488e-02
9.315466880798339844e-02
9.319749474525451660e-02
9.324038028717041016e-02
9.328308701515197754e-02
9.332582354545593262e-02
9.336850047111511230e-02
9.341111779212951660e-02
9.345370531082153320e-02
9.349626302719116211e-02
9.353861212730407715e-02
9.358102083206176758e-02
9.362339973449707031e-02
9.366574883460998535e-02
9.370794892311096191e-02
9.375014901161193848e-02
9.379220008850097656e-02
9.383434057235717773e-02
9.387630224227905273e-02
9.391835331916809082e-02
9.396010637283325195e-02
9.400200843811035156e-02
9.404391050338745117e-02
9.408560395240783691e-02
9.412720799446105957e-02
9.416881203651428223e-02
9.421044588088989258e-02
9.425204992294311523e-02
9.429341554641723633e-02
9.433490037918090820e-02
9.437617659568786621e-02
9.441751241683959961e-02
9.445875883102416992e-02
9.449985623359680176e-02
9.454104304313659668e-02
9.458208084106445312e-02
9.462311863899230957e-02
9.466400742530822754e-02
9.470492601394653320e-02
9.474584460258483887e-02
9.478661417961120605e-02
9.482732415199279785e-02
9.486794471740722656e-02
9.490859508514404297e-02
9.494909644126892090e-02
9.498959779739379883e-02
9.503000974655151367e-02
9.507042169570922852e-02
9.511077404022216797e-02
9.515103697776794434e-02
9.519118070602416992e-02
9.523132443428039551e-02
9.527134895324707031e-02
9.531146287918090820e-02
9.535136818885803223e-02
9.539127349853515625e-02
9.543117880821228027e-02
9.547090530395507812e-02
9.551072120666503906e-02
9.555032849311828613e-02
9.558993577957153320e-02
9.562951326370239258e-02
9.566897153854370117e-02
9.570831060409545898e-02
9.574779868125915527e-02
9.578707814216613770e-02
9.582635760307312012e-02
9.586554765701293945e-02
9.590461850166320801e-02
9.594368934631347656e-02
9.598276019096374512e-02
9.602168202400207520e-02
9.606063365936279297e-02
9.609943628311157227e-02
9.613820910453796387e-02
9.617689251899719238e-02
9.621551632881164551e-02
9.625422954559326172e-02
9.629270434379577637e-02
9.633111953735351562e-02
9.636953473091125488e-02
9.640783071517944336e-02
9.644615650177001953e-02
9.648433327674865723e-02
9.652251005172729492e-02
9.656062722206115723e-02
9.659868478775024414e-02
9.663656353950500488e-02
9.667453169822692871e-02
9.671244025230407715e-02
9.675016999244689941e-02
9.678792953491210938e-02
9.682562947273254395e-02
9.686324000358581543e-02
9.690067172050476074e-02
9.693816304206848145e-02
9.697556495666503906e-02
9.701299667358398438e-02
9.705013036727905273e-02
9.708744287490844727e-02
9.712463617324829102e-02
9.716176986694335938e-02
9.719878435134887695e-02
9.723579883575439453e-02
9.727266430854797363e-02
9.730952978134155273e-02
9.734633564949035645e-02
9.738308191299438477e-02
9.741967916488647461e-02
9.745630621910095215e-02
9.749290347099304199e-02
9.752935171127319336e-02
9.756571054458618164e-02
9.760195016860961914e-02
9.763827919960021973e-02
9.767457842826843262e-02
9.771075844764709473e-02
9.774672985076904297e-02
9.778279066085815430e-02
9.781885147094726562e-02
9.785479307174682617e-02
9.789061546325683594e-02
9.792634844779968262e-02
9.796208143234252930e-02
9.799769520759582520e-02
9.803321957588195801e-02
9.806880354881286621e-02
9.810423851013183594e-02
9.813964366912841797e-02
9.817501902580261230e-02
9.821024537086486816e-02
9.824547171592712402e-02
9.828057885169982910e-02
9.831562638282775879e-02
9.835055470466613770e-02
9.838554263114929199e-02
9.842047095298767090e-02
9.845519065856933594e-02
9.849005937576293945e-02
9.852471947669982910e-02
9.855926036834716797e-02
9.859389066696166992e-02
9.862831234931945801e-02
9.866276383399963379e-02
9.869709610939025879e-02
9.873139858245849609e-02
9.876567125320434570e-02
9.879979491233825684e-02
9.883391857147216797e-02
9.886789321899414062e-02
9.890189766883850098e-02
9.893578290939331055e-02
9.896966814994812012e-02
9.900346398353576660e-02
9.903717041015625000e-02
9.907078742980957031e-02
9.910440444946289062e-02
9.913790225982666016e-02
9.917137026786804199e-02
9.920468926429748535e-02
9.923803806304931641e-02
9.927132725715637207e-02
9.930449724197387695e-02
9.933763742446899414e-02
9.937071800231933594e-02
9.940376877784729004e-02
9.943661093711853027e-02
9.946948289871215820e-02
9.950235486030578613e-02
9.953501820564270020e-02
9.956771135330200195e-02
9.960031509399414062e-02
9.963288903236389160e-02
9.966537356376647949e-02
9.969776868820190430e-02
9.973010420799255371e-02
9.976232051849365234e-02
9.979456663131713867e-02
9.982672333717346191e-02
9.985882043838500977e-02
9.989079833030700684e-02
9.992268681526184082e-02
9.995463490486145020e-02
9.998649358749389648e-02
1.000182628631591797e-01
1.000498831272125244e-01
1.000815033912658691e-01
1.001130938529968262e-01
1.001445949077606201e-01
1.001760065555572510e-01
1.002073585987091064e-01
1.002386212348937988e-01
1.002699434757232666e-01
1.003010571002960205e-01
1.003321707248687744e-01
1.003631949424743652e-01
1.003942191600799561e-01
1.004250943660736084e-01
1.004558801651000977e-01
1.004867255687713623e-01
1.005173623561859131e-01
1.005479991436004639e-01
1.005786657333374023e-01
1.006090939044952393e-01
1.006395816802978516e-01
1.006699800491333008e-01
1.007002890110015869e-01
1.007305979728698730e-01
1.007607579231262207e-01
1.007909178733825684e-01
1.008209288120269775e-01
1.008509099483489990e-01
1.008808612823486328e-01
1.009107530117034912e-01
1.009404957294464111e-01
1.009702384471893311e-01
1.009999215602874756e-01
1.010295748710632324e-01
1.010590791702270508e-01
1.010885834693908691e-01
1.011179685592651367e-01
1.011473238468170166e-01
1.011765599250793457e-01
1.012057662010192871e-01
1.012349724769592285e-01
1.012640595436096191e-01
1.012930870056152344e-01
1.013220846652984619e-01
1.013509631156921387e-01
1.013797819614410400e-01
1.014084517955780029e-01
1.014372408390045166e-01
1.014658510684967041e-01
1.014944314956665039e-01
1.015229225158691406e-01
1.015513539314270020e-01
1.015797257423400879e-01
1.016080081462860107e-01
1.016363203525543213e-01
1.016644835472106934e-01
1.016926467418670654e-01
1.017206907272338867e-01
1.017486155033111572e-01
1.017765998840332031e-01
1.018044650554656982e-01
1.018322408199310303e-01
1.018599569797515869e-01
1.018876433372497559e-01
1.019152998924255371e-01
1.019427776336669922e-01
1.019702851772308350e-01
1.019977033138275146e-01
1.020250618457794189e-01
1.020523309707641602e-01
1.020795404911041260e-01
1.021067202091217041e-01
1.021338105201721191e-01
1.021608710289001465e-01
1.021879017353057861e-01
1.022146940231323242e-01
1.022416055202484131e-01
1.022683978080749512e-01
1.022950708866119385e-01
1.023217737674713135e-01
1.023483276367187500e-01
1.023749113082885742e-01
1.024013459682464600e-01
1.024277508258819580e-01
1.024541556835174561e-01
1.024803817272186279e-01
1.025066375732421875e-01
1.025328040122985840e-01
1.025588512420654297e-01
1.025848388671875000e-01
1.026108264923095703e-01
1.026367843151092529e-01
1.026626527309417725e-01
1.026884019374847412e-01
1.027141213417053223e-01
1.027397513389587402e-01
1.027654111385345459e-01
1.027909517288208008e-01
1.028164327144622803e-01
1.028418242931365967e-01
1.028671264648437500e-01
1.028924286365509033e-01
1.029175817966461182e-01
1.029428541660308838e-01
1.029679477214813232e-01
1.029929816722869873e-01
1.030179858207702637e-01
1.030428409576416016e-01
1.030676960945129395e-01
1.030924916267395020e-01
1.031172573566436768e-01
1.031419038772583008e-01
1.031665503978729248e-01
1.031911075115203857e-01
1.032155752182006836e-01
1.032400429248809814e-01
1.032643914222717285e-01
1.032887399196624756e-01
1.033130288124084473e-01
1.033371984958648682e-01
1.033612191677093506e-01
1.033853590488433838e-01
1.034093499183654785e-01
1.034333407878875732e-01
1.034572422504425049e-01
1.034810841083526611e-01
1.035047769546508789e-01
1.035285890102386475e-01
1.035521924495697021e-01
1.035757660865783691e-01
1.035993099212646484e-01
1.036227643489837646e-01
1.036461889743804932e-01
1.036694943904876709e-01
1.036928296089172363e-01
1.037161052227020264e-01
1.037393212318420410e-01
1.037624776363372803e-01
1.037854552268981934e-01
1.038084924221038818e-01
1.038314104080200195e-01
1.038542389869689941e-01
1.038771867752075195e-01
1.038999557495117188e-01
1.039225757122039795e-01
1.039452254772186279e-01
1.039678752422332764e-01
1.039904356002807617e-01
1.040129959583282471e-01
1.040353477001190186e-01
1.040576994419097900e-01
1.040800213813781738e-01
1.041022241115570068e-01
1.041244268417358398e-01
1.041466295719146729e-01
1.041687130928039551e-01
1.041907370090484619e-01
1.042126417160034180e-01
1.042346060276031494e-01
1.042564809322357178e-01
1.042783260345458984e-01
1.042999625205993652e-01
1.043217182159423828e-01
1.043433547019958496e-01
1.043648719787597656e-01
1.043864190578460693e-01
1.044079363346099854e-01
1.044293940067291260e-01
1.044506430625915527e-01
1.044719517230987549e-01
1.044932007789611816e-01
1.045143902301788330e-01
1.045355498790740967e-01
1.045566797256469727e-01
1.045776009559631348e-01
1.045985519886016846e-01
1.046195328235626221e-01
1.046403646469116211e-01
1.046611666679382324e-01
1.046818792819976807e-01
1.047025918960571289e-01
1.047232151031494141e-01
1.047438979148864746e-01
1.047643721103668213e-01
1.047848761081695557e-01
1.048053205013275146e-01
1.048257350921630859e-01
1.048460006713867188e-01
1.048662960529327393e-01
1.048865020275115967e-01
1.049065887928009033e-01
1.049267053604125977e-01
1.049467921257019043e-01
1.049668490886688232e-01
1.049867868423461914e-01
1.050066649913787842e-01
1.050265431404113770e-01
1.050463020801544189e-01
1.050660312175750732e-01
1.050857007503509521e-01
1.051053404808044434e-01
1.051248908042907715e-01
1.051445007324218750e-01
1.051639318466186523e-01
1.051834225654602051e-01
1.052027642726898193e-01
1.052221059799194336e-01
1.052413880825042725e-01
1.052605509757995605e-01
1.052798330783843994e-01
1.052989065647125244e-01
1.053179800510406494e-01
1.053369641304016113e-01
1.053560078144073486e-01
1.053748726844787598e-01
1.053937375545501709e-01
1.054126918315887451e-01
1.054314076900482178e-01
1.054500639438629150e-01
1.054688096046447754e-01
1.054874360561370850e-01
1.055059432983398438e-01
1.055245399475097656e-01
1.055430173873901367e-01
1.055614352226257324e-01
1.055798232555389404e-01
1.055980622768402100e-01
1.056164205074310303e-01
1.056347489356994629e-01
1.056528389453887939e-01
1.056710481643676758e-01
1.056891083717346191e-01
1.057071685791015625e-01
1.057250499725341797e-01
1.057430803775787354e-01
1.057609617710113525e-01
1.057788431644439697e-01
1.057966053485870361e-01
1.058144569396972656e-01
1.058320701122283936e-01
1.058498322963714600e-01
1.058674454689025879e-01
1.058849692344665527e-01
1.059025228023529053e-01
1.059199869632720947e-01
1.059374511241912842e-01
1.059547960758209229e-01
1.059721410274505615e-01
1.059894263744354248e-01
1.060068011283874512e-01
1.060239374637603760e-01
1.060411036014556885e-01
1.060581505298614502e-01
1.060751974582672119e-01
1.060922741889953613e-01
1.061092615127563477e-01
1.061262488365173340e-01
1.061430871486663818e-01
1.061598658561706543e-01
1.061767935752868652e-01
1.061935424804687500e-01
1.062102019786834717e-01
1.062268614768981934e-01
1.062435209751129150e-01
1.062601506710052490e-01
1.062766313552856445e-01
1.062932014465332031e-01
1.063096225261688232e-01
1.063260436058044434e-01
1.063424646854400635e-01
1.063586473464965820e-01
1.063749492168426514e-01
1.063913106918334961e-01
1.064074337482452393e-01
1.064236760139465332e-01
1.064397096633911133e-01
1.064558029174804688e-01
1.064718663692474365e-01
1.064877808094024658e-01
1.065037250518798828e-01
1.065196394920349121e-01
1.065355539321899414e-01
1.065514087677001953e-01
1.065671145915985107e-01
1.065828800201416016e-01
1.065985858440399170e-01
1.066142618656158447e-01
1.066298782825469971e-01
1.066454052925109863e-01
1.066610515117645264e-01
1.066764593124389648e-01
1.066919565200805664e-01
1.067074239253997803e-01
1.067227423191070557e-01
1.067381501197814941e-01
1.067533791065216064e-01
1.067687273025512695e-01
1.067839264869689941e-01
1.067991256713867188e-01
1.068142950534820557e-01
1.068293154239654541e-01
1.068443953990936279e-01
1.068594753742218018e-01
1.068744957447052002e-01
1.068894267082214355e-01
1.069043576717376709e-01
1.069192290306091309e-01
1.069341003894805908e-01
1.069488823413848877e-01
1.069637238979339600e-01
1.069783568382263184e-01
1.069930493831634521e-01
1.070077419281005859e-01
1.070223748683929443e-01
1.070369482040405273e-01
1.070515215396881104e-01
1.070660352706909180e-01
1.070805490016937256e-01
1.070949435234069824e-01
1.071093976497650146e-01
1.071237027645111084e-01
1.071380972862243652e-01
1.071523427963256836e-01
1.071666181087493896e-01
1.071808934211730957e-01
1.071950197219848633e-01
1.072092354297637939e-01
1.072233319282531738e-01
1.072374284267425537e-01
1.072514653205871582e-01
1.072654724121093750e-01
1.072794795036315918e-01
1.072934269905090332e-01
1.073073446750640869e-01
1.073212325572967529e-01
1.073351502418518066e-01
1.073489189147949219e-01
1.073626577854156494e-01
1.073764860630035400e-01
1.073902249336242676e-01
1.074039041996002197e-01
1.074175238609313965e-01
1.074311435222625732e-01
1.074447333812713623e-01
1.074582934379577637e-01
1.074718236923217773e-01
1.074852645397186279e-01
1.074987649917602539e-01
1.075122058391571045e-01
1.075256168842315674e-01
1.075389683246612549e-01
1.075522899627685547e-01
1.075656116008758545e-01
1.075787842273712158e-01
1.075921058654785156e-01
1.076053380966186523e-01
1.076185107231140137e-01
1.076317131519317627e-01
1.076447963714599609e-01
1.076578497886657715e-01
1.076709330081939697e-01
1.076839268207550049e-01
1.076969206333160400e-01
1.077099144458770752e-01
1.077228486537933350e-01
1.077357232570648193e-01
1.077486276626586914e-01
1.077614426612854004e-01
1.077743470668792725e-01
1.077871322631835938e-01
1.077999472618103027e-01
1.078126430511474609e-01
1.078253090381622314e-01
1.078380644321441650e-01
1.078506708145141602e-01
1.078632771968841553e-01
1.078758537769317627e-01
1.078884303569793701e-01
1.079010367393493652e-01
1.079134345054626465e-01
1.079259514808654785e-01
1.079384088516235352e-01
1.079508364200592041e-01
1.079632937908172607e-01
1.079756617546081543e-01
1.079879701137542725e-01
1.080003380775451660e-01
1.080126166343688965e-01
1.080248653888702393e-01
1.080371439456939697e-01
1.080493330955505371e-01
1.080614924430847168e-01
1.080737113952636719e-01
1.080858707427978516e-01
1.080979406833648682e-01
1.081100702285766602e-01
1.081221103668212891e-01
1.081342399120330811e-01
1.081461906433105469e-01
1.081581413745880127e-01
1.081701517105102539e-01
1.081820726394653320e-01
1.081939935684204102e-01
1.082058250904083252e-01
1.082177758216857910e-01
1.082295477390289307e-01
1.082413792610168457e-01
1.082531511783599854e-01
1.082650423049926758e-01
1.082767844200134277e-01
1.082884371280670166e-01
1.083002090454101562e-01
1.083118021488189697e-01
1.083234548568725586e-01
1.083351373672485352e-01
1.083467304706573486e-01
1.083582937717437744e-01
1.083699166774749756e-01
1.083814799785614014e-01
1.083929538726806641e-01
1.084044575691223145e-01
1.084159016609191895e-01
1.084273457527160645e-01
1.084388494491577148e-01
1.084502637386322021e-01
1.084616482257843018e-01
1.084730029106140137e-01
1.084842979907989502e-01
1.084956824779510498e-01
1.085069477558135986e-01
1.085182428359985352e-01
1.085295677185058594e-01
1.085408031940460205e-01
1.085520088672637939e-01
1.085631847381591797e-01
1.085743904113769531e-01
1.085855066776275635e-01
1.085967123508453369e-01
1.086077988147735596e-01
1.086189150810241699e-01
1.086299419403076172e-01
1.086410582065582275e-01
1.086520850658416748e-01
1.086631119251251221e-01
1.086741387844085693e-01
1.086850762367248535e-01
1.086961328983306885e-01
1.087070703506469727e-01
1.087179481983184814e-01
1.087288558483123779e-01
1.087397634983062744e-01
1.087506711483001709e-01
1.087614297866821289e-01
1.087723672389984131e-01
1.087832152843475342e-01
1.087939739227294922e-01
1.088047325611114502e-01
1.088155806064605713e-01
1.088262796401977539e-01
1.088370382785797119e-01
1.088477075099945068e-01
1.088584363460540771e-01
1.088691353797912598e-01
1.088797152042388916e-01
1.088904142379760742e-01
1.089010536670684814e-01
1.089116930961608887e-01
1.089223027229309082e-01
1.089327931404113770e-01
1.089434027671813965e-01
1.089539527893066406e-01
1.089644730091094971e-01
1.089750230312347412e-01
1.089855134487152100e-01
1.089960038661956787e-01
1.090064346790313721e-01
1.090169548988342285e-01
1.090273559093475342e-01
1.090377271175384521e-01
1.090482473373413086e-01
1.090585887432098389e-01
1.090690195560455322e-01
1.090793609619140625e-01
1.090897619724273682e-01
1.091000735759735107e-01
1.091103255748748779e-01
1.091206669807434082e-01
1.091309487819671631e-01
1.091412603855133057e-01
1.091514825820922852e-01
1.091617643833160400e-01
1.091719865798950195e-01
1.091822385787963867e-01
1.091924309730529785e-01
1.092025935649871826e-01
1.092127859592437744e-01
1.092229187488555908e-01
1.092331409454345703e-01
1.092432737350463867e-01
1.092533767223358154e-01
1.092635095119476318e-01
1.092736423015594482e-01
1.092837452888488770e-01
1.092937886714935303e-01
1.093038618564605713e-01
1.093138754367828369e-01
1.093238890171051025e-01
1.093339622020721436e-01
1.093439757823944092e-01
1.093539595603942871e-01
1.093640029430389404e-01
1.093739867210388184e-01
1.093839406967163086e-01
1.093939542770385742e-01
1.094038784503936768e-01
1.094137728214263916e-01
1.094237565994262695e-01
1.094335615634918213e-01
1.094435453414916992e-01
1.094534695148468018e-01
1.094633340835571289e-01
1.094732284545898438e-01
1.094830036163330078e-01
1.094928979873657227e-01
1.095027327537536621e-01
1.095125377178192139e-01
1.095224320888519287e-01
1.095322072505950928e-01
1.095419824123382568e-01
1.095517277717590332e-01
1.095615327358245850e-01
1.095713078975677490e-01
1.095811128616333008e-01
1.095907986164093018e-01
1.096006035804748535e-01
1.096102893352508545e-01
1.096200048923492432e-01
1.096297204494476318e-01
1.096393764019012451e-01
1.096491515636444092e-01
1.096588373184204102e-01
1.096684634685516357e-01
1.096781492233276367e-01
1.096877753734588623e-01
1.096974313259124756e-01
1.097070872783660889e-01
1.097167730331420898e-01
1.097263097763061523e-01
1.097359657287597656e-01
1.097455322742462158e-01
1.097551584243774414e-01
1.097647249698638916e-01
1.097743213176727295e-01
1.097839176654815674e-01
1.097935140132904053e-01
1.098030805587768555e-01
1.098125874996185303e-01
1.098221242427825928e-01
1.098317205905914307e-01
1.098412573337554932e-01
1.098507046699523926e-01
1.098602116107940674e-01
1.098697483539581299e-01
1.098792254924774170e-01
1.098887026309967041e-01
1.098982691764831543e-01
1.099077165126800537e-01
1.099172234535217285e-01
1.099266409873962402e-01
1.099360883235931396e-01
1.099455356597900391e-01
1.099550127983093262e-01
1.099644303321838379e-01
1.099738776683807373e-01
1.099833250045776367e-01
1.099926829338073730e-01
1.100021302700042725e-01
1.100115180015563965e-01
1.100209951400756836e-01
1.100303232669830322e-01
1.100398004055023193e-01
1.100491285324096680e-01
1.100585460662841797e-01
1.100679039955139160e-01
1.100772321224212646e-01
1.100866496562957764e-01
1.100959479808807373e-01
1.101053953170776367e-01
1.101146638393402100e-01
1.101240515708923340e-01
1.101333200931549072e-01
1.101426482200622559e-01
1.101520359516143799e-01
1.101613938808441162e-01
1.101706624031066895e-01
1.101800203323364258e-01
1.101892888545989990e-01
1.101986169815063477e-01
1.102078855037689209e-01
1.102171540260314941e-01
1.102264523506164551e-01
1.102358102798461914e-01
1.102450489997863770e-01
1.102543473243713379e-01
1.102636158466339111e-01
1.102729141712188721e-01
1.102821230888366699e-01
1.102913916110992432e-01
1.103006899356842041e-01
1.103099286556243896e-01
1.103191971778869629e-01
1.103284060955047607e-01
1.103377044200897217e-01
1.103469431400299072e-01
1.103561818599700928e-01
1.103653907775878906e-01
1.103745996952056885e-01
1.103838384151458740e-01
1.103931367397308350e-01
1.104022860527038574e-01
1.104115247726440430e-01
1.104207634925842285e-01
1.104299128055572510e-01
1.104391813278198242e-01
1.104483604431152344e-01
1.104575991630554199e-01
1.104667484760284424e-01
1.104759871959686279e-01
1.104851961135864258e-01
1.104943454265594482e-01
1.105035543441772461e-01
1.105127334594726562e-01
1.105219721794128418e-01
1.105311512947082520e-01
1.105403602123260498e-01
1.105494797229766846e-01
1.105586588382720947e-01
1.105678379535675049e-01
1.105769872665405273e-01
1.105862259864807129e-01
1.105953454971313477e-01
1.106045246124267578e-01
1.106137037277221680e-01
1.106228232383728027e-01
1.106319725513458252e-01
1.106411516666412354e-01
1.106503307819366455e-01
1.106595098972320557e-01
1.106686890125274658e-01
1.106778383255004883e-01
1.106870174407958984e-01
1.106961369514465332e-01
1.107052564620971680e-01
1.107144057750701904e-01
1.107235252857208252e-01
1.107326745986938477e-01
1.107418537139892578e-01
1.107510030269622803e-01
1.107601523399353027e-01
1.107693314552307129e-01
1.107784211635589600e-01
1.107876002788543701e-01
1.107967197895050049e-01
1.108058393001556396e-01
1.108150184154510498e-01
1.108241081237792969e-01
1.108332872390747070e-01
1.108423769474029541e-01
1.108515560626983643e-01
1.108607351779937744e-01
1.108698248863220215e-01
1.108789443969726562e-01
1.108880639076232910e-01
1.108972132205963135e-01
1.109063327312469482e-01
1.109155416488647461e-01
1.109246909618377686e-01
1.109337508678436279e-01
1.109428703784942627e-01
1.109520494937896729e-01
1.109611690044403076e-01
1.109702885150909424e-01
1.109794080257415771e-01
1.109885275363922119e-01
1.109976470470428467e-01
1.110067963600158691e-01
1.110160052776336670e-01
1.110251247882843018e-01
1.110342442989349365e-01
1.110433936119079590e-01
1.110524833202362061e-01
1.110616624355316162e-01
1.110707521438598633e-01
1.110798418521881104e-01
1.110890805721282959e-01
1.110981106758117676e-01
1.111073195934295654e-01
1.111164093017578125e-01
1.111255586147308350e-01
1.111347377300262451e-01
1.111438870429992676e-01
1.111530363559722900e-01
1.111621260643005371e-01
1.111713051795959473e-01
1.111804246902465820e-01
1.111895442008972168e-01
1.111987233161926270e-01
1.112079024314880371e-01
1.112169921398162842e-01
1.112261712551116943e-01
1.112353205680847168e-01
1.112444698810577393e-01
1.112536489963531494e-01
1.112627387046813965e-01
1.112719476222991943e-01
1.112810671329498291e-01
1.112901568412780762e-01
1.112993657588958740e-01
1.113085448741912842e-01
1.113177239894866943e-01
1.113268733024597168e-01
1.113360524177551270e-01
1.113451719284057617e-01
1.113543212413787842e-01
1.113635003566741943e-01
1.113726794719696045e-01
1.113817989826202393e-01
1.113910079002380371e-01
1.114001870155334473e-01
1.114093065261840820e-01
1.114185154438018799e-01
1.114276647567749023e-01
1.114368736743927002e-01
1.114460825920104980e-01
1.114552021026611328e-01
1.114644110202789307e-01
1.114736199378967285e-01
1.114827692508697510e-01
1.114919781684875488e-01
1.115011572837829590e-01
1.115103363990783691e-01
1.115194559097290039e-01
1.115286946296691895e-01
1.115379333496093750e-01
1.115471124649047852e-01
1.115563213825225830e-01
1.115655004978179932e-01
1.115746796131134033e-01
1.115839779376983643e-01
1.115931570529937744e-01
1.116023659706115723e-01
1.116115152835845947e-01
1.116207540035247803e-01
1.116299927234649658e-01
1.116392314434051514e-01
1.116484701633453369e-01
1.116576194763183594e-01
1.116668283939361572e-01
1.116760373115539551e-01
1.116853356361389160e-01
1.116944849491119385e-01
1.117037832736968994e-01
1.117130219936370850e-01
1.117222607135772705e-01
1.117314398288726807e-01
1.117407381534576416e-01
1.117499470710754395e-01
1.117591857910156250e-01
1.117683947086334229e-01
1.117777228355407715e-01
1.117869317531585693e-01
1.117962300777435303e-01
1.118054687976837158e-01
1.118147075176239014e-01
1.118240058422088623e-01
1.118332445621490479e-01
1.118425726890563965e-01
1.118517816066741943e-01
1.118610501289367676e-01
1.118703186511993408e-01
1.118795871734619141e-01
1.118888854980468750e-01
1.118981540203094482e-01
1.119073927402496338e-01
1.119167208671569824e-01
1.119259893894195557e-01
1.119353473186492920e-01
1.119445860385894775e-01
1.119539141654968262e-01
1.119632124900817871e-01
1.119725108146667480e-01
1.119818389415740967e-01
1.119911074638366699e-01
1.120004057884216309e-01
1.120097339153289795e-01
1.120190620422363281e-01
1.120283305644989014e-01
1.120376586914062500e-01
1.120470166206359863e-01
1.120563149452209473e-01
1.120656430721282959e-01
1.120749711990356445e-01
1.120843291282653809e-01
1.120936572551727295e-01
1.121029853820800781e-01
1.121123433113098145e-01
1.121216714382171631e-01
1.121310591697692871e-01
1.121403872966766357e-01
1.121497154235839844e-01
1.121590435504913330e-01
1.121684610843658447e-01
1.121777594089508057e-01
1.121872067451477051e-01
1.121965348720550537e-01
1.122059226036071777e-01
1.122153401374816895e-01
1.122246384620666504e-01
1.122340559959411621e-01
1.122433245182037354e-01
1.122527420520782471e-01
1.122621595859527588e-01
1.122715175151824951e-01
1.122809350490570068e-01
1.122903525829315186e-01
1.122997403144836426e-01
1.123091280460357666e-01
1.123184859752655029e-01
1.123279035091400146e-01
1.123373508453369141e-01
1.123467981815338135e-01
1.123561859130859375e-01
1.123655140399932861e-01
1.123750209808349609e-01
1.123844683170318604e-01
1.123937964439392090e-01
1.124032735824584961e-01
1.124126613140106201e-01
1.124221086502075195e-01
1.124315559864044189e-01
1.124409139156341553e-01
1.124504208564758301e-01
1.124599277973175049e-01
1.124693155288696289e-01
1.124787628650665283e-01
1.124882400035858154e-01
1.124977171421051025e-01
1.125071644783020020e-01
1.125166118144989014e-01
1.125260591506958008e-01
1.125355064868927002e-01
1.125449538230895996e-01
1.125544905662536621e-01
1.125639081001281738e-01
1.125734150409698486e-01
1.125828921794891357e-01
1.125923991203308105e-01
1.126018762588500977e-01
1.126113235950469971e-01
1.126208305358886719e-01
1.126303672790527344e-01
1.126398444175720215e-01
1.126492917537689209e-01
1.126587688922882080e-01
1.126683652400970459e-01
1.126778125762939453e-01
1.126872897148132324e-01
1.126967966556549072e-01
1.127063930034637451e-01
1.127158403396606445e-01
1.127254068851470947e-01
1.127349138259887695e-01
1.127444505691528320e-01
1.127539277076721191e-01
1.127635240554809570e-01
1.127730607986450195e-01
1.127825975418090820e-01
1.127921044826507568e-01
1.128017008304595947e-01
1.128112375736236572e-01
1.128207147121429443e-01
1.128302812576293945e-01
1.128398776054382324e-01
1.128494143486022949e-01
1.128588914871215820e-01
1.128685474395751953e-01
1.128780841827392578e-01
1.128876507282257080e-01
1.128972172737121582e-01
1.129068136215209961e-01
1.129163205623626709e-01
1.129258871078491211e-01
1.129355132579803467e-01
1.129451394081115723e-01
1.129547059535980225e-01
1.129643023014068604e-01
1.129738390445709229e-01
1.129834353923797607e-01
1.129930913448333740e-01
1.130026876926422119e-01
1.130121946334838867e-01
1.130218803882598877e-01
1.130314469337463379e-01
1.130411326885223389e-01
1.130506694316864014e-01
1.130603253841400146e-01
1.130698919296264648e-01
1.130794882774353027e-01
1.130891144275665283e-01
1.130987703800201416e-01
1.131083071231842041e-01
1.131179928779602051e-01
1.131276488304138184e-01
1.131372749805450439e-01
1.131469011306762695e-01
1.131565570831298828e-01
1.131662130355834961e-01
1.131758391857147217e-01
1.131854355335235596e-01
1.131951212882995605e-01
1.132046878337860107e-01
1.132144331932067871e-01
1.132240295410156250e-01
1.132337749004364014e-01
1.132433712482452393e-01
1.132530570030212402e-01
1.132627427577972412e-01
1.132723391056060791e-01
1.132820248603820801e-01
1.132917106151580811e-01
1.133013367652893066e-01
1.133110523223876953e-01
1.133207082748413086e-01
1.133304536342620850e-01
1.133400201797485352e-01
1.133497655391693115e-01
1.133594214916229248e-01
1.133691072463989258e-01
1.133787930011749268e-01
1.133884489536285400e-01
1.133981645107269287e-01
1.134078800678253174e-01
1.134175658226013184e-01
1.134273111820220947e-01
1.134369373321533203e-01
1.134466826915740967e-01
1.134563982486724854e-01
1.134660243988037109e-01
1.134757697582244873e-01
1.134855151176452637e-01
1.134952008724212646e-01
1.135049462318420410e-01
1.135146617889404297e-01
1.135243475437164307e-01
1.135340332984924316e-01
1.135438084602355957e-01
1.135535240173339844e-01
1.135632097721099854e-01
1.135729849338531494e-01
1.135827898979187012e-01
1.135924756526947021e-01
1.136021912097930908e-01
1.136119365692138672e-01
1.136216819286346436e-01
1.136313974857330322e-01
1.136411726474761963e-01
1.136508882045745850e-01
1.136606633663177490e-01
1.136703491210937500e-01
1.136801242828369141e-01
1.136898398399353027e-01
1.136996746063232422e-01
1.137094199657440186e-01
1.137191057205200195e-01
1.137289404869079590e-01
1.137386560440063477e-01
1.137484014034271240e-01
1.137581467628479004e-01
1.137679219245910645e-01
1.137777268886566162e-01
1.137874424457550049e-01
1.137972474098205566e-01
1.138070225715637207e-01
1.138167083263397217e-01
1.138265132904052734e-01
1.138362884521484375e-01
1.138461232185363770e-01
1.138558685779571533e-01
1.138657033443450928e-01
1.138753890991210938e-01
1.138851940631866455e-01
1.138949990272521973e-01
1.139047443866729736e-01
1.139145493507385254e-01
1.139244139194488525e-01
1.139340996742248535e-01
1.139439046382904053e-01
1.139537096023559570e-01
1.139634549617767334e-01
1.139732599258422852e-01
1.139831244945526123e-01
1.139928698539733887e-01
1.140026748180389404e-01
1.140124499797821045e-01
1.140222847461700439e-01
1.140320599079132080e-01
1.140418648719787598e-01
1.140517294406890869e-01
1.140615046024322510e-01
1.140713393688201904e-01
1.140810847282409668e-01
1.140908896923065186e-01
1.141006946563720703e-01
1.141104400157928467e-01
1.141203045845031738e-01
1.141301393508911133e-01
1.141399443149566650e-01
1.141496896743774414e-01
1.141595244407653809e-01
1.141693592071533203e-01
1.141791641712188721e-01
1.141890287399291992e-01
1.141988635063171387e-01
1.142086982727050781e-01
1.142184734344482422e-01
1.142283082008361816e-01
1.142381131649017334e-01
1.142479181289672852e-01
1.142577528953552246e-01
1.142675578594207764e-01
1.142773926258087158e-01
1.142871975898742676e-01
1.142970025539398193e-01
1.143068671226501465e-01
1.143167018890380859e-01
1.143265664577484131e-01
1.143363118171691895e-01
1.143461763858795166e-01
1.143559515476226807e-01
1.143658459186553955e-01
1.143756508827209473e-01
1.143854856491088867e-01
1.143953502178192139e-01
1.144051253795623779e-01
1.144149303436279297e-01
1.144248247146606445e-01
1.144346594810485840e-01
1.144444644451141357e-01
1.144542992115020752e-01
1.144641339778900146e-01
1.144739985466003418e-01
1.144838631153106689e-01
1.144936680793762207e-01
1.145035028457641602e-01
1.145133376121520996e-01
1.145231127738952637e-01
1.145330369472503662e-01
1.145427823066711426e-01
1.145526766777038574e-01
1.145625114440917969e-01
1.145723164081573486e-01
1.145822107791900635e-01
1.145920455455780029e-01
1.146018803119659424e-01
1.146117150783538818e-01
1.146215200424194336e-01
1.146313250064849854e-01
1.146412193775177002e-01
1.146511137485504150e-01
1.146609485149383545e-01
1.146707236766815186e-01
1.146806478500366211e-01
1.146904230117797852e-01
1.147002577781677246e-01
1.147100925445556641e-01
1.147199273109436035e-01
1.147297918796539307e-01
1.147396266460418701e-01
1.147494614124298096e-01
1.147593557834625244e-01
1.147691607475280762e-01
1.147789955139160156e-01
1.147888004779815674e-01
1.147986948490142822e-01
1.148085296154022217e-01
1.148184239864349365e-01
1.148281991481781006e-01
1.148380041122436523e-01
1.148479282855987549e-01
1.148577332496643066e-01
1.148675680160522461e-01
1.148774027824401855e-01
1.148872375488281250e-01
1.148970723152160645e-01
1.149068772792816162e-01
1.149167120456695557e-01
1.149265766143798828e-01
1.149364113807678223e-01
1.149462461471557617e-01
1.149560511112213135e-01
1.149659454822540283e-01
1.149757802486419678e-01
1.149855852127075195e-01
1.149953901767730713e-01
1.150052249431610107e-01
1.150150895118713379e-01
1.150249540805816650e-01
1.150347292423248291e-01
1.150445342063903809e-01
1.150543689727783203e-01
1.150642633438110352e-01
1.150740683078765869e-01
1.150838732719421387e-01
1.150937378406524658e-01
1.151035726070404053e-01
1.151133477687835693e-01
1.151231825351715088e-01
1.151330769062042236e-01
1.151428818702697754e-01
1.151527166366577148e-01
1.151624917984008789e-01
1.151723563671112061e-01
1.151821017265319824e-01
1.151919662952423096e-01
1.152017414569854736e-01
1.152116060256958008e-01
1.152214407920837402e-01
1.152311861515045166e-01
1.152411103248596191e-01
1.152508854866027832e-01
1.152606904506683350e-01
1.152704358100891113e-01
1.152802705764770508e-01
1.152901351451873779e-01
1.152999103069305420e-01
1.153096854686737061e-01
1.153195500373840332e-01
1.153293848037719727e-01
1.153391301631927490e-01
1.153489947319030762e-01
1.153587698936462402e-01
1.153686642646789551e-01
1.153783798217773438e-01
1.153882145881652832e-01
1.153979897499084473e-01
1.154077947139739990e-01
1.154175698757171631e-01
1.154273748397827148e-01
1.154371500015258789e-01
1.154469549655914307e-01
1.154567301273345947e-01
1.154665648937225342e-01
1.154763400554656982e-01
1.154861152172088623e-01
1.154959797859191895e-01
1.155056953430175781e-01
1.155155003070831299e-01
1.155253052711486816e-01
1.155350804328918457e-01
1.155448555946350098e-01
1.155546903610229492e-01
1.155644059181213379e-01
1.155742406845092773e-01
1.155839860439300537e-01
1.155937314033508301e-01
1.156035065650939941e-01
1.156132519245147705e-01
1.156231164932250977e-01
1.156328320503234863e-01
1.156425476074218750e-01
1.156523823738098145e-01
1.156621277332305908e-01
1.156718432903289795e-01
1.156816482543945312e-01
1.156913638114929199e-01
1.157012283802032471e-01
1.157109141349792480e-01
1.157206892967224121e-01
1.157304048538208008e-01
1.157401800155639648e-01
1.157499253749847412e-01
1.157597005367279053e-01
1.157694458961486816e-01
1.157791018486022949e-01
1.157889664173126221e-01
1.157986819744110107e-01
1.158084273338317871e-01
1.158181428909301758e-01
1.158278882503509521e-01
1.158376336097717285e-01
1.158473789691925049e-01
1.158570945262908936e-01
1.158668100833892822e-01
1.158765554428100586e-01
1.158862709999084473e-01
1.158960163593292236e-01
1.159057021141052246e-01
1.159154772758483887e-01
1.159252226352691650e-01
1.159349083900451660e-01
1.159446239471435547e-01
1.159543097019195557e-01
1.159640848636627197e-01
1.159737110137939453e-01
1.159834265708923340e-01
1.159931719303131104e-01
1.160029172897338867e-01
1.160125136375427246e-01
1.160222887992858887e-01
1.160319447517395020e-01
1.160416305065155029e-01
1.160513162612915039e-01
1.160610914230346680e-01
1.160706579685211182e-01
1.160803437232971191e-01
1.160900890827178955e-01
1.160997748374938965e-01
1.161094903945922852e-01
1.161191165447235107e-01
1.161287724971771240e-01
1.161384582519531250e-01
1.161481738090515137e-01
1.161578893661499023e-01
1.161674559116363525e-01
1.161771416664123535e-01
1.161868274211883545e-01
1.161964535713195801e-01
1.162061691284179688e-01
1.162157654762268066e-01
1.162253916263580322e-01
1.162350773811340332e-01
1.162447631359100342e-01
1.162543296813964844e-01
1.162640452384948730e-01
1.162736713886260986e-01
1.162833273410797119e-01
1.162929534912109375e-01
1.163025796413421631e-01
1.163122057914733887e-01
1.163218319416046143e-01
1.163314878940582275e-01
1.163411438465118408e-01
1.163507401943206787e-01
1.163603961467742920e-01
1.163699924945831299e-01
1.163796484470367432e-01
1.163892745971679688e-01
1.163988411426544189e-01
1.164084672927856445e-01
1.164180040359497070e-01
1.164276897907257080e-01
1.164372861385345459e-01
1.164468526840209961e-01
1.164564490318298340e-01
1.164660751819610596e-01
1.164756715297698975e-01
1.164852976799011230e-01
1.164948642253875732e-01
1.165044307708740234e-01
1.165140271186828613e-01
1.165235936641693115e-01
1.165331602096557617e-01
1.165426969528198242e-01
1.165522933006286621e-01
1.165618896484375000e-01
1.165714859962463379e-01
1.165810227394104004e-01
1.165904998779296875e-01
1.166001260280609131e-01
1.166096925735473633e-01
1.166192293167114258e-01
1.166287660598754883e-01
1.166383624076843262e-01
1.166478395462036133e-01
1.166574358940124512e-01
1.166669726371765137e-01
1.166764795780181885e-01
1.166860461235046387e-01
1.166955530643463135e-01
1.167050600051879883e-01
1.167146265506744385e-01
1.167241632938385010e-01
1.167336702346801758e-01
1.167431771755218506e-01
1.167527139186859131e-01
1.167621910572052002e-01
1.167717278003692627e-01
1.167812049388885498e-01
1.167908012866973877e-01
1.168002486228942871e-01
1.168097555637359619e-01
1.168192028999328613e-01
1.168287098407745361e-01
1.168381869792938232e-01
1.168477535247802734e-01
1.168572008609771729e-01
1.168666183948516846e-01
1.168761551380157471e-01
1.168856024742126465e-01
1.168950796127319336e-01
1.169045865535736084e-01
1.169140636920928955e-01
1.169235110282897949e-01
1.169329583644866943e-01
1.169424355030059814e-01
1.169519126415252686e-01
1.169613301753997803e-01
1.169707477092742920e-01
1.169802248477935791e-01
1.169896125793457031e-01
1.169991493225097656e-01
1.170085668563842773e-01
1.170179843902587891e-01
1.170274317264556885e-01
1.170368194580078125e-01
1.170462965965270996e-01
1.170557439327239990e-01
1.170651316642761230e-01
1.170746088027954102e-01
1.170839369297027588e-01
1.170933544635772705e-01
1.171028017997741699e-01
1.171121597290039062e-01
1.171215772628784180e-01
1.171309649944305420e-01
1.171403825283050537e-01
1.171497702598571777e-01
1.171591579914093018e-01
1.171685457229614258e-01
1.171779334545135498e-01
1.171872913837432861e-01
1.171967089176177979e-01
1.172060966491699219e-01
1.172154545783996582e-01
1.172248721122741699e-01
1.172341704368591309e-01
1.172435581684112549e-01
1.172529458999633789e-01
1.172622740268707275e-01
1.172716319561004639e-01
1.172809600830078125e-01
1.172903180122375488e-01
1.172996461391448975e-01
1.173090338706970215e-01
1.173183321952819824e-01
1.173276603221893311e-01
1.173370182514190674e-01
1.173463165760040283e-01
1.173556745052337646e-01
1.173649728298187256e-01
1.173743307590484619e-01
1.173836290836334229e-01
1.173929572105407715e-01
1.174021959304809570e-01
1.174115240573883057e-01
1.174208521842956543e-01
1.174301505088806152e-01
1.174394190311431885e-01
1.174487173557281494e-01
1.174580454826354980e-01
1.174673140048980713e-01
1.174765825271606445e-01
1.174858808517456055e-01
1.174951493740081787e-01
1.175044775009155273e-01
1.175136864185333252e-01
1.175230145454406738e-01
1.175322830677032471e-01
1.175414621829986572e-01
1.175507605075836182e-01
1.175600588321685791e-01
1.175692379474639893e-01
1.175785660743713379e-01
1.175877451896667480e-01
1.175970435142517090e-01
1.176062226295471191e-01
1.176154315471649170e-01
1.176247000694274902e-01
1.176339685916900635e-01
1.176431775093078613e-01
1.176524460315704346e-01
1.176615953445434570e-01
1.176709234714508057e-01
1.176801025867462158e-01
1.176893115043640137e-01
1.176984906196594238e-01
1.177076995372772217e-01
1.177168786525726318e-01
1.177261471748352051e-01
1.177352666854858398e-01
1.177444756031036377e-01
1.177537143230438232e-01
1.177628636360168457e-01
1.177720427513122559e-01
1.177812516689300537e-01
1.177904307842254639e-01
1.177995502948760986e-01
1.178087592124938965e-01
1.178179681301116943e-01
1.178270876407623291e-01
1.178362071514129639e-01
1.178454458713531494e-01
1.178545951843261719e-01
1.178637146949768066e-01
1.178728640079498291e-01
1.178820431232452393e-01
1.178911626338958740e-01
1.179002821445465088e-01
1.179094016551971436e-01
1.179185211658477783e-01
1.179276406764984131e-01
1.179368793964385986e-01
1.179459393024444580e-01
1.179549992084503174e-01
1.179642081260681152e-01
1.179732978343963623e-01
1.179823577404022217e-01
1.179914176464080811e-01
1.180005371570587158e-01
1.180097162723541260e-01
1.180187761783599854e-01
1.180278956890106201e-01
1.180369853973388672e-01
1.180461049079895020e-01
1.180551052093505859e-01
1.180642545223236084e-01
1.180733144283294678e-01
1.180823147296905518e-01
1.180914640426635742e-01
1.181004941463470459e-01
1.181095540523529053e-01
1.181186139583587646e-01
1.181277036666870117e-01
1.181367933750152588e-01
1.181457936763763428e-01
1.181548833847045898e-01
1.181639134883880615e-01
1.181729435920715332e-01
1.181820034980773926e-01
1.181910037994384766e-01
1.182000637054443359e-01
1.182090640068054199e-01
1.182180941104888916e-01
1.182271838188171387e-01
1.182361245155334473e-01
1.182452142238616943e-01
1.182542145252227783e-01
1.182632148265838623e-01
1.182722151279449463e-01
1.182811558246612549e-01
1.182902157306671143e-01
1.182992756366729736e-01
1.183082163333892822e-01
1.183171570301055908e-01
1.183262169361114502e-01
1.183351874351501465e-01
1.183441877365112305e-01
1.183531284332275391e-01
1.183621287345886230e-01
1.183710992336273193e-01
1.183801293373107910e-01
1.183890700340270996e-01
1.183980405330657959e-01
1.184069812297821045e-01
1.184158921241760254e-01
1.184248626232147217e-01
1.184338927268981934e-01
1.184428036212921143e-01
1.184517443180084229e-01
1.184607446193695068e-01
1.184696257114410400e-01
1.184785366058349609e-01
1.184874773025512695e-01
1.184964478015899658e-01
1.185053586959838867e-01
1.185142993927001953e-01
1.185232102870941162e-01
1.185321509838104248e-01
1.185410618782043457e-01
1.185499429702758789e-01
1.185589134693145752e-01
1.185678243637084961e-01
1.185766756534576416e-01
1.185855865478515625e-01
1.185944974422454834e-01
1.186033785343170166e-01
1.186122596263885498e-01
1.186212003231048584e-01
1.186300516128540039e-01
1.186389625072479248e-01
1.186478137969970703e-01
1.186567246913909912e-01
1.186656057834625244e-01
1.186744272708892822e-01
1.186833083629608154e-01
1.186921894550323486e-01
1.187010109424591064e-01
1.187099218368530273e-01
1.187188029289245605e-01
1.187276244163513184e-01
1.187364757061004639e-01
1.187453866004943848e-01
1.187541782855987549e-01
1.187629997730255127e-01
1.187718510627746582e-01
1.187807321548461914e-01
1.187895834445953369e-01
1.187983453273773193e-01
1.188071966171264648e-01
1.188160777091979980e-01
1.188248395919799805e-01
1.188336908817291260e-01
1.188425123691558838e-01
1.188513636589050293e-01
1.188601255416870117e-01
1.188689470291137695e-01
1.188778281211853027e-01
1.188865602016448975e-01
1.188953518867492676e-01
1.189042031764984131e-01
1.189129352569580078e-01
1.189217269420623779e-01
1.189305484294891357e-01
1.189393103122711182e-01
1.189481616020202637e-01
1.189568936824798584e-01
1.189657151699066162e-01
1.189744770526885986e-01
1.189832687377929688e-01
1.189920604228973389e-01
1.190008223056793213e-01
1.190096437931060791e-01
1.190183758735656738e-01
1.190271377563476562e-01
1.190358102321624756e-01
1.190445721149444580e-01
1.190533936023712158e-01
1.190621852874755859e-01
1.190709173679351807e-01
1.190796196460723877e-01
1.190883517265319824e-01
1.190971136093139648e-01
1.191057860851287842e-01
1.191145777702331543e-01
1.191233396530151367e-01
1.191320419311523438e-01
1.191408336162567139e-01
1.191495656967163086e-01
1.191582977771759033e-01
1.191670000553131104e-01
1.191756725311279297e-01
1.191844642162322998e-01
1.191931366920471191e-01
1.192018687725067139e-01
1.192106008529663086e-01
1.192193329334259033e-01
1.192280352115631104e-01
1.192367076873779297e-01
1.192454397678375244e-01
1.192540824413299561e-01
1.192627847194671631e-01
1.192714869976043701e-01
1.192801892757415771e-01
1.192888617515563965e-01
1.192975342273712158e-01
1.193062961101531982e-01
1.193149685859680176e-01
1.193235814571380615e-01
1.193322837352752686e-01
1.193409860134124756e-01
1.193496584892272949e-01
1.193583309650421143e-01
1.193670034408569336e-01
1.193756163120269775e-01
1.193843483924865723e-01
1.193929910659790039e-01
1.194016039371490479e-01
1.194103360176086426e-01
1.194189786911010742e-01
1.194275915622711182e-01
1.194362938404083252e-01
1.194449663162231445e-01
1.194535791873931885e-01
1.194622516632080078e-01
1.194708347320556641e-01
1.194795072078704834e-01
1.194881498813629150e-01
1.194967925548553467e-01
1.195054352283477783e-01
1.195140779018402100e-01
1.195227801799774170e-01
1.195313036441802979e-01
1.195399463176727295e-01
1.195485889911651611e-01
1.195572316646575928e-01
1.195658445358276367e-01
1.195744872093200684e-01
1.195830702781677246e-01
1.195916831493377686e-01
1.196002364158630371e-01
1.196089982986450195e-01
1.196175217628479004e-01
1.196261942386627197e-01
1.196347773075103760e-01
1.196434199810028076e-01
1.196519434452056885e-01
1.196605861186981201e-01
1.196692287921905518e-01
1.196777820587158203e-01
1.196863949298858643e-01
1.196949481964111328e-01
1.197036206722259521e-01
1.197121143341064453e-01
1.197207570075988770e-01
1.197293698787689209e-01
1.197378933429718018e-01
1.197465360164642334e-01
1.197550892829895020e-01
1.197637021541595459e-01
1.197722852230072021e-01
1.197808384895324707e-01
1.197894513607025146e-01
1.197979748249053955e-01
1.198066174983978271e-01
1.198151111602783203e-01
1.198236644268035889e-01
1.198323071002960205e-01
1.198408603668212891e-01
1.198494136333465576e-01
1.198579967021942139e-01
1.198666095733642578e-01
1.198751628398895264e-01
1.198836565017700195e-01
1.198922991752624512e-01
1.199007928371429443e-01
1.199093461036682129e-01
1.199179291725158691e-01
1.199264526367187500e-01
1.199350357055664062e-01
1.199436187744140625e-01
1.199521422386169434e-01
1.199606955051422119e-01
1.199692189693450928e-01
1.199777424335479736e-01
1.199862957000732422e-01
1.199948787689208984e-01
1.200033724308013916e-01
1.200119554996490479e-01
1.200204491615295410e-01
1.200290620326995850e-01
1.200375556945800781e-01
1.200460791587829590e-01
1.200546622276306152e-01
1.200631856918334961e-01
1.200717091560363770e-01
1.200802326202392578e-01
1.200887560844421387e-01
1.200972795486450195e-01
1.201058626174926758e-01
1.201143860816955566e-01
1.201229393482208252e-01
1.201314330101013184e-01
1.201399564743041992e-01
1.201484799385070801e-01
1.201570332050323486e-01
1.201655268669128418e-01
1.201740801334381104e-01
1.201825439929962158e-01
1.201910674571990967e-01
1.201995611190795898e-01
1.202080845832824707e-01
1.202166676521301270e-01
1.202251911163330078e-01
1.202336847782135010e-01
1.202422082424163818e-01
1.202507019042968750e-01
1.202591955661773682e-01
1.202676892280578613e-01
1.202762424945831299e-01
1.202847361564636230e-01
1.202932000160217285e-01
1.203017532825469971e-01
1.203102767467498779e-01
1.203188300132751465e-01
1.203272938728332520e-01
1.203358173370361328e-01
1.203443109989166260e-01
1.203528344631195068e-01
1.203612983226776123e-01
1.203698515892028809e-01
1.203783452510833740e-01
1.203868687152862549e-01
1.203953623771667480e-01
1.204038560390472412e-01
1.204123198986053467e-01
1.204209029674530029e-01
1.204293668270111084e-01
1.204378306865692139e-01
1.204463839530944824e-01
1.204548776149749756e-01
1.204633414745330811e-01
1.204718649387359619e-01
1.204803586006164551e-01
1.204887926578521729e-01
1.204973757266998291e-01
1.205058395862579346e-01
1.205143630504608154e-01
1.205228269100189209e-01
1.205313205718994141e-01
1.205398440361022949e-01
1.205483376979827881e-01
1.205568611621856689e-01
1.205653250217437744e-01
1.205738484859466553e-01
1.205823719501495361e-01
1.205908060073852539e-01
1.205993592739105225e-01
1.206078231334686279e-01
1.206163167953491211e-01
1.206248104572296143e-01
1.206333041191101074e-01
1.206418275833129883e-01
1.206503510475158691e-01
1.206588149070739746e-01
1.206672787666320801e-01
1.206757724285125732e-01
1.206842660903930664e-01
1.206927895545959473e-01
1.207011938095092773e-01
1.207098066806793213e-01
1.207182407379150391e-01
1.207267343997955322e-01
1.207352578639984131e-01
1.207437813282012939e-01
1.207522749900817871e-01
1.207607686519622803e-01
1.207692325115203857e-01
1.207777559757232666e-01
1.207862794399261475e-01
1.207947731018066406e-01
1.208032667636871338e-01
1.208118200302124023e-01
1.208202242851257324e-01
1.208288073539733887e-01
1.208372712135314941e-01
1.208457648754119873e-01
1.208542883396148682e-01
1.208628118038177490e-01
1.208713054656982422e-01
1.208797991275787354e-01
1.208882927894592285e-01
1.208967566490173340e-01
1.209052503108978271e-01
1.209138035774230957e-01
1.209223866462707520e-01
1.209308207035064697e-01
1.209393441677093506e-01
1.209478974342346191e-01
1.209563910961151123e-01
1.209648847579956055e-01
1.209733784198760986e-01
1.209819316864013672e-01
1.209904253482818604e-01
1.209989190101623535e-01
1.210074126720428467e-01
1.210159957408905029e-01
1.210244596004486084e-01
1.210329830646514893e-01
1.210414767265319824e-01
1.210500895977020264e-01
1.210585534572601318e-01
1.210670769214630127e-01
1.210756003856658936e-01
1.210841536521911621e-01
1.210926771163940430e-01
1.211011707782745361e-01
1.211096942424774170e-01
1.211182475090026855e-01
1.211267709732055664e-01
1.211352944374084473e-01
1.211438179016113281e-01
1.211523413658142090e-01
1.211608946323394775e-01
1.211694478988647461e-01
1.211779117584228516e-01
1.211864650249481201e-01
1.211950480937957764e-01
1.212035715579986572e-01
1.212120652198791504e-01
1.212205886840820312e-01
1.212292015552520752e-01
1.212377250194549561e-01
1.212463080883026123e-01
1.212548017501831055e-01
1.212633252143859863e-01
1.212719082832336426e-01
1.212804615497589111e-01
1.212890148162841797e-01
1.212975978851318359e-01
1.213061511516571045e-01
1.213147044181823730e-01
1.213232576847076416e-01
1.213317811489105225e-01
1.213403642177581787e-01
1.213489174842834473e-01
1.213575005531311035e-01
1.213660240173339844e-01
1.213746666908264160e-01
1.213831901550292969e-01
1.213917732238769531e-01
1.214003264904022217e-01
1.214089393615722656e-01
1.214174926280975342e-01
1.214260756969451904e-01
1.214346885681152344e-01
1.214432716369628906e-01
1.214518547058105469e-01
1.214604377746582031e-01
1.214689612388610840e-01
1.214776337146759033e-01
1.214862167835235596e-01
1.214948296546936035e-01
1.215033233165740967e-01
1.215119659900665283e-01
1.215205788612365723e-01
1.215292513370513916e-01
1.215377151966094971e-01
1.215463578701019287e-01
1.215550005435943604e-01
1.215635836124420166e-01
1.215722262859344482e-01
1.215808689594268799e-01
1.215894520282745361e-01
1.215980947017669678e-01
1.216066181659698486e-01
1.216153204441070557e-01
1.216239035129547119e-01
1.216325461864471436e-01
1.216411888599395752e-01
1.216498613357543945e-01
1.216585040092468262e-01
1.216671466827392578e-01
1.216757595539093018e-01
1.216844320297241211e-01
1.216930449008941650e-01
1.217017173767089844e-01
1.217103302478790283e-01
1.217190325260162354e-01
1.217276453971862793e-01
1.217363476753234863e-01
1.217449903488159180e-01
1.217536926269531250e-01
1.217623054981231689e-01
1.217709481716156006e-01
1.217796206474304199e-01
1.217883229255676270e-01
1.217970252037048340e-01
1.218057274818420410e-01
1.218144297599792480e-01
1.218231022357940674e-01
1.218317747116088867e-01
1.218404769897460938e-01
1.218491494655609131e-01
1.218578219413757324e-01
1.218665242195129395e-01
1.218752264976501465e-01
1.218839585781097412e-01
1.218926608562469482e-01
1.219013333320617676e-01
1.219100654125213623e-01
1.219188272953033447e-01
1.219275593757629395e-01
1.219362616539001465e-01
1.219449639320373535e-01
1.219536960124969482e-01
1.219624578952789307e-01
1.219711899757385254e-01
1.219798624515533447e-01
1.219886839389801025e-01
1.219974160194396973e-01
1.220062077045440674e-01
1.220148801803588867e-01
1.220236420631408691e-01
1.220324039459228516e-01
1.220412254333496094e-01
1.220499575138092041e-01
1.220586895942687988e-01
1.220675110816955566e-01
1.220762729644775391e-01
1.220850646495819092e-01
1.220938563346862793e-01
1.221026480197906494e-01
1.221113801002502441e-01
1.221202313899993896e-01
1.221290230751037598e-01
1.221378147602081299e-01
1.221466064453125000e-01
1.221553683280944824e-01
1.221642494201660156e-01
1.221730709075927734e-01
1.221818625926971436e-01
1.221907138824462891e-01
1.221995055675506592e-01
1.222083866596221924e-01
1.222172081470489502e-01
1.222260296344757080e-01
1.222348809242248535e-01
1.222437322139739990e-01
1.222525835037231445e-01
1.222614347934722900e-01
1.222702562808990479e-01
1.222791969776153564e-01
1.222880184650421143e-01
1.222968697547912598e-01
1.223057210445404053e-01
1.223146319389343262e-01
1.223235130310058594e-01
1.223323643207550049e-01
1.223412752151489258e-01
1.223501861095428467e-01
1.223591268062591553e-01
1.223679780960083008e-01
1.223768889904022217e-01
1.223858296871185303e-01
1.223947405815124512e-01
1.224036216735839844e-01
1.224125623703002930e-01
1.224215328693389893e-01
1.224305331707000732e-01
1.224394142627716064e-01
1.224482953548431396e-01
1.224572956562042236e-01
1.224661767482757568e-01
1.224751174449920654e-01
1.224841773509979248e-01
1.224931180477142334e-01
1.225020885467529297e-01
1.225110590457916260e-01
1.225200891494750977e-01
1.225290000438690186e-01
1.225380301475524902e-01
1.225470006465911865e-01
1.225560307502746582e-01
1.225650012493133545e-01
1.225740015506744385e-01
1.225830018520355225e-01
1.225920021533966064e-01
1.226010620594024658e-01
1.226101219654083252e-01
1.226191520690917969e-01
1.226281523704528809e-01
1.226372122764587402e-01
1.226462423801422119e-01
1.226552426815032959e-01
1.226643323898315430e-01
1.226734519004821777e-01
1.226824522018432617e-01
1.226915419101715088e-01
1.227006018161773682e-01
1.227096915245056152e-01
1.227188110351562500e-01
1.227278709411621094e-01
1.227369606494903564e-01
1.227460503578186035e-01
1.227552294731140137e-01
1.227643191814422607e-01
1.227734386920928955e-01
1.227825284004211426e-01
1.227916777133941650e-01
1.228007674217224121e-01
1.228100061416625977e-01
1.228190660476684570e-01
1.228281855583190918e-01
1.228374242782592773e-01
1.228465735912322998e-01
1.228556931018829346e-01
1.228649616241455078e-01
1.228741109371185303e-01
1.228832602500915527e-01
1.228924989700317383e-01
1.229016184806823730e-01
1.229108572006225586e-01
1.229200363159179688e-01
1.229293048381805420e-01
1.229384839534759521e-01
1.229476928710937500e-01
1.229569315910339355e-01
1.229661703109741211e-01
1.229754388332366943e-01
1.229847073554992676e-01
1.229938864707946777e-01
1.230031847953796387e-01
1.230123937129974365e-01
1.230216622352600098e-01
1.230309605598449707e-01
1.230402588844299316e-01
1.230495572090148926e-01
1.230588555335998535e-01
1.230681538581848145e-01
1.230774223804473877e-01
1.230867207050323486e-01
1.230960488319396973e-01
1.231054067611694336e-01
1.231147348880767822e-01
1.231240928173065186e-01
1.231333911418914795e-01
1.231427788734436035e-01
1.231521368026733398e-01
1.231614649295806885e-01
1.231707930564880371e-01
1.231802105903625488e-01
1.231895983219146729e-01
1.231989860534667969e-01
1.232084035873413086e-01
1.232177615165710449e-01
1.232271194458007812e-01
1.232365965843200684e-01
1.232459843158721924e-01
1.232554018497467041e-01
1.232648193836212158e-01
1.232742965221405029e-01
1.232837438583374023e-01
1.232931613922119141e-01
1.233026981353759766e-01
1.233121156692504883e-01
1.233216226100921631e-01
1.233310699462890625e-01
1.233405470848083496e-01
1.233500838279724121e-01
1.233595609664916992e-01
1.233690679073333740e-01
1.233786046504974365e-01
1.233881115913391113e-01
1.233976185321807861e-01
1.234071254730224609e-01
1.234167218208312988e-01
1.234262287616729736e-01
1.234357953071594238e-01
1.234453916549682617e-01
1.234549283981323242e-01
1.234644949436187744e-01
1.234740614891052246e-01
1.234836876392364502e-01
1.234933435916900635e-01
1.235029101371765137e-01
1.235125362873077393e-01
1.235221028327941895e-01
1.235317587852478027e-01
1.235413849353790283e-01
1.235510408878326416e-01
1.235606372356414795e-01
1.235703229904174805e-01
1.235799789428710938e-01
1.235896944999694824e-01
1.235992908477783203e-01
1.236090064048767090e-01
1.236187517642974854e-01
1.236284375190734863e-01
1.236381232738494873e-01
1.236478388309478760e-01
1.236575543880462646e-01
1.236672997474670410e-01
1.236770153045654297e-01
1.236867904663085938e-01
1.236965060234069824e-01
1.237062513828277588e-01
1.237160563468933105e-01
1.237258017063140869e-01
1.237356364727020264e-01
1.237454116344451904e-01
1.237551867961883545e-01
1.237650215625762939e-01
1.237748563289642334e-01
1.237846612930297852e-01
1.237945258617401123e-01
1.238043308258056641e-01
1.238141953945159912e-01
1.238239705562591553e-01
1.238339245319366455e-01
1.238437891006469727e-01
1.238536536693572998e-01
1.238635778427124023e-01
1.238733828067779541e-01
1.238833963871002197e-01
1.238932609558105469e-01
1.239031553268432617e-01
1.239130795001983643e-01
1.239230334758758545e-01
1.239329874515533447e-01
1.239429414272308350e-01
1.239528954029083252e-01
1.239628791809082031e-01
1.239728629589080811e-01
1.239828765392303467e-01
1.239928305149078369e-01
1.240028440952301025e-01
1.240128278732299805e-01
1.240229010581970215e-01
1.240329146385192871e-01
1.240428984165191650e-01
1.240529716014862061e-01
1.240631043910980225e-01
1.240730583667755127e-01
1.240831613540649414e-01
1.240932643413543701e-01
1.241033673286437988e-01
1.241134405136108398e-01
1.241235435009002686e-01
1.241336762905120850e-01
1.241438388824462891e-01
1.241539418697357178e-01
1.241641044616699219e-01
1.241742074489593506e-01
1.241843700408935547e-01
1.241945922374725342e-01
1.242047250270843506e-01
1.242149174213409424e-01
1.242251098155975342e-01
1.242353618144989014e-01
1.242455244064331055e-01
1.242557764053344727e-01
1.242659986019134521e-01
1.242762506008148193e-01
1.242864727973937988e-01
1.242967545986175537e-01
1.243069469928741455e-01
1.243172585964202881e-01
1.243276298046112061e-01
1.243378818035125732e-01
1.243481636047363281e-01
1.243584752082824707e-01
1.243688464164733887e-01
1.243791580200195312e-01
1.243894696235656738e-01
1.243998706340789795e-01
1.244101822376251221e-01
1.244205832481384277e-01
1.244309544563293457e-01
