6.004816293716430664e-02
6.009614467620849609e-02
6.014412641525268555e-02
6.019210815429687500e-02
6.024014949798583984e-02
6.028831005096435547e-02
6.033629179000854492e-02
6.038442254066467285e-02
6.043264269828796387e-02
6.048086285591125488e-02
6.052896380424499512e-02
6.057721376419067383e-02
6.062540411949157715e-02
6.067365407943725586e-02
6.072193384170532227e-02
6.077021360397338867e-02
6.081855297088623047e-02
6.086692214012145996e-02
6.091535091400146484e-02
6.096369028091430664e-02
6.101211905479431152e-02
6.106051802635192871e-02
6.110903620719909668e-02
6.115752458572387695e-02
6.120595335960388184e-02
6.125450134277343750e-02
6.130310893058776855e-02
6.135159730911254883e-02
6.140032410621643066e-02
6.144884228706359863e-02
6.149753928184509277e-02
6.154614686965942383e-02
6.159487366676330566e-02
6.164366006851196289e-02
6.169232726097106934e-02
6.174105405807495117e-02
6.178987026214599609e-02
6.183868646621704102e-02
6.188747286796569824e-02
6.193631887435913086e-02
6.198516488075256348e-02
6.203398108482360840e-02
6.208300590515136719e-02
6.213182210922241211e-02
6.218081712722778320e-02
6.222981214523315430e-02
6.227880716323852539e-02
6.232783198356628418e-02
6.237685680389404297e-02
6.242588162422180176e-02
6.247499585151672363e-02
6.252402067184448242e-02
6.257325410842895508e-02
6.262224912643432617e-02
6.267160177230834961e-02
6.272071599960327148e-02
6.276988983154296875e-02
6.281915307044982910e-02
6.286835670471191406e-02
6.291767954826354980e-02
6.296691298484802246e-02
6.301629543304443359e-02
6.306558847427368164e-02
6.311494112014770508e-02
6.316429376602172852e-02
6.321361660957336426e-02
6.326308846473693848e-02
6.331253051757812500e-02
6.336197257041931152e-02
6.341153383255004883e-02
6.346091628074645996e-02
6.351050734519958496e-02
6.356003880500793457e-02
6.360957026481628418e-02
6.365913152694702148e-02
6.370884180068969727e-02
6.375837326049804688e-02
6.380799412727355957e-02
6.385764479637145996e-02
6.390735507011413574e-02
6.395697593688964844e-02
6.400668621063232422e-02
6.405639648437500000e-02
6.410622596740722656e-02
6.415599584579467773e-02
6.420585513114929199e-02
6.425553560256958008e-02
6.430542469024658203e-02
6.435528397560119629e-02
6.440505385398864746e-02
6.445500254631042480e-02
6.450489163398742676e-02
6.455487012863159180e-02
6.460487842559814453e-02
6.465476751327514648e-02
6.470477581024169922e-02
6.475478410720825195e-02
6.480476260185241699e-02
6.485483050346374512e-02
6.490486860275268555e-02
6.495496630668640137e-02
6.500509381294250488e-02
6.505516171455383301e-02
6.510522961616516113e-02
6.515541672706604004e-02
6.520557403564453125e-02
6.525573134422302246e-02
6.530597805976867676e-02
6.535622477531433105e-02
6.540650129318237305e-02
6.545662879943847656e-02
6.550696492195129395e-02
6.555730104446411133e-02
6.560763716697692871e-02
6.565788388252258301e-02
6.570827960968017578e-02
6.575864553451538086e-02
6.580901145935058594e-02
6.585940718650817871e-02
6.590980291366577148e-02
6.596025824546813965e-02
6.601071357727050781e-02
6.606116890907287598e-02
6.611168384552001953e-02
6.616219878196716309e-02
6.621268391609191895e-02
6.626319885253906250e-02
6.631371378898620605e-02
6.636425852775573730e-02
6.641495227813720703e-02
6.646546721458435059e-02
6.651604175567626953e-02
6.656673550605773926e-02
6.661736965179443359e-02
6.666803359985351562e-02
6.671875715255737305e-02
6.676945090293884277e-02
6.682014465332031250e-02
6.687089800834655762e-02
6.692159175872802734e-02
6.697234511375427246e-02
6.702321767807006836e-02
6.707394123077392578e-02
6.712475419044494629e-02
6.717556715011596680e-02
6.722646951675415039e-02
6.727728247642517090e-02
6.732815504074096680e-02
6.737911701202392578e-02
6.742992997169494629e-02
6.748089194297790527e-02
6.753173470497131348e-02
6.758272647857666016e-02
6.763359904289245605e-02
6.768468022346496582e-02
6.773561239242553711e-02
6.778660416603088379e-02
6.783765554428100586e-02
6.788861751556396484e-02
6.793972849845886230e-02
6.799080967903137207e-02
6.804192066192626953e-02
6.809294223785400391e-02
6.814399361610412598e-02
6.819519400596618652e-02
6.824630498886108398e-02
6.829747557640075684e-02
6.834855675697326660e-02
6.839972734451293945e-02
6.845092773437500000e-02
6.850209832191467285e-02
6.855329871177673340e-02
6.860452890396118164e-02
6.865572929382324219e-02
6.870701909065246582e-02
6.875830888748168945e-02
6.880959868431091309e-02
6.886085867881774902e-02
6.891211867332458496e-02
6.896349787712097168e-02
6.901481747627258301e-02
6.906607747077941895e-02
6.911751627922058105e-02
6.916886568069458008e-02
6.922024488449096680e-02
6.927156448364257812e-02
6.932297348976135254e-02
6.937435269355773926e-02
6.942576169967651367e-02
6.947726011276245117e-02
6.952860951423645020e-02
6.958013772964477539e-02
6.963157653808593750e-02
6.968310475349426270e-02
6.973463296890258789e-02
6.978610157966613770e-02
6.983754038810729980e-02
6.988903880119323730e-02
6.994062662124633789e-02
6.999215483665466309e-02
7.004371285438537598e-02
7.009533047676086426e-02
7.014682888984680176e-02
7.019841670989990234e-02
7.025003433227539062e-02
7.030162215232849121e-02
7.035320997238159180e-02
7.040485739707946777e-02
7.045647501945495605e-02
7.050815224647521973e-02
7.055979967117309570e-02
7.061138749122619629e-02
7.066318392753601074e-02
7.071474194526672363e-02
7.076650857925415039e-02
7.081809639930725098e-02
7.086989283561706543e-02
7.092165946960449219e-02
7.097327709197998047e-02
7.102507352828979492e-02
7.107684016227722168e-02
7.112848758697509766e-02
7.118037343025207520e-02
7.123205065727233887e-02
7.128393650054931641e-02
7.133567333221435547e-02
7.138738036155700684e-02
7.143932580947875977e-02
7.149106264114379883e-02
7.154288887977600098e-02
7.159465551376342773e-02
7.164651155471801758e-02
7.169836759567260742e-02
7.175019383430480957e-02
7.180202007293701172e-02
7.185387611389160156e-02
7.190576195716857910e-02
7.195767760276794434e-02
7.200956344604492188e-02
7.206138968467712402e-02
7.211327552795410156e-02
7.216519117355346680e-02
7.221710681915283203e-02
7.226899266242980957e-02
7.232090830802917480e-02
7.237282395362854004e-02
7.242482900619506836e-02
7.247677445411682129e-02
7.252866029739379883e-02
7.258063554763793945e-02
7.263258099555969238e-02
7.268452644348144531e-02
7.273650169372558594e-02
7.278844714164733887e-02
7.284045219421386719e-02
7.289239764213562012e-02
7.294437289237976074e-02
7.299634814262390137e-02
7.304829359054565430e-02
7.310029864311218262e-02
7.315233349800109863e-02
7.320442795753479004e-02
7.325631380081176758e-02
7.330837845802307129e-02
7.336044311523437500e-02
7.341241836547851562e-02
7.346439361572265625e-02
7.351642847061157227e-02
7.356849312782287598e-02
7.362049818038940430e-02
7.367250323295593262e-02
7.372459769248962402e-02
7.377669215202331543e-02
7.382869720458984375e-02
7.388070225715637207e-02
7.393276691436767578e-02
7.398477196693420410e-02
7.403689622879028320e-02
7.408896088600158691e-02
7.414096593856811523e-02
7.419303059577941895e-02
7.424509525299072266e-02
7.429715991020202637e-02
7.434922456741333008e-02
7.440128922462463379e-02
7.445332407951354980e-02
7.450547814369201660e-02
7.455751299858093262e-02
7.460957765579223633e-02
7.466170191764831543e-02
7.471367716789245605e-02
7.476574182510375977e-02
7.481786608695983887e-02
7.486990094184875488e-02
7.492202520370483398e-02
7.497408986091613770e-02
7.502615451812744141e-02
7.507824897766113281e-02
7.513037323951721191e-02
7.518228888511657715e-02
7.523447275161743164e-02
7.528662681579589844e-02
7.533863186836242676e-02
7.539066672325134277e-02
7.544273138046264648e-02
7.549479603767395020e-02
7.554689049720764160e-02
7.559892535209655762e-02
7.565107941627502441e-02
7.570305466651916504e-02
7.575523853302001953e-02
7.580718398094177246e-02
7.585921883583068848e-02
7.591131329536437988e-02
7.596340775489807129e-02
7.601547241210937500e-02
7.606750726699829102e-02
7.611951231956481934e-02
7.617154717445373535e-02
7.622361183166503906e-02
7.627561688423156738e-02
7.632765173912048340e-02
7.637965679168701172e-02
7.643169164657592773e-02
7.648372650146484375e-02
7.653582096099853516e-02
7.658782601356506348e-02
7.663980126380920410e-02
7.669180631637573242e-02
7.674384117126464844e-02
7.679578661918640137e-02
7.684773206710815430e-02
7.689982652664184570e-02
7.695174217224121094e-02
7.700380682945251465e-02
7.705572247505187988e-02
7.710766792297363281e-02
7.715967297554016113e-02
7.721158862113952637e-02
7.726356387138366699e-02
7.731556892395019531e-02
7.736748456954956055e-02
7.741937041282653809e-02
7.747134566307067871e-02
7.752323150634765625e-02
7.757514715194702148e-02
7.762709259986877441e-02
7.767903804779052734e-02
7.773095369338989258e-02
7.778275012969970703e-02
7.783469557762145996e-02
7.788655161857604980e-02
7.793846726417541504e-02
7.799029350280761719e-02
7.804214954376220703e-02
7.809400558471679688e-02
7.814577221870422363e-02
7.819771766662597656e-02
7.824945449829101562e-02
7.830128073692321777e-02
7.835310697555541992e-02
7.840496301651000977e-02
7.845669984817504883e-02
7.850843667984008789e-02
7.856026291847229004e-02
7.861199975013732910e-02
7.866376638412475586e-02
7.871547341346740723e-02
7.876726984977722168e-02
7.881900668144226074e-02
7.887065410614013672e-02
7.892248034477233887e-02
7.897412776947021484e-02
7.902571558952331543e-02
7.907739281654357910e-02
7.912912964820861816e-02
7.918077707290649414e-02
7.923248410224914551e-02
7.928401231765747070e-02
7.933565974235534668e-02
7.938721776008605957e-02
7.943889498710632324e-02
7.949048280715942383e-02
7.954198122024536133e-02
7.959362864494323730e-02
7.964518666267395020e-02
7.969662547111511230e-02
7.974824309349060059e-02
7.979977130889892578e-02
7.985118031501770020e-02
7.990267872810363770e-02
7.995420694351196289e-02
8.000567555427551270e-02
8.005708456039428711e-02
8.010855317115783691e-02
8.015999197959899902e-02
8.021137118339538574e-02
8.026272058486938477e-02
8.031415939331054688e-02
8.036550879478454590e-02
8.041679859161376953e-02
8.046823740005493164e-02
8.051949739456176758e-02
8.057087659835815430e-02
8.062210679054260254e-02
8.067342638969421387e-02
8.072468638420104980e-02
8.077591657638549805e-02
8.082729578018188477e-02
8.087840676307678223e-02
8.092948794364929199e-02
8.098077774047851562e-02
8.103194832801818848e-02
8.108311891555786133e-02
8.113428950309753418e-02
8.118543028831481934e-02
8.123651146888732910e-02
8.128762245178222656e-02
8.133867383003234863e-02
8.138975501060485840e-02
8.144077658653259277e-02
8.149182796478271484e-02
8.154290914535522461e-02
8.159381151199340820e-02
8.164477348327636719e-02
8.169576525688171387e-02
8.174666762351989746e-02
8.179754018783569336e-02
8.184847235679626465e-02
8.189937472343444824e-02
8.195021748542785645e-02
8.200100064277648926e-02
8.205193281173706055e-02
8.210268616676330566e-02
8.215349912643432617e-02
8.220428228378295898e-02
8.225503563880920410e-02
8.230563998222351074e-02
8.235645294189453125e-02
8.240714669227600098e-02
8.245769143104553223e-02
8.250847458839416504e-02
8.255910873413085938e-02
8.260971307754516602e-02
8.266025781631469727e-02
8.271086215972900391e-02
8.276134729385375977e-02
8.281195163726806641e-02
8.286243677139282227e-02
8.291289210319519043e-02
8.296337723731994629e-02
8.301380276679992676e-02
8.306419849395751953e-02
8.311471343040466309e-02
8.316496014595031738e-02
8.321541547775268555e-02
8.326563239097595215e-02
8.331599831581115723e-02
8.336627483367919922e-02
8.341658115386962891e-02
8.346673846244812012e-02
8.351707458496093750e-02
8.356720209121704102e-02
8.361738920211791992e-02
8.366748690605163574e-02
8.371764421463012695e-02
8.376768231391906738e-02
8.381780982017517090e-02
8.386790752410888672e-02
8.391788601875305176e-02
8.396789431571960449e-02
8.401790261268615723e-02
8.406785130500793457e-02
8.411779999732971191e-02
8.416771888732910156e-02
8.421757817268371582e-02
8.426737785339355469e-02
8.431723713874816895e-02
8.436694741249084473e-02
8.441686630249023438e-02
8.446651697158813477e-02
8.451628684997558594e-02
8.456599712371826172e-02
8.461567759513854980e-02
8.466523885726928711e-02
8.471500873565673828e-02
8.476448059082031250e-02
8.481404185295104980e-02
8.486354351043701172e-02
8.491313457489013672e-02
8.496269583702087402e-02
8.501207828521728516e-02
8.506155014038085938e-02
8.511096239089965820e-02
8.516034483909606934e-02
8.520963788032531738e-02
8.525881171226501465e-02
8.530822396278381348e-02
8.535748720169067383e-02
8.540675044059753418e-02
8.545595407485961914e-02
8.550503849983215332e-02
8.555421233177185059e-02
8.560332655906677246e-02
8.565241098403930664e-02
8.570149540901184082e-02
8.575049042701721191e-02
8.579954504966735840e-02
8.584839105606079102e-02
8.589738607406616211e-02
8.594632148742675781e-02
8.599516749382019043e-02
8.604398369789123535e-02
8.609288930892944336e-02
8.614164590835571289e-02
8.619031310081481934e-02
8.623909950256347656e-02
8.628773689270019531e-02
8.633640408515930176e-02
8.638507127761840820e-02
8.643361926078796387e-02
8.648219704627990723e-02
8.653071522712707520e-02
8.657926321029663086e-02
8.662775158882141113e-02
8.667603135108947754e-02
8.672460913658142090e-02
8.677288889884948730e-02
8.682122826576232910e-02
8.686947822570800781e-02
8.691784739494323730e-02
8.696600794792175293e-02
8.701425790786743164e-02
8.706238865852355957e-02
8.711057901382446289e-02
8.715856075286865234e-02
8.720669150352478027e-02
8.725473284721374512e-02
8.730274438858032227e-02
8.735072612762451172e-02
8.739861845970153809e-02
8.744657039642333984e-02
8.749434351921081543e-02
8.754217624664306641e-02
8.759000897407531738e-02
8.763775229454040527e-02
8.768546581268310547e-02
8.773306012153625488e-02
8.778077363967895508e-02
8.782830834388732910e-02
8.787593245506286621e-02
8.792355656623840332e-02
8.797097206115722656e-02
8.801847696304321289e-02
8.806589245796203613e-02
8.811321854591369629e-02
8.816060423851013184e-02
8.820796012878417969e-02
8.825522661209106445e-02
8.830249309539794922e-02
8.834972977638244629e-02
8.839690685272216797e-02
8.844402432441711426e-02
8.849114179611206055e-02
8.853811025619506836e-02
8.858513832092285156e-02
8.863219618797302246e-02
8.867907524108886719e-02
8.872595429420471191e-02
8.877283334732055664e-02
8.881965279579162598e-02
8.886641263961791992e-02
8.891311287879943848e-02
8.895990252494812012e-02
8.900654315948486328e-02
8.905318379402160645e-02
8.909979462623596191e-02
8.914631605148315430e-02
8.919277787208557129e-02
8.923929929733276367e-02
8.928573131561279297e-02
8.933213353157043457e-02
8.937847614288330078e-02
8.942478895187377930e-02
8.947104215621948242e-02
8.951720595359802246e-02
8.956348896026611328e-02
8.960953354835510254e-02
8.965572714805603027e-02
8.970171213150024414e-02
8.974781632423400879e-02
8.979380130767822266e-02
8.983966708183288574e-02
8.988562226295471191e-02
8.993139863014221191e-02
8.997723460197448730e-02
9.002301096916198730e-02
9.006872773170471191e-02
9.011441469192504883e-02
9.016007184982299805e-02
9.020569920539855957e-02
9.025114774703979492e-02
9.029671549797058105e-02
9.034225344657897949e-02
9.038773179054260254e-02
9.043300151824951172e-02
9.047836065292358398e-02
9.052368998527526855e-02
9.056892991065979004e-02
9.061411023139953613e-02
9.065932035446166992e-02
9.070438146591186523e-02
9.074947237968444824e-02
9.079441428184509277e-02
9.083953499794006348e-02
9.088444709777832031e-02
9.092935919761657715e-02
9.097421169281005859e-02
9.101900458335876465e-02
9.106370806694030762e-02
9.110847115516662598e-02
9.115311503410339355e-02
9.119769930839538574e-02
9.124234318733215332e-02
9.128680825233459473e-02
9.133130311965942383e-02
9.137573838233947754e-02
9.142023324966430664e-02
9.146454930305480957e-02
9.150889515876770020e-02
9.155312180519104004e-02
9.159731864929199219e-02
9.164160490036010742e-02
9.168562293052673340e-02
9.172976016998291016e-02
9.177362918853759766e-02
9.181764721870422363e-02
9.186163544654846191e-02
9.190553426742553711e-02
9.194937348365783691e-02
9.199306368827819824e-02
9.203681349754333496e-02
9.208047389984130859e-02
9.212425351142883301e-02
9.216779470443725586e-02
9.221136569976806641e-02
9.225475788116455078e-02
9.229823946952819824e-02
9.234172105789184570e-02
9.238505363464355469e-02
9.242835640907287598e-02
9.247168898582458496e-02
9.251481294631958008e-02
9.255799651145935059e-02
9.260106086730957031e-02
9.264415502548217773e-02
9.268715977668762207e-02
9.273007512092590332e-02
9.277302026748657227e-02
9.281596541404724121e-02
9.285870194435119629e-02
9.290149807929992676e-02
9.294414520263671875e-02
9.298691153526306152e-02
9.302949905395507812e-02
9.307211637496948242e-02
9.311458468437194824e-02
9.315705299377441406e-02
9.319946169853210449e-02
9.324184060096740723e-02
9.328410029411315918e-02
9.332638978958129883e-02
9.336861968040466309e-02
9.341078996658325195e-02
9.345287084579467773e-02
9.349492192268371582e-02
9.353691339492797852e-02
9.357887506484985352e-02
9.362077713012695312e-02
9.366270899772644043e-02
9.370443224906921387e-02
9.374621510505676270e-02
9.378790855407714844e-02
9.382954239845275879e-02
9.387111663818359375e-02
9.391269087791442871e-02
9.395417571067810059e-02
9.399566054344177246e-02
9.403708577156066895e-02
9.407833218574523926e-02
9.411966800689697266e-02
9.416085481643676758e-02
9.420204162597656250e-02
9.424310922622680664e-02
9.428420662879943848e-02
9.432521462440490723e-02
9.436613321304321289e-02
9.440711140632629395e-02
9.444797039031982422e-02
9.448868036270141602e-02
9.452950954437255859e-02
9.457018971443176270e-02
9.461084008216857910e-02
9.465143084526062012e-02
9.469196200370788574e-02
9.473243355751037598e-02
9.477290511131286621e-02
9.481319785118103027e-02
9.485349059104919434e-02
9.489378333091735840e-02
9.493404626846313477e-02
9.497416019439697266e-02
9.501421451568603516e-02
9.505438804626464844e-02
9.509435296058654785e-02
9.513422846794128418e-02
9.517413377761840820e-02
9.521389007568359375e-02
9.525370597839355469e-02
9.529346227645874023e-02
9.533306956291198730e-02
9.537276625633239746e-02
9.541231393814086914e-02
9.545180201530456543e-02
9.549123048782348633e-02
9.553059935569763184e-02
9.556996822357177734e-02
9.560924768447875977e-02
9.564849734306335449e-02
9.568762779235839844e-02
9.572672843933105469e-02
9.576582908630371094e-02
9.580481052398681641e-02
9.584376215934753418e-02
9.588256478309631348e-02
9.592145681381225586e-02
9.596022963523864746e-02
9.599894285202026367e-02
9.603765606880187988e-02
9.607619047164916992e-02
9.611466526985168457e-02
9.615331888198852539e-02
9.619161486625671387e-02
9.623003005981445312e-02
9.626835584640502930e-02
9.630665183067321777e-02
9.634488821029663086e-02
9.638297557830810547e-02
9.642106294631958008e-02
9.645909070968627930e-02
9.649708867073059082e-02
9.653499722480773926e-02
9.657287597656250000e-02
9.661060571670532227e-02
9.664848446846008301e-02
9.668609499931335449e-02
9.672382473945617676e-02
9.676143527030944824e-02
9.679895639419555664e-02
9.683641791343688965e-02
9.687379002571105957e-02
9.691119194030761719e-02
9.694850444793701172e-02
9.698566794395446777e-02
9.702292084693908691e-02
9.705990552902221680e-02
9.709703922271728516e-02
9.713408350944519043e-02
9.717094898223876953e-02
9.720784425735473633e-02
9.724467992782592773e-02
9.728148579597473145e-02
9.731817245483398438e-02
9.735485911369323730e-02
9.739142656326293945e-02
9.742802381515502930e-02
9.746450185775756836e-02
9.750086069107055664e-02
9.753727912902832031e-02
9.757363796234130859e-02
9.760984778404235840e-02
9.764596819877624512e-02
9.768208861351013184e-02
9.771823883056640625e-02
9.775426983833312988e-02
9.779018163681030273e-02
9.782609343528747559e-02
9.786185622215270996e-02
9.789764881134033203e-02
9.793347120285034180e-02
9.796911478042602539e-02
9.800469875335693359e-02
9.804019331932067871e-02
9.807583689689636230e-02
9.811115264892578125e-02
9.814652800559997559e-02
9.818181395530700684e-02
9.821707010269165039e-02
9.825229644775390625e-02
9.828746318817138672e-02
9.832251071929931641e-02
9.835755825042724609e-02
9.839239716529846191e-02
9.842738509178161621e-02
9.846219420433044434e-02
9.849697351455688477e-02
9.853169322013854980e-02
9.856638312339782715e-02
9.860098361968994141e-02
9.863552451133728027e-02
9.866991639137268066e-02
9.870439767837524414e-02
9.873875975608825684e-02
9.877309203147888184e-02
9.880733489990234375e-02
9.884145855903625488e-02
9.887567162513732910e-02
9.890976548194885254e-02
9.894371032714843750e-02
9.897771477699279785e-02
9.901154041290283203e-02
9.904539585113525391e-02
9.907919168472290039e-02
9.911280870437622070e-02
9.914651513099670410e-02
9.918004274368286133e-02
9.921360015869140625e-02
9.924706816673278809e-02
9.928047657012939453e-02
9.931388497352600098e-02
9.934717416763305664e-02
9.938037395477294922e-02
9.941354393959045410e-02
9.944668412208557129e-02
9.947964549064636230e-02
9.951272606849670410e-02
9.954565763473510742e-02
9.957852959632873535e-02
9.961143136024475098e-02
9.964409470558166504e-02
9.967678785324096680e-02
9.970942139625549316e-02
9.974199533462524414e-02
9.977453947067260742e-02
9.980702400207519531e-02
9.983935952186584473e-02
9.987169504165649414e-02
9.990403056144714355e-02
9.993621706962585449e-02
9.996834397315979004e-02
1.000004708766937256e-01
1.000325381755828857e-01
1.000645160675048828e-01
1.000964343547821045e-01
1.001282930374145508e-01
1.001600027084350586e-01
1.001917421817779541e-01
1.002235114574432373e-01
1.002551019191741943e-01
1.002866625785827637e-01
1.003181636333465576e-01
1.003496050834655762e-01
1.003809869289398193e-01
1.004123687744140625e-01
1.004436016082763672e-01
1.004748344421386719e-01
1.005059778690338135e-01
1.005370020866394043e-01
1.005680561065673828e-01
1.005990207195281982e-01
1.006300449371337891e-01
1.006608605384826660e-01
1.006916463375091553e-01
1.007223129272460938e-01
1.007529795169830322e-01
1.007836163043975830e-01
1.008141040802001953e-01
1.008446216583251953e-01
1.008750796318054199e-01
1.009054481983184814e-01
1.009358167648315430e-01
1.009660065174102783e-01
1.009961962699890137e-01
1.010263264179229736e-01
1.010563671588897705e-01
1.010864078998565674e-01
1.011163592338562012e-01
1.011462807655334473e-01
1.011760830879211426e-01
1.012059152126312256e-01
1.012355387210845947e-01
1.012652814388275146e-01
1.012948751449584961e-01
1.013244688510894775e-01
1.013538837432861328e-01
1.013833880424499512e-01
1.014128029346466064e-01
1.014420688152313232e-01
1.014713048934936523e-01
1.015004813671112061e-01
1.015296280384063721e-01
1.015586256980895996e-01
1.015877127647399902e-01
1.016166508197784424e-01
1.016455590724945068e-01
1.016744077205657959e-01
1.017032265663146973e-01
1.017318964004516602e-01
1.017605960369110107e-01
1.017891466617584229e-01
1.018176674842834473e-01
1.018461883068084717e-01
1.018746197223663330e-01
1.019029915332794189e-01
1.019313335418701172e-01
1.019595563411712646e-01
1.019877791404724121e-01
1.020159721374511719e-01
1.020439863204956055e-01
1.020720899105072021e-01
1.020999848842620850e-01
1.021279394626617432e-01
1.021557152271270752e-01
1.021834611892700195e-01
1.022112965583801270e-01
1.022388935089111328e-01
1.022665798664093018e-01
1.022940874099731445e-01
1.023216247558593750e-01
1.023490130901336670e-01
1.023764312267303467e-01
1.024037301540374756e-01
1.024310886859893799e-01
1.024582087993621826e-01
1.024853885173797607e-01
1.025124788284301758e-01
1.025395691394805908e-01
1.025665402412414551e-01
1.025934517383575439e-01
1.026203930377960205e-01
1.026471853256225586e-01
1.026738882064819336e-01
1.027006208896636963e-01
1.027272939682006836e-01
1.027538478374481201e-01
1.027804017066955566e-01
1.028068065643310547e-01
1.028332412242889404e-01
1.028596162796020508e-01
1.028859615325927734e-01
1.029121279716491699e-01
1.029383540153503418e-01
1.029644608497619629e-01
1.029905974864959717e-01
1.030165553092956543e-01
1.030426025390625000e-01
1.030684709548950195e-01
1.030943393707275391e-01
1.031201183795928955e-01
1.031458973884582520e-01
1.031715869903564453e-01
1.031971275806427002e-01
1.032227575778961182e-01
1.032482087612152100e-01
1.032737195491790771e-01
1.032991409301757812e-01
1.033243834972381592e-01
1.033497452735900879e-01
1.033749282360076904e-01
1.034001708030700684e-01
1.034252941608428955e-01
1.034503281116485596e-01
1.034754216670989990e-01
1.035003066062927246e-01
1.035252511501312256e-01
1.035500764846801758e-01
1.035749316215515137e-01
1.035996675491333008e-01
1.036243140697479248e-01
1.036489605903625488e-01
1.036735475063323975e-01
1.036980450153350830e-01
1.037225127220153809e-01
1.037469208240509033e-01
1.037713289260864258e-01
1.037956476211547852e-01
1.038198769092559814e-01
1.038440763950347900e-01
1.038682758808135986e-01
1.038923859596252441e-01
1.039163768291473389e-01
1.039403378963470459e-01
1.039642691612243652e-01
1.039882004261016846e-01
1.040119230747222900e-01
1.040357649326324463e-01
1.040593981742858887e-01
1.040831506252288818e-01
1.041066944599151611e-01
1.041302680969238281e-01
1.041537523269653320e-01
1.041772067546844482e-01
1.042005419731140137e-01
1.042239367961883545e-01
1.042472124099731445e-01
1.042704880237579346e-01
1.042936146259307861e-01
1.043168008327484131e-01
1.043398678302764893e-01
1.043628454208374023e-01
1.043858826160430908e-01
1.044088006019592285e-01
1.044316887855529785e-01
1.044545173645019531e-01
1.044771969318389893e-01
1.044999957084655762e-01
1.045226752758026123e-01
1.045452356338500977e-01
1.045677661895751953e-01
1.045903265476226807e-01
1.046127378940582275e-01
1.046351790428161621e-01
1.046575009822845459e-01
1.046798527240753174e-01
1.047020852565765381e-01
1.047242879867553711e-01
1.047464907169342041e-01
1.047686040401458740e-01
1.047905981540679932e-01
1.048126220703125000e-01
1.048345863819122314e-01
1.048564016819000244e-01
1.048783063888549805e-01
1.049001514911651611e-01
1.049218475818634033e-01
1.049434840679168701e-01
1.049651801586151123e-01
1.049867868423461914e-01
1.050083041191101074e-01
1.050298810005187988e-01
1.050512194633483887e-01
1.050726771354675293e-01
1.050940155982971191e-01
1.051152646541595459e-01
1.051366031169891357e-01
1.051577329635620117e-01
1.051789224147796631e-01
1.052000522613525391e-01
1.052211225032806396e-01
1.052420735359191895e-01
1.052629947662353516e-01
1.052839457988739014e-01
1.053047478199005127e-01
1.053256392478942871e-01
1.053464114665985107e-01
1.053670644760131836e-01
1.053877174854278564e-01
1.054083406925201416e-01
1.054289638996124268e-01
1.054494380950927734e-01
1.054698526859283447e-01
1.054903864860534668e-01
1.055107116699218750e-01
1.055311262607574463e-01
1.055513322353363037e-01
1.055715978145599365e-01
1.055918335914611816e-01
1.056120097637176514e-01
1.056320071220397949e-01
1.056520938873291016e-01
1.056721508502960205e-01
1.056920588016510010e-01
1.057119369506835938e-01
1.057318150997161865e-01
1.057516634464263916e-01
1.057714521884918213e-01
1.057911515235900879e-01
1.058107912540435791e-01
1.058305203914642334e-01
1.058500409126281738e-01
1.058695614337921143e-01
1.058891117572784424e-01
1.059085726737976074e-01
1.059279441833496094e-01
1.059472858905792236e-01
1.059665977954864502e-01
1.059858202934265137e-01
1.060051321983337402e-01
1.060242354869842529e-01
1.060433685779571533e-01
1.060624122619628906e-01
1.060814857482910156e-01
1.061005592346191406e-01
1.061195135116577148e-01
1.061384081840515137e-01
1.061573624610900879e-01
1.061760783195495605e-01
1.061949133872985840e-01
1.062136292457580566e-01
1.062323153018951416e-01
1.062509715557098389e-01
1.062695980072021484e-01
1.062881946563720703e-01
1.063067018985748291e-01
1.063251495361328125e-01
1.063436269760131836e-01
1.063620746135711670e-01
1.063803732395172119e-01
1.063986718654632568e-01
1.064169406890869141e-01
1.064351499080657959e-01
1.064532101154327393e-01
1.064714789390563965e-01
1.064895689487457275e-01
1.065075397491455078e-01
1.065255999565124512e-01
1.065435707569122314e-01
1.065615117549896240e-01
1.065793335437774658e-01
1.065972745418548584e-01
1.066150069236755371e-01
1.066327393054962158e-01
1.066504716873168945e-01
1.066681146621704102e-01
1.066858768463134766e-01
1.067034006118774414e-01
1.067209243774414062e-01
1.067385077476501465e-01
1.067559719085693359e-01
1.067733764648437500e-01
1.067907512187957764e-01
1.068080961704254150e-01
1.068254709243774414e-01
1.068427562713623047e-01
1.068599224090576172e-01
1.068771779537200928e-01
1.068942844867706299e-01
1.069114506244659424e-01
1.069284975528717041e-01
1.069455742835998535e-01
1.069625318050384521e-01
1.069794893264770508e-01
1.069963872432708740e-01
1.070132553577423096e-01
1.070300936698913574e-01
1.070469617843627930e-01
1.070636808872222900e-01
1.070804297924041748e-01
1.070971190929412842e-01
1.071136891841888428e-01
1.071303784847259521e-01
1.071469783782958984e-01
1.071635186672210693e-01
1.071799695491790771e-01
1.071964502334594727e-01
1.072128117084503174e-01
1.072292327880859375e-01
1.072455644607543945e-01
1.072619557380676270e-01
1.072781682014465332e-01
1.072943806648254395e-01
1.073106527328491211e-01
1.073267757892608643e-01
1.073428988456726074e-01
1.073589920997619629e-01
1.073750555515289307e-01
1.073911190032958984e-01
1.074070334434509277e-01
1.074230372905731201e-01
1.074389219284057617e-01
1.074547767639160156e-01
1.074706315994262695e-01
1.074864268302917480e-01
1.075021326541900635e-01
1.075179278850555420e-01
1.075336039066314697e-01
1.075493097305297852e-01
1.075648963451385498e-01
1.075805723667144775e-01
1.075960695743560791e-01
1.076115965843200684e-01
1.076270937919616699e-01
1.076424717903137207e-01
1.076579689979553223e-01
1.076732873916625977e-01
1.076886653900146484e-01
1.077040135860443115e-01
1.077192723751068115e-01
1.077345311641693115e-01
1.077497601509094238e-01
1.077649295330047607e-01
1.077800393104553223e-01
1.077951788902282715e-01
1.078103482723236084e-01
1.078253090381622314e-01
1.078403592109680176e-01
1.078552901744842529e-01
1.078702807426452637e-01
1.078852117061614990e-01
1.079001128673553467e-01
1.079149544239044189e-01
1.079297959804534912e-01
1.079445481300354004e-01
1.079593598842620850e-01
1.079740226268768311e-01
1.079887449741363525e-01
1.080034077167510986e-01
1.080180704593658447e-01
1.080326437950134277e-01
1.080471575260162354e-01
1.080617606639862061e-01
1.080762445926666260e-01
1.080907285213470459e-01
1.081051528453826904e-01
1.081195771694183350e-01
1.081339418888092041e-01
1.081483066082000732e-01
1.081626415252685547e-01
1.081769168376922607e-01
1.081911921501159668e-01
1.082053780555725098e-01
1.082195639610290527e-01
1.082337796688079834e-01
1.082478761672973633e-01
1.082620024681091309e-01
1.082760691642761230e-01
1.082901358604431152e-01
1.083041429519653320e-01
1.083181500434875488e-01
1.083320677280426025e-01
1.083460748195648193e-01
1.083599328994750977e-01
1.083738505840301514e-01
1.083877086639404297e-01
1.084014475345611572e-01
1.084153354167938232e-01
1.084290444850921631e-01
1.084427535533905029e-01
1.084565222263336182e-01
1.084701418876647949e-01
1.084837615489959717e-01
1.084974110126495361e-01
1.085110008716583252e-01
1.085246205329895020e-01
1.085380911827087402e-01
1.085516214370727539e-01
1.085651516914367676e-01
1.085785925388336182e-01
1.085920035839080811e-01
1.086054444313049316e-01
1.086187958717346191e-01
1.086321771144866943e-01
1.086454987525939941e-01
1.086587309837341309e-01
1.086720526218414307e-01
1.086853146553039551e-01
1.086985170841217041e-01
1.087117195129394531e-01
1.087248623371124268e-01
1.087380051612854004e-01
1.087511479854583740e-01
1.087642014026641846e-01
1.087773144245147705e-01
1.087902784347534180e-01
1.088033914566040039e-01
1.088163256645202637e-01
1.088292896747589111e-01
1.088422238826751709e-01
1.088550984859466553e-01
1.088680028915405273e-01
1.088808774948120117e-01
1.088936924934387207e-01
1.089065074920654297e-01
1.089192926883697510e-01
1.089320480823516846e-01
1.089447736740112305e-01
1.089575588703155518e-01
1.089702248573303223e-01
1.089828908443450928e-01
1.089955866336822510e-01
1.090081334114074707e-01
1.090207099914550781e-01
1.090333163738250732e-01
1.090458333492279053e-01
1.090584397315979004e-01
1.090708673000335693e-01
1.090834140777587891e-01
1.090958118438720703e-01
1.091083288192749023e-01
1.091207265853881836e-01
1.091330349445343018e-01
1.091453731060028076e-01
1.091578006744384766e-01
1.091701090335845947e-01
1.091824471950531006e-01
1.091946959495544434e-01
1.092069745063781738e-01
1.092191934585571289e-01
1.092313528060913086e-01
1.092436015605926514e-01
1.092557311058044434e-01
1.092679202556610107e-01
1.092800199985504150e-01
1.092921495437622070e-01
1.093041896820068359e-01
1.093162894248962402e-01
1.093283891677856445e-01
1.093403100967407227e-01
1.093522906303405762e-01
1.093643009662628174e-01
1.093763113021850586e-01
1.093882322311401367e-01
1.094001531600952148e-01
1.094120144844055176e-01
1.094239056110382080e-01
1.094357967376708984e-01
1.094475984573364258e-01
1.094593405723571777e-01
1.094712316989898682e-01
1.094830036163330078e-01
1.094947159290313721e-01
1.095065176486968994e-01
1.095182299613952637e-01
1.095299124717712402e-01
1.095415651798248291e-01
1.095533072948455811e-01
1.095648705959320068e-01
1.095765233039855957e-01
1.095881164073944092e-01
1.095997691154479980e-01
1.096112430095672607e-01
1.096227765083312988e-01
1.096343398094177246e-01
1.096459329128265381e-01
1.096573770046234131e-01
1.096688807010650635e-01
1.096803247928619385e-01
1.096917092800140381e-01
1.097031831741333008e-01
1.097145378589630127e-01
1.097259223461151123e-01
1.097373366355895996e-01
1.097486317157745361e-01
1.097599864006042480e-01
1.097712814807891846e-01
1.097825169563293457e-01
1.097939014434814453e-01
1.098051071166992188e-01
1.098164021968841553e-01
1.098276674747467041e-01
1.098387837409973145e-01
1.098500490188598633e-01
1.098611652851104736e-01
1.098723709583282471e-01
1.098835468292236328e-01
1.098946332931518555e-01
1.099057793617248535e-01
1.099168360233306885e-01
1.099279522895812988e-01
1.099390387535095215e-01
1.099500656127929688e-01
1.099611222743988037e-01
1.099721491336822510e-01
1.099830865859985352e-01
1.099941134452819824e-01
1.100050806999206543e-01
1.100159883499145508e-01
1.100270152091979980e-01
1.100378930568695068e-01
1.100488305091857910e-01
1.100597083568572998e-01
1.100705862045288086e-01
1.100814044475555420e-01
1.100922822952270508e-01
1.101030707359313965e-01
1.101139485836029053e-01
1.101247668266296387e-01
1.101355254650115967e-01
1.101463139057159424e-01
1.101570725440979004e-01
1.101677715778350830e-01
1.101785600185394287e-01
1.101893186569213867e-01
1.101999580860137939e-01
1.102106571197509766e-01
1.102213561534881592e-01
1.102319955825805664e-01
1.102426648139953613e-01
1.102532744407653809e-01
1.102638840675354004e-01
1.102744936943054199e-01
1.102851331233978271e-01
1.102957427501678467e-01
1.103062629699707031e-01
1.103168725967407227e-01
1.103274226188659668e-01
1.103379130363464355e-01
1.103484332561492920e-01
1.103588938713073730e-01
1.103694438934326172e-01
1.103799343109130859e-01
1.103903055191040039e-01
1.104008257389068604e-01
1.104112565517425537e-01
1.104216873645782471e-01
1.104321181774139404e-01
1.104425489902496338e-01
1.104529201984405518e-01
1.104633212089538574e-01
1.104736924171447754e-01
1.104840040206909180e-01
1.104943454265594482e-01
1.105046570301055908e-01
1.105149984359741211e-01
1.105253100395202637e-01
1.105356216430664062e-01
1.105459034442901611e-01
1.105561554431915283e-01
1.105664670467376709e-01
1.105766594409942627e-01
1.105869412422180176e-01
1.105971634387969971e-01
1.106074452400207520e-01
1.106176376342773438e-01
1.106278002262115479e-01
1.106379628181457520e-01
1.106481850147247314e-01
1.106583476066589355e-01
1.106685101985931396e-01
1.106786429882049561e-01
1.106887459754943848e-01
1.106989383697509766e-01
1.107089519500732422e-01
1.107191145420074463e-01
1.107291877269744873e-01
1.107392907142639160e-01
1.107494235038757324e-01
1.107594072818756104e-01
1.107695102691650391e-01
1.107795834541320801e-01
1.107895970344543457e-01
1.107995808124542236e-01
1.108096539974212646e-01
1.108196079730987549e-01
1.108295917510986328e-01
1.108395755290985107e-01
1.108495295047760010e-01
1.108595132827758789e-01
1.108694672584533691e-01
1.108793914318084717e-01
1.108894050121307373e-01
1.108992397785186768e-01
1.109092235565185547e-01
1.109191775321960449e-01
1.109290719032287598e-01
1.109389662742614746e-01
1.109488606452941895e-01
1.109587252140045166e-01
1.109685897827148438e-01
1.109784245491027832e-01
1.109883189201354980e-01
1.109981536865234375e-01
1.110079288482666016e-01
1.110177934169769287e-01
1.110275983810424805e-01
1.110374629497528076e-01
1.110472083091735840e-01
1.110570132732391357e-01
1.110668182373046875e-01
1.110765635967254639e-01
1.110863983631134033e-01
1.110960543155670166e-01
1.111058890819549561e-01
1.111156344413757324e-01
1.111253499984741211e-01
1.111350357532501221e-01
1.111447513103485107e-01
1.111545264720916748e-01
1.111641824245452881e-01
1.111739575862884521e-01
1.111836731433868408e-01
1.111933290958404541e-01
1.112030148506164551e-01
1.112126708030700684e-01
1.112223267555236816e-01
1.112320125102996826e-01
1.112416386604309082e-01
1.112512946128845215e-01
1.112609207630157471e-01
1.112705469131469727e-01
1.112801730632781982e-01
1.112898588180541992e-01
1.112993955612182617e-01
1.113089919090270996e-01
1.113186180591583252e-01
1.113281846046447754e-01
1.113377809524536133e-01
1.113473474979400635e-01
1.113569438457489014e-01
1.113665103912353516e-01
1.113760769367218018e-01
1.113856732845306396e-01
1.113951504230499268e-01
1.114047765731811523e-01
1.114141643047332764e-01
1.114237606525421143e-01
1.114333570003509521e-01
1.114428639411926270e-01
1.114523410797119141e-01
1.114618480205535889e-01
1.114713847637176514e-01
1.114808022975921631e-01
1.114903092384338379e-01
1.114997863769531250e-01
1.115092933177947998e-01
1.115188002586364746e-01
1.115282475948333740e-01
1.115376949310302734e-01
1.115470826625823975e-01
1.115565896034240723e-01
1.115660667419433594e-01
1.115754842758178711e-01
1.115849316120147705e-01
1.115943491458892822e-01
1.116037368774414062e-01
1.116132140159606934e-01
1.116226315498352051e-01
1.116320192813873291e-01
1.116414368152618408e-01
1.116507947444915771e-01
1.116602122783660889e-01
1.116696298122406006e-01
1.116789877414703369e-01
1.116883754730224609e-01
1.116977334022521973e-01
1.117071211338043213e-01
1.117164790630340576e-01
1.117259263992309570e-01
1.117352247238159180e-01
1.117445528507232666e-01
1.117539107799530029e-01
1.117633283138275146e-01
1.117726564407348633e-01
1.117820143699645996e-01
1.117912828922271729e-01
1.118006408214569092e-01
1.118099391460418701e-01
1.118192374706268311e-01
1.118285357952117920e-01
1.118378639221191406e-01
1.118471920490264893e-01
1.118565201759338379e-01
1.118658483028411865e-01
1.118750870227813721e-01
1.118844151496887207e-01
1.118937134742736816e-01
1.119029521942138672e-01
1.119122505187988281e-01
1.119215488433837891e-01
1.119308471679687500e-01
1.119400858879089355e-01
1.119493246078491211e-01
1.119586229324340820e-01
1.119678616523742676e-01
1.119771897792816162e-01
1.119863390922546387e-01
1.119956672191619873e-01
1.120049059391021729e-01
1.120141446590423584e-01
1.120234429836273193e-01
1.120326817035675049e-01
1.120418906211853027e-01
1.120510697364807129e-01
1.120603382587432861e-01
1.120695173740386963e-01
1.120787858963012695e-01
1.120880246162414551e-01
1.120971739292144775e-01
1.121064126491546631e-01
1.121156215667724609e-01
1.121248006820678711e-01
1.121340692043304443e-01
1.121432483196258545e-01
1.121524274349212646e-01
1.121616363525390625e-01
1.121708452701568604e-01
1.121800243854522705e-01
1.121892929077148438e-01
1.121984124183654785e-01
1.122076213359832764e-01
1.122168004512786865e-01
1.122259497642517090e-01
1.122351586818695068e-01
1.122442781925201416e-01
1.122534871101379395e-01
1.122626364231109619e-01
1.122717857360839844e-01
1.122809648513793945e-01
1.122901141643524170e-01
1.122992634773254395e-01
1.123084127902984619e-01
1.123175621032714844e-01
1.123267412185668945e-01
1.123358905315399170e-01
1.123450398445129395e-01
1.123541891574859619e-01
1.123633384704589844e-01
1.123724877834320068e-01
1.123816668987274170e-01
1.123907268047332764e-01
1.123999059200286865e-01
1.124090552330017090e-01
1.124181449413299561e-01
1.124273538589477539e-01
1.124364733695983887e-01
1.124456226825714111e-01
1.124546825885772705e-01
1.124638020992279053e-01
1.124729812145233154e-01
1.124819815158843994e-01
1.124911308288574219e-01
1.125002801418304443e-01
1.125093400478363037e-01
1.125184595584869385e-01
1.125276088714599609e-01
1.125366985797882080e-01
1.125458478927612305e-01
1.125548779964447021e-01
1.125640273094177246e-01
1.125731468200683594e-01
1.125822365283966064e-01
1.125913262367248535e-01
1.126004159450531006e-01
1.126095354557037354e-01
1.126186549663543701e-01
1.126277446746826172e-01
1.126368343830108643e-01
1.126459240913391113e-01
1.126550137996673584e-01
1.126640737056732178e-01
1.126732230186462402e-01
1.126822233200073242e-01
1.126912832260131836e-01
1.127004027366638184e-01
1.127095222473144531e-01
1.127186417579650879e-01
1.127277016639709473e-01
1.127367615699768066e-01
1.127458810806274414e-01
1.127549111843109131e-01
1.127639710903167725e-01
1.127730607986450195e-01
1.127821505069732666e-01
1.127912104129791260e-01
1.128002703189849854e-01
1.128093898296356201e-01
1.128184497356414795e-01
1.128275394439697266e-01
1.128365695476531982e-01
1.128456294536590576e-01
1.128546893596649170e-01
1.128637790679931641e-01
1.128727793693542480e-01
1.128819286823272705e-01
1.128909587860107422e-01
1.129000186920166016e-01
1.129090785980224609e-01
1.129182279109954834e-01
1.129271984100341797e-01
1.129363179206848145e-01
1.129453182220458984e-01
1.129543483257293701e-01
1.129634380340576172e-01
1.129724681377410889e-01
1.129815578460693359e-01
1.129905879497528076e-01
1.129996776580810547e-01
1.130087077617645264e-01
1.130177676677703857e-01
1.130268871784210205e-01
1.130358576774597168e-01
1.130449175834655762e-01
1.130539774894714355e-01
1.130630373954772949e-01
1.130721271038055420e-01
1.130811274051666260e-01
1.130902171134948730e-01
1.130992174148559570e-01
1.131082773208618164e-01
1.131173074245452881e-01
1.131263673305511475e-01
1.131354272365570068e-01
1.131444871425628662e-01
1.131535172462463379e-01
1.131625771522521973e-01
1.131716072559356689e-01
1.131806373596191406e-01
1.131896972656250000e-01
1.131986975669860840e-01
1.132077574729919434e-01
1.132168173789978027e-01
1.132258772850036621e-01
1.132348775863647461e-01
1.132439672946929932e-01
1.132529973983764648e-01
1.132620573043823242e-01
1.132710576057434082e-01
1.132801175117492676e-01
1.132891476154327393e-01
1.132981777191162109e-01
1.133072078227996826e-01
1.133162677288055420e-01
1.133252978324890137e-01
1.133343875408172607e-01
1.133434176445007324e-01
1.133524775505065918e-01
1.133614778518676758e-01
1.133705079555511475e-01
1.133795976638793945e-01
1.133885681629180908e-01
1.133976280689239502e-01
1.134066879749298096e-01
1.134157180786132812e-01
1.134247481822967529e-01
1.134338080883026123e-01
1.134428679943084717e-01
1.134518682956695557e-01
1.134609282016754150e-01
1.134699881076812744e-01
1.134789884090423584e-01
1.134879887104034424e-01
1.134971082210540771e-01
1.135061085224151611e-01
1.135151684284210205e-01
1.135242283344268799e-01
1.135332584381103516e-01
1.135422587394714355e-01
1.135512888431549072e-01
1.135603189468383789e-01
1.135693788528442383e-01
1.135784387588500977e-01
1.135874688625335693e-01
1.135965287685394287e-01
1.136054992675781250e-01
1.136145591735839844e-01
1.136236190795898438e-01
1.136326491832733154e-01
1.136416792869567871e-01
1.136507093906402588e-01
1.136597394943237305e-01
1.136688292026519775e-01
1.136778891086578369e-01
1.136868894100189209e-01
1.136959195137023926e-01
1.137050092220306396e-01
1.137139797210693359e-01
1.137230694293975830e-01
1.137320399284362793e-01
1.137411296367645264e-01
1.137501597404479980e-01
1.137591898441314697e-01
1.137682497501373291e-01
1.137773096561431885e-01
1.137863397598266602e-01
1.137953400611877441e-01
1.138043999671936035e-01
1.138134002685546875e-01
1.138224899768829346e-01
1.138315498828887939e-01
1.138405799865722656e-01
1.138495802879333496e-01
1.138586401939392090e-01
1.138676404953002930e-01
1.138767600059509277e-01
1.138857603073120117e-01
1.138948500156402588e-01
1.139039099216461182e-01
1.139128804206848145e-01
1.139219403266906738e-01
1.139310002326965332e-01
1.139400601387023926e-01
1.139490902423858643e-01
1.139581501483917236e-01
1.139672398567199707e-01
1.139762103557586670e-01
1.139852106571197510e-01
1.139943301677703857e-01
1.140033304691314697e-01
1.140123605728149414e-01
1.140214800834655762e-01
1.140305101871490479e-01
1.140395402908325195e-01
1.140486299991607666e-01
1.140576601028442383e-01
1.140666604042053223e-01
1.140757501125335693e-01
1.140847504138946533e-01
1.140938401222229004e-01
1.141029000282287598e-01
1.141118705272674561e-01
1.141209900379180908e-01
1.141299903392791748e-01
1.141391396522521973e-01
1.141480803489685059e-01
1.141570806503295898e-01
1.141662001609802246e-01
1.141752898693084717e-01
1.141843199729919434e-01
1.141933500766754150e-01
1.142023503780364990e-01
1.142114698886871338e-01
1.142205893993377686e-01
1.142295598983764648e-01
1.142385900020599365e-01
1.142476499080657959e-01
1.142567396163940430e-01
1.142657995223999023e-01
1.142748594284057617e-01
1.142838299274444580e-01
1.142928898334503174e-01
1.143020093441009521e-01
1.143110692501068115e-01
1.143200397491455078e-01
1.143291890621185303e-01
1.143382191658020020e-01
1.143472492694854736e-01
1.143563091754913330e-01
1.143653690814971924e-01
1.143744587898254395e-01
1.143834292888641357e-01
1.143925487995147705e-01
1.144015491008758545e-01
1.144106388092041016e-01
1.144196987152099609e-01
1.144287586212158203e-01
1.144377887248992920e-01
1.144469082355499268e-01
1.144559085369110107e-01
1.144649684429168701e-01
1.144740581512451172e-01
1.144831180572509766e-01
1.144921481609344482e-01
1.145012080669403076e-01
1.145102679729461670e-01
1.145193576812744141e-01
1.145283579826354980e-01
1.145374476909637451e-01
1.145464777946472168e-01
1.145555377006530762e-01
1.145645976066589355e-01
1.145736575126647949e-01
1.145827472209930420e-01
1.145917773246765137e-01
1.146008074283599854e-01
1.146099865436553955e-01
1.146189272403717041e-01
1.146279871463775635e-01
1.146371066570281982e-01
1.146461367607116699e-01
1.146552562713623047e-01
1.146642267704010010e-01
1.146733462810516357e-01
1.146823763847351074e-01
1.146914958953857422e-01
1.147005558013916016e-01
1.147095561027526855e-01
1.147186160087585449e-01
1.147277057170867920e-01
1.147367656230926514e-01
1.147458553314208984e-01
1.147549152374267578e-01
1.147639751434326172e-01
1.147730052471160889e-01
1.147820651531219482e-01
1.147910952568054199e-01
1.148001849651336670e-01
1.148092448711395264e-01
1.148183345794677734e-01
1.148273348808288574e-01
1.148364841938018799e-01
1.148454546928405762e-01
1.148546040058135986e-01
1.148636043071746826e-01
1.148727536201477051e-01
1.148817837238311768e-01
1.148908734321594238e-01
1.148998737335205078e-01
1.149089336395263672e-01
1.149180233478546143e-01
1.149271130561828613e-01
1.149361431598663330e-01
1.149452924728393555e-01
1.149542927742004395e-01
1.149633526802062988e-01
1.149724125862121582e-01
1.149814724922180176e-01
1.149905323982238770e-01
1.149995625019073486e-01
1.150086820125579834e-01
1.150177121162414551e-01
1.150267720222473145e-01
1.150359213352203369e-01
1.150449514389038086e-01
1.150539815425872803e-01
1.150630116462707520e-01
1.150721013545989990e-01
1.150811612606048584e-01
1.150902509689331055e-01
1.150992810726165771e-01
1.151083409786224365e-01
1.151174306869506836e-01
1.151265203952789307e-01
1.151355803012847900e-01
1.151446700096130371e-01
1.151537597179412842e-01
1.151627600193023682e-01
1.151718497276306152e-01
1.151809394359588623e-01
1.151899695396423340e-01
1.151990294456481934e-01
1.152081191539764404e-01
1.152171194553375244e-01
1.152262091636657715e-01
1.152352690696716309e-01
1.152443289756774902e-01
1.152533888816833496e-01
1.152624487876892090e-01
1.152715384960174561e-01
1.152806282043457031e-01
1.152896285057067871e-01
1.152986884117126465e-01
1.153078079223632812e-01
1.153168678283691406e-01
1.153258681297302246e-01
1.153349578380584717e-01
1.153440475463867188e-01
1.153530180454254150e-01
1.153621673583984375e-01
1.153711974620819092e-01
1.153802871704101562e-01
1.153893172740936279e-01
1.153984367847442627e-01
1.154074370861053467e-01
1.154164671897888184e-01
1.154255867004394531e-01
1.154346168041229248e-01
1.154436767101287842e-01
1.154527068138122559e-01
1.154617667198181152e-01
1.154708862304687500e-01
1.154799461364746094e-01
1.154890060424804688e-01
1.154980659484863281e-01
1.155070960521697998e-01
1.155161857604980469e-01
1.155252456665039062e-01
1.155343055725097656e-01
1.155433058738708496e-01
1.155523955821990967e-01
1.155614852905273438e-01
1.155704855918884277e-01
1.155795454978942871e-01
1.155886054039001465e-01
1.155976355075836182e-01
1.156067252159118652e-01
1.156158149242401123e-01
1.156248450279235840e-01
1.156339049339294434e-01
1.156429350376129150e-01
1.156519949436187744e-01
1.156610846519470215e-01
1.156700849533081055e-01
1.156791448593139648e-01
1.156882345676422119e-01
1.156973540782928467e-01
1.157063543796539307e-01
1.157153844833374023e-01
1.157244443893432617e-01
1.157335042953491211e-01
1.157425343990325928e-01
1.157515943050384521e-01
1.157606542110443115e-01
1.157696843147277832e-01
1.157787144184112549e-01
1.157877445220947266e-01
1.157968342304229736e-01
1.158058643341064453e-01
1.158148944377899170e-01
1.158239841461181641e-01
1.158330142498016357e-01
1.158420741558074951e-01
1.158511340618133545e-01
1.158601939678192139e-01
1.158691942691802979e-01
1.158782243728637695e-01
1.158872544765472412e-01
1.158963441848754883e-01
1.159054040908813477e-01
1.159144043922424316e-01
1.159234642982482910e-01
1.159324944019317627e-01
1.159415543079376221e-01
1.159505844116210938e-01
1.159595847129821777e-01
1.159686744213104248e-01
1.159777045249938965e-01
1.159867644309997559e-01
1.159958243370056152e-01
1.160048246383666992e-01
1.160138249397277832e-01
1.160228848457336426e-01
1.160319447517395020e-01
1.160409450531005859e-01
1.160500347614288330e-01
1.160590052604675293e-01
1.160680949687957764e-01
1.160770654678344727e-01
1.160862147808074951e-01
1.160952150821685791e-01
1.161041855812072754e-01
1.161132454872131348e-01
1.161222457885742188e-01
1.161313056945800781e-01
1.161403059959411621e-01
1.161493360996246338e-01
1.161583662033081055e-01
1.161674559116363525e-01
1.161764860153198242e-01
1.161854863166809082e-01
1.161944866180419922e-01
1.162034869194030762e-01
1.162125468254089355e-01
1.162216067314147949e-01
1.162306070327758789e-01
1.162396371364593506e-01
1.162486672401428223e-01
1.162576079368591309e-01
1.162667274475097656e-01
1.162756979465484619e-01
1.162847578525543213e-01
1.162937879562377930e-01
1.163027882575988770e-01
1.163117885589599609e-01
1.163208186626434326e-01
1.163297891616821289e-01
1.163388192653656006e-01
1.163478493690490723e-01
1.163568496704101562e-01
1.163658797740936279e-01
1.163749098777770996e-01
1.163839101791381836e-01
1.163929402828216553e-01
1.164019405841827393e-01
1.164110004901885986e-01
1.164199411869049072e-01
1.164289712905883789e-01
1.164379715919494629e-01
1.164470314979553223e-01
1.164559721946716309e-01
1.164650022983551025e-01
1.164740324020385742e-01
1.164830327033996582e-01
1.164920628070831299e-01
1.165010035037994385e-01
1.165100634098052979e-01
1.165190339088439941e-01
1.165280044078826904e-01
1.165370345115661621e-01
1.165460646152496338e-01
1.165550053119659424e-01
1.165640652179718018e-01
1.165730357170104980e-01
1.165820658206939697e-01
1.165910363197326660e-01
1.166000366210937500e-01
1.166090369224548340e-01
1.166180074214935303e-01
1.166270375251770020e-01
1.166359782218933105e-01
1.166449785232543945e-01
1.166539788246154785e-01
1.166629791259765625e-01
1.166720092296600342e-01
1.166809499263763428e-01
1.166899502277374268e-01
1.166989207267761230e-01
1.167079210281372070e-01
1.167168915271759033e-01
1.167258918285369873e-01
1.167348623275756836e-01
1.167438626289367676e-01
1.167528629302978516e-01
1.167618036270141602e-01
1.167708039283752441e-01
1.167797446250915527e-01
1.167887747287750244e-01
1.167977154254913330e-01
1.168067455291748047e-01
1.168157160282135010e-01
1.168246567249298096e-01
1.168336272239685059e-01
1.168426275253295898e-01
1.168516278266906738e-01
1.168605685234069824e-01
1.168695390224456787e-01
1.168784797191619873e-01
1.168874800205230713e-01
1.168964505195617676e-01
1.169053912162780762e-01
1.169143617153167725e-01
1.169233322143554688e-01
1.169323325157165527e-01
1.169412732124328613e-01
1.169502437114715576e-01
1.169592440128326416e-01
1.169682443141937256e-01
1.169771552085876465e-01
1.169860959053039551e-01
1.169950366020202637e-01
1.170039772987365723e-01
1.170129776000976562e-01
1.170219480991363525e-01
1.170308589935302734e-01
1.170397996902465820e-01
1.170487999916076660e-01
1.170577108860015869e-01
1.170667409896850586e-01
1.170757114887237549e-01
1.170845925807952881e-01
1.170935332775115967e-01
1.171025037765502930e-01
1.171114444732666016e-01
1.171203553676605225e-01
1.171293556690216064e-01
1.171382963657379150e-01
1.171472668647766113e-01
1.171562075614929199e-01
1.171651184558868408e-01
1.171740889549255371e-01
1.171829998493194580e-01
1.171919405460357666e-01
1.172008812427520752e-01
1.172098219394683838e-01
1.172187328338623047e-01
1.172277331352233887e-01
1.172366440296173096e-01
1.172455549240112305e-01
1.172545254230499268e-01
1.172634363174438477e-01
1.172723770141601562e-01
1.172812879085540771e-01
1.172902584075927734e-01
1.172991394996643066e-01
1.173080801963806152e-01
1.173170208930969238e-01
1.173259615898132324e-01
1.173348426818847656e-01
1.173438131809234619e-01
1.173527240753173828e-01
1.173616051673889160e-01
1.173706054687500000e-01
1.173795163631439209e-01
1.173884272575378418e-01
1.173973381519317627e-01
1.174062788486480713e-01
1.174151897430419922e-01
1.174241006374359131e-01
1.174329817295074463e-01
1.174419224262237549e-01
1.174508631229400635e-01
1.174597740173339844e-01
1.174686253070831299e-01
1.174775362014770508e-01
1.174864470958709717e-01
1.174953579902648926e-01
1.175043284893035889e-01
1.175131499767303467e-01
1.175221204757690430e-01
1.175310015678405762e-01
1.175399422645568848e-01
1.175488233566284180e-01
1.175577044486999512e-01
1.175666153430938721e-01
1.175755262374877930e-01
1.175844371318817139e-01
1.175932884216308594e-01
1.176022589206695557e-01
1.176111102104187012e-01
1.176200211048126221e-01
1.176288723945617676e-01
1.176378130912780762e-01
1.176466941833496094e-01
1.176556050777435303e-01
1.176644563674926758e-01
1.176733672618865967e-01
1.176822781562805176e-01
1.176912188529968262e-01
1.177000701427459717e-01
1.177089214324951172e-01
1.177178025245666504e-01
1.177267134189605713e-01
1.177355945110321045e-01
1.177444756031036377e-01
1.177533268928527832e-01
1.177622675895690918e-01
1.177711784839630127e-01
1.177799999713897705e-01
1.177888810634613037e-01
1.177977025508880615e-01
1.178067028522491455e-01
1.178155839443206787e-01
1.178244352340698242e-01
1.178332865238189697e-01
1.178421378135681152e-01
1.178510487079620361e-01
1.178598701953887939e-01
1.178687512874603271e-01
1.178776025772094727e-01
1.178865134716033936e-01
1.178953945636749268e-01
1.179042160511016846e-01
1.179130971431732178e-01
1.179219782352447510e-01
1.179308891296386719e-01
1.179397702217102051e-01
1.179485917091369629e-01
1.179574429988861084e-01
1.179662942886352539e-01
1.179751455783843994e-01
1.179840564727783203e-01
1.179928779602050781e-01
1.180018186569213867e-01
1.180106401443481445e-01
1.180194914340972900e-01
1.180283725261688232e-01
1.180371940135955811e-01
1.180460751056671143e-01
1.180549263954162598e-01
1.180637478828430176e-01
1.180725693702697754e-01
1.180814504623413086e-01
1.180902719497680664e-01
1.180991828441619873e-01
1.181080043315887451e-01
1.181169152259826660e-01
1.181257069110870361e-01
1.181345880031585693e-01
1.181434094905853271e-01
1.181522905826568604e-01
1.181611120700836182e-01
1.181699633598327637e-01
1.181788146495819092e-01
1.181876659393310547e-01
1.181964874267578125e-01
1.182053387165069580e-01
1.182141304016113281e-01
1.182229816913604736e-01
1.182318627834320068e-01
1.182406544685363770e-01
1.182495057582855225e-01
1.182584166526794434e-01
1.182671785354614258e-01
1.182760000228881836e-01
1.182848811149597168e-01
1.182937026023864746e-01
1.183025538921356201e-01
1.183114051818847656e-01
1.183202266693115234e-01
1.183290779590606689e-01
1.183378994464874268e-01
1.183467209339141846e-01
1.183555424213409424e-01
1.183643341064453125e-01
1.183731853961944580e-01
1.183820068836212158e-01
1.183908581733703613e-01
1.183996796607971191e-01
1.184085309505462646e-01
1.184173524379730225e-01
1.184261739253997803e-01
1.184350252151489258e-01
1.184438765048980713e-01
1.184526383876800537e-01
1.184614300727844238e-01
1.184703111648559570e-01
1.184791326522827148e-01
1.184879541397094727e-01
1.184968054294586182e-01
1.185055971145629883e-01
1.185143589973449707e-01
1.185232102870941162e-01
1.185320317745208740e-01
1.185408532619476318e-01
1.185496449470520020e-01
1.185584664344787598e-01
1.185672879219055176e-01
1.185761094093322754e-01
1.185849308967590332e-01
1.185936927795410156e-01
1.186025142669677734e-01
1.186113655567169189e-01
1.186201870441436768e-01
1.186290383338928223e-01
1.186378300189971924e-01
1.186466217041015625e-01
1.186554133892059326e-01
1.186642348766326904e-01
1.186730861663818359e-01
1.186818480491638184e-01
1.186906397342681885e-01
1.186994314193725586e-01
1.187082529067993164e-01
1.187170445919036865e-01
1.187258958816528320e-01
1.187346875667572021e-01
1.187434792518615723e-01
1.187522709369659424e-01
1.187611222267150879e-01
1.187699437141418457e-01
1.187787353992462158e-01
1.187875270843505859e-01
1.187963783740997314e-01
1.188051700592041016e-01
1.188138723373413086e-01
1.188227534294128418e-01
1.188316047191619873e-01
1.188403666019439697e-01
1.188491880893707275e-01
1.188579797744750977e-01
1.188668310642242432e-01
1.188755333423614502e-01
1.188843250274658203e-01
1.188931465148925781e-01
1.189019978046417236e-01
1.189107298851013184e-01
1.189195513725280762e-01
1.189284324645996094e-01
1.189371943473815918e-01
1.189460158348083496e-01
1.189548075199127197e-01
1.189635694026947021e-01
1.189723610877990723e-01
1.189811527729034424e-01
1.189900040626525879e-01
1.189987659454345703e-01
1.190075874328613281e-01
1.190164089202880859e-01
1.190251708030700684e-01
1.190339624881744385e-01
1.190427541732788086e-01
1.190515160560607910e-01
1.190603375434875488e-01
1.190691292285919189e-01
1.190779507160186768e-01
1.190867125988006592e-01
1.190955340862274170e-01
1.191043257713317871e-01
1.191131472587585449e-01
1.191219091415405273e-01
1.191307008266448975e-01
1.191394925117492676e-01
1.191483139991760254e-01
1.191571056842803955e-01
1.191659271717071533e-01
1.191747188568115234e-01
1.191834807395935059e-01
1.191922426223754883e-01
1.192010641098022461e-01
1.192098855972290039e-01
1.192187070846557617e-01
1.192275285720825195e-01
1.192362904548645020e-01
1.192451119422912598e-01
1.192538738250732422e-01
1.192627251148223877e-01
1.192714571952819824e-01
1.192802488803863525e-01
1.192891001701354980e-01
1.192978024482727051e-01
1.193066537380218506e-01
1.193154454231262207e-01
1.193242669105529785e-01
1.193329989910125732e-01
1.193418502807617188e-01
1.193506419658660889e-01
1.193594336509704590e-01
1.193682551383972168e-01
1.193770468235015869e-01
1.193858385086059570e-01
1.193946599960327148e-01
1.194034218788146973e-01
1.194122433662414551e-01
1.194210648536682129e-01
1.194298863410949707e-01
1.194385588169097900e-01
1.194474399089813232e-01
1.194562017917633057e-01
1.194650530815124512e-01
1.194738447666168213e-01
1.194826364517211914e-01
1.194914877414703369e-01
1.195002198219299316e-01
1.195090413093566895e-01
1.195178627967834473e-01
1.195266544818878174e-01
1.195354461669921875e-01
1.195442378520965576e-01
1.195530295372009277e-01
1.195618510246276855e-01
1.195706725120544434e-01
1.195794641971588135e-01
1.195883154869079590e-01
1.195971369743347168e-01
1.196059286594390869e-01
1.196147203445434570e-01
1.196235120296478271e-01
1.196323633193969727e-01
1.196411252021789551e-01
1.196499466896057129e-01
1.196587681770324707e-01
1.196675002574920654e-01
1.196764409542083740e-01
1.196851730346679688e-01
1.196940243244171143e-01
1.197027862071990967e-01
1.197116374969482422e-01
1.197204887866973877e-01
1.197292208671569824e-01
1.197380721569061279e-01
1.197468638420104980e-01
1.197556853294372559e-01
1.197645068168640137e-01
1.197733581066131592e-01
1.197822093963623047e-01
1.197909414768218994e-01
1.197997927665710449e-01
1.198086440563201904e-01
1.198174655437469482e-01
1.198262870311737061e-01
1.198350489139556885e-01
1.198439300060272217e-01
1.198526918888092041e-01
1.198615729808807373e-01
1.198704540729522705e-01
1.198791861534118652e-01
1.198880374431610107e-01
1.198968589305877686e-01
1.199056804180145264e-01
1.199145019054412842e-01
1.199233531951904297e-01
1.199322044849395752e-01
1.199409961700439453e-01
1.199498176574707031e-01
1.199586987495422363e-01
1.199675202369689941e-01
1.199764311313629150e-01
1.199851930141448975e-01
1.199940741062164307e-01
1.200028657913208008e-01
1.200117468833923340e-01
1.200205385684967041e-01
1.200293898582458496e-01
1.200382709503173828e-01
1.200470328330993652e-01
1.200559139251708984e-01
1.200647652149200439e-01
1.200736165046691895e-01
1.200825273990631104e-01
1.200913190841674805e-01
1.201001405715942383e-01
1.201090514659881592e-01
1.201179027557373047e-01
1.201267838478088379e-01
1.201356053352355957e-01
1.201444566249847412e-01
1.201533079147338867e-01
1.201621890068054199e-01
1.201710402965545654e-01
1.201798915863037109e-01
1.201887726783752441e-01
1.201975941658020020e-01
1.202065348625183105e-01
1.202153563499450684e-01
1.202242076396942139e-01
1.202331185340881348e-01
1.202419698238372803e-01
1.202507913112640381e-01
1.202597320079803467e-01
1.202686131000518799e-01
1.202774643898010254e-01
1.202863454818725586e-01
1.202952265739440918e-01
1.203041076660156250e-01
1.203129887580871582e-01
1.203219294548034668e-01
1.203307807445526123e-01
1.203396618366241455e-01
1.203485131263732910e-01
1.203574240207672119e-01
1.203663349151611328e-01
1.203752160072326660e-01
1.203841567039489746e-01
1.203930079936981201e-01
1.204019486904144287e-01
1.204108297824859619e-01
1.204197108745574951e-01
1.204286515712738037e-01
1.204375028610229492e-01
1.204464137554168701e-01
1.204553544521331787e-01
1.204642057418823242e-01
1.204731762409210205e-01
1.204821169376373291e-01
1.204909384250640869e-01
1.204999089241027832e-01
1.205088198184967041e-01
1.205177307128906250e-01
1.205266416072845459e-01
1.205355823040008545e-01
1.205445230007171631e-01
1.205534338951110840e-01
1.205623447895050049e-01
1.205712854862213135e-01
1.205801963806152344e-01
1.205891668796539307e-01
1.205981075763702393e-01
1.206071078777313232e-01
1.206160187721252441e-01
1.206249296665191650e-01
1.206338703632354736e-01
1.206428408622741699e-01
1.206517815589904785e-01
1.206606924533843994e-01
1.206696927547454834e-01
1.206786334514617920e-01
1.206876635551452637e-01
1.206965446472167969e-01
1.207055151462554932e-01
1.207144558429718018e-01
1.207234561443328857e-01
1.207324266433715820e-01
1.207413673400878906e-01
1.207503974437713623e-01
1.207593679428100586e-01
1.207683086395263672e-01
1.207772493362426758e-01
1.207862794399261475e-01
1.207952499389648438e-01
1.208042502403259277e-01
1.208132505416870117e-01
1.208222508430480957e-01
1.208312213420867920e-01
1.208402514457702637e-01
1.208492517471313477e-01
1.208581924438476562e-01
1.208672225475311279e-01
1.208762526512145996e-01
1.208852231502532959e-01
1.208942532539367676e-01
1.209032237529754639e-01
1.209122538566589355e-01
1.209213137626647949e-01
1.209302842617034912e-01
1.209393143653869629e-01
1.209483444690704346e-01
1.209573447704315186e-01
1.209663748741149902e-01
1.209754049777984619e-01
1.209844350814819336e-01
1.209934651851654053e-01
1.210025846958160400e-01
1.210115551948547363e-01
1.210206449031829834e-01
1.210296452045440674e-01
1.210387349128723145e-01
1.210478246212005615e-01
1.210568249225616455e-01
1.210659444332122803e-01
1.210749745368957520e-01
1.210840344429016113e-01
1.210931241512298584e-01
1.211021244525909424e-01
1.211112439632415771e-01
1.211203336715698242e-01
1.211294233798980713e-01
1.211385130882263184e-01
1.211475729942321777e-01
1.211566329002380371e-01
1.211657226085662842e-01
1.211748123168945312e-01
1.211839318275451660e-01
1.211930513381958008e-01
1.212021708488464355e-01
1.212112307548522949e-01
1.212203204631805420e-01
1.212294995784759521e-01
1.212385892868041992e-01
1.212476789951324463e-01
1.212568283081054688e-01
1.212659776210784912e-01
1.212750971317291260e-01
1.212842166423797607e-01
1.212933361530303955e-01
1.213024854660034180e-01
1.213116049766540527e-01
1.213207542896270752e-01
1.213299036026000977e-01
1.213390231132507324e-01
1.213482320308685303e-01
1.213574111461639404e-01
1.213665306568145752e-01
1.213756501674652100e-01
1.213848888874053955e-01
1.213940083980560303e-01
1.214032173156738281e-01
1.214123964309692383e-01
1.214215457439422607e-01
1.214307546615600586e-01
1.214399039745330811e-01
1.214492022991180420e-01
1.214583516120910645e-01
1.214675605297088623e-01
1.214767098426818848e-01
1.214858889579772949e-01
1.214950978755950928e-01
1.215043067932128906e-01
1.215135753154754639e-01
1.215227544307708740e-01
1.215319931507110596e-01
1.215412616729736328e-01
1.215504705905914307e-01
1.215596795082092285e-01
1.215689182281494141e-01
1.215781271457672119e-01
1.215874254703521729e-01
1.215966939926147461e-01
1.216059327125549316e-01
1.216152012348175049e-01
1.216244399547576904e-01
1.216337084770202637e-01
1.216430068016052246e-01
1.216523349285125732e-01
1.216615140438079834e-01
1.216708123683929443e-01
1.216800808906555176e-01
1.216893792152404785e-01
1.216986775398254395e-01
1.217080056667327881e-01
1.217172741889953613e-01
1.217265427112579346e-01
1.217359006404876709e-01
1.217451989650726318e-01
1.217545270919799805e-01
1.217638552188873291e-01
1.217732131481170654e-01
1.217824816703796387e-01
1.217918097972869873e-01
1.218011379241943359e-01
1.218105256557464600e-01
1.218198835849761963e-01
1.218292117118835449e-01
1.218385994434356689e-01
1.218479275703430176e-01
1.218573153018951416e-01
1.218666434288024902e-01
1.218760907649993896e-01
1.218853592872619629e-01
1.218947768211364746e-01
1.219041943550109863e-01
1.219135522842407227e-01
1.219229996204376221e-01
1.219323277473449707e-01
1.219417750835418701e-01
1.219512224197387695e-01
1.219606101512908936e-01
1.219699680805206299e-01
1.219794154167175293e-01
1.219888329505920410e-01
1.219982802867889404e-01
1.220076680183410645e-01
1.220171749591827393e-01
1.220265924930572510e-01
1.220360994338989258e-01
1.220454871654510498e-01
1.220549643039703369e-01
1.220643818378448486e-01
1.220738887786865234e-01
1.220833063125610352e-01
1.220928430557250977e-01
1.221022605895996094e-01
1.221117675304412842e-01
1.221212744712829590e-01
1.221307814121246338e-01
1.221402883529663086e-01
1.221497654914855957e-01
1.221592426300048828e-01
1.221688687801361084e-01
1.221783161163330078e-01
1.221878230571746826e-01
1.221973896026611328e-01
1.222069561481475830e-01
1.222163736820220947e-01
1.222260296344757080e-01
1.222355663776397705e-01
1.222450435161590576e-01
1.222546994686126709e-01
1.222642958164215088e-01
1.222737729549407959e-01
1.222833395004272461e-01
1.222929656505584717e-01
1.223025619983673096e-01
1.223121285438537598e-01
1.223217546939849854e-01
1.223313510417938232e-01
1.223409175872802734e-01
1.223505735397338867e-01
1.223601698875427246e-01
1.223697960376739502e-01
1.223794519901275635e-01
1.223890781402587891e-01
1.223987340927124023e-01
1.224083900451660156e-01
1.224180459976196289e-01
1.224276721477508545e-01
1.224373281002044678e-01
1.224470138549804688e-01
1.224566996097564697e-01
1.224663853645324707e-01
1.224760413169860840e-01
1.224857568740844727e-01
1.224954426288604736e-01
1.225051283836364746e-01
1.225148737430572510e-01
1.225245893001556396e-01
1.225343346595764160e-01
1.225439608097076416e-01
1.225536763668060303e-01
1.225634813308715820e-01
1.225732266902923584e-01
1.225829720497131348e-01
1.225927174091339111e-01
1.226025223731994629e-01
1.226122379302978516e-01
1.226219832897186279e-01
1.226318180561065674e-01
1.226415336132049561e-01
1.226513981819152832e-01
1.226611733436584473e-01
1.226709485054016113e-01
1.226807534694671631e-01
1.226905882358551025e-01
1.227003931999206543e-01
1.227102279663085938e-01
1.227200329303741455e-01
1.227298974990844727e-01
1.227397322654724121e-01
1.227495968341827393e-01
1.227594614028930664e-01
1.227692961692810059e-01
1.227791607379913330e-01
1.227889955043792725e-01
1.227988898754119873e-01
1.228087842464447021e-01
1.228187680244445801e-01
1.228286027908325195e-01
1.228384971618652344e-01
1.228484809398651123e-01
1.228583753108978271e-01
1.228682696819305420e-01
1.228781938552856445e-01
1.228880882263183594e-01
1.228980720043182373e-01
1.229080557823181152e-01
1.229180097579956055e-01
1.229279637336730957e-01
1.229379475116729736e-01
1.229479312896728516e-01
1.229578554630279541e-01
1.229678690433502197e-01
1.229778826236724854e-01
1.229878962039947510e-01
1.229979097843170166e-01
1.230079233646392822e-01
1.230179369449615479e-01
1.230279505252838135e-01
1.230379939079284668e-01
1.230480670928955078e-01
1.230581104755401611e-01
1.230681836605072021e-01
1.230782270431518555e-01
1.230882704257965088e-01
1.230984032154083252e-01
1.231085062026977539e-01
1.231185495853424072e-01
1.231286823749542236e-01
1.231387853622436523e-01
1.231489181518554688e-01
1.231589913368225098e-01
1.231691241264343262e-01
1.231792569160461426e-01
1.231894195079803467e-01
1.231995522975921631e-01
1.232096552848815918e-01
1.232198774814605713e-01
1.232300698757171631e-01
1.232402324676513672e-01
1.232504248619079590e-01
1.232605874538421631e-01
1.232708096504211426e-01
1.232810318470001221e-01
1.232912540435791016e-01
1.233014166355133057e-01
1.233116686344146729e-01
1.233219504356384277e-01
1.233321428298950195e-01
1.233424246311187744e-01
1.233527064323425293e-01
1.233629286289215088e-01
1.233732104301452637e-01
1.233834922313690186e-01
1.233938038349151611e-01
1.234040558338165283e-01
1.234143674373626709e-01
1.234247386455535889e-01
1.234350502490997314e-01
1.234453320503234863e-01
1.234556138515472412e-01
1.234659850597381592e-01
1.234763562679290771e-01
1.234867572784423828e-01
1.234971284866333008e-01
1.235074400901794434e-01
1.235178112983703613e-01
1.235282123088836670e-01
1.235386133193969727e-01
1.235489845275878906e-01
1.235595345497131348e-01
1.235698461532592773e-01
1.235802769660949707e-01
1.235907077789306641e-01
1.236011683940887451e-01
1.236116886138916016e-01
1.236220598220825195e-01
1.236325502395629883e-01
1.236430108547210693e-01
1.236536204814910889e-01
1.236640810966491699e-01
1.236745417118072510e-01
1.236849725246429443e-01
1.236955523490905762e-01
1.237060427665710449e-01
1.237166225910186768e-01
1.237271428108215332e-01
1.237377524375915527e-01
1.237482130527496338e-01
1.237588524818420410e-01
1.237693428993225098e-01
1.237799525260925293e-01
1.237905323505401611e-01
1.238011419773101807e-01
1.238117814064025879e-01
1.238224208354949951e-01
1.238330304622650146e-01
1.238436400890350342e-01
1.238542795181274414e-01
1.238649785518646240e-01
1.238755881786346436e-01
1.238863170146942139e-01
1.238969564437866211e-01
1.239076554775238037e-01
1.239183247089385986e-01
1.239290237426757812e-01
1.239397823810577393e-01
1.239504814147949219e-01
1.239612400531768799e-01
1.239719390869140625e-01
1.239826977252960205e-01
1.239935159683227539e-01
1.240041851997375488e-01
1.240149736404418945e-01
1.240257918834686279e-01
1.240365505218505859e-01
1.240473389625549316e-01
1.240581572055816650e-01
1.240689456462860107e-01
1.240797936916351318e-01
1.240905821323394775e-01
1.241014599800109863e-01
1.241123378276824951e-01
1.241232156753540039e-01
1.241340637207031250e-01
1.241449415683746338e-01
1.241558492183685303e-01
1.241667270660400391e-01
1.241776347160339355e-01
1.241885125637054443e-01
1.241994798183441162e-01
1.242104172706604004e-01
1.242213249206542969e-01
1.242322921752929688e-01
1.242433190345764160e-01
1.242542862892150879e-01
1.242652237415313721e-01
1.242762207984924316e-01
1.242872178554534912e-01
1.242982447147369385e-01
1.243092417716979980e-01
1.243202984333038330e-01
1.243313252925872803e-01
1.243424117565155029e-01
1.243534386157989502e-01
1.243645548820495605e-01
1.243755519390106201e-01
1.243866384029388428e-01
1.243977546691894531e-01
1.244088709354400635e-01
1.244200170040130615e-01
1.244311332702636719e-01
1.244422495365142822e-01
1.244533956050872803e-01
1.244645714759826660e-01
1.244757771492004395e-01
1.244869232177734375e-01
1.244980692863464355e-01
1.245092451572418213e-01
1.245204508304595947e-01
1.245317459106445312e-01
1.245429515838623047e-01
1.245541274547576904e-01
1.245654523372650146e-01
1.245766878128051758e-01
1.245878934860229492e-01
1.245991587638854980e-01
1.246105134487152100e-01
1.246218085289001465e-01
1.246330440044403076e-01
1.246443688869476318e-01
1.246557235717773438e-01
1.246670782566070557e-01
1.246784031391143799e-01
1.246898174285888672e-01
1.247011721134185791e-01
1.247124671936035156e-01
1.247239112854003906e-01
1.247353553771972656e-01
1.247466802597045898e-01
1.247581243515014648e-01
1.247694790363311768e-01
1.247810423374176025e-01
1.247924566268920898e-01
1.248039007186889648e-01
1.248153746128082275e-01
1.248268485069274902e-01
1.248383820056915283e-01
1.248498857021331787e-01
1.248613297939300537e-01
1.248728930950164795e-01
1.248844563961029053e-01
1.248959600925445557e-01
1.249075531959533691e-01
1.249191164970397949e-01
1.249306499958038330e-01
1.249422729015350342e-01
1.249538362026214600e-01
1.249654293060302734e-01
1.249770522117614746e-01
1.249887049198150635e-01
1.250002682209014893e-01
1.250119209289550781e-01
1.250236332416534424e-01
1.250352859497070312e-01
1.250469684600830078e-01
1.250587105751037598e-01
1.250703632831573486e-01
1.250820457935333252e-01
1.250939071178436279e-01
1.251056492328643799e-01
1.251173615455627441e-01
1.251291334629058838e-01
1.251408457756042480e-01
1.251526772975921631e-01
1.251644790172576904e-01
1.251762509346008301e-01
1.251880824565887451e-01
1.251999139785766602e-01
1.252117753028869629e-01
1.252235770225524902e-01
1.252354681491851807e-01
1.252473592758178711e-01
1.252592206001281738e-01
1.252711117267608643e-01
1.252830028533935547e-01
1.252949237823486328e-01
1.253069341182708740e-01
1.253188252449035645e-01
1.253307759761810303e-01
1.253427565097808838e-01
1.253547370433807373e-01
1.253667175769805908e-01
1.253787577152252197e-01
