5.934068560600280762e-02
5.939048528671264648e-02
5.944025516510009766e-02
5.949014425277709961e-02
5.954003334045410156e-02
5.959007143974304199e-02
5.963999032974243164e-02
5.968996882438659668e-02
5.973976850509643555e-02
5.978980660438537598e-02
5.983984470367431641e-02
5.988979339599609375e-02
5.993986129760742188e-02
5.998995900154113770e-02
6.004011631011962891e-02
6.009012460708618164e-02
6.014025211334228516e-02
6.019034981727600098e-02
6.024053692817687988e-02
6.029063463211059570e-02
6.034091114997863770e-02
6.039109826087951660e-02
6.044122576713562012e-02
6.049150228500366211e-02
6.054180860519409180e-02
6.059202551841735840e-02
6.064227223396301270e-02
6.069263815879821777e-02
6.074294447898864746e-02
6.079328060150146484e-02
6.084358692169189453e-02
6.089401245117187500e-02
6.094440817832946777e-02
6.099480390548706055e-02
6.104514002799987793e-02
6.109568476676940918e-02
6.114616990089416504e-02
6.119650602340698242e-02
6.124708056449890137e-02
6.129756569862365723e-02
6.134811043739318848e-02
6.139859557151794434e-02
6.144914031028747559e-02
6.149974465370178223e-02
6.155028939247131348e-02
6.160086393356323242e-02
6.165149807929992676e-02
6.170213222503662109e-02
6.175276637077331543e-02
6.180340051651000977e-02
6.185409426689147949e-02
6.190481781959533691e-02
6.195551156997680664e-02
6.200623512268066406e-02
6.205692887306213379e-02
6.210771203041076660e-02
6.215846538543701172e-02
6.220924854278564453e-02
6.226012110710144043e-02
6.231087446212768555e-02
6.236174702644348145e-02
6.241253018379211426e-02
6.246343255043029785e-02
6.251421570777893066e-02
6.256514787673950195e-02
6.261608004570007324e-02
6.266698241233825684e-02
6.271791458129882812e-02
6.276884675025939941e-02
6.281977891921997070e-02
6.287080049514770508e-02
6.292167305946350098e-02
6.297278404235839844e-02
6.302374601364135742e-02
6.307482719421386719e-02
6.312584877014160156e-02
6.317690014839172363e-02
6.322801113128662109e-02
6.327909231185913086e-02
6.333017349243164062e-02
6.338125467300415039e-02
6.343242526054382324e-02
6.348344683647155762e-02
6.353461742401123047e-02
6.358575820922851562e-02
6.363701820373535156e-02
6.368815898895263672e-02
6.373935937881469727e-02
6.379064917564392090e-02
6.384184956550598145e-02
6.389313936233520508e-02
6.394430994987487793e-02
6.399559974670410156e-02
6.404682993888854980e-02
6.409817934036254883e-02
6.414943933486938477e-02
6.420075893402099609e-02
6.425201892852783203e-02
6.430342793464660645e-02
6.435480713844299316e-02
6.440612673759460449e-02
6.445753574371337891e-02
6.450894474983215332e-02
6.456023454666137695e-02
6.461170315742492676e-02
6.466311216354370117e-02
6.471452116966247559e-02
6.476601958274841309e-02
6.481739878654479980e-02
6.486892700195312500e-02
6.492042541503906250e-02
6.497186422348022461e-02
6.502336263656616211e-02
6.507492065429687500e-02
6.512641906738281250e-02
6.517803668975830078e-02
6.522953510284423828e-02
6.528106331825256348e-02
6.533259153366088867e-02
6.538420915603637695e-02
6.543576717376708984e-02
6.548732519149780273e-02
6.553888320922851562e-02
6.559059023857116699e-02
6.564217805862426758e-02
6.569379568099975586e-02
6.574550271034240723e-02
6.579712033271789551e-02
6.584867835044860840e-02
6.590035557746887207e-02
6.595212221145629883e-02
6.600379943847656250e-02
6.605550646781921387e-02
6.610724329948425293e-02
6.615895032882690430e-02
6.621065735816955566e-02
6.626239418983459473e-02
6.631422042846679688e-02
6.636589765548706055e-02
6.641763448715209961e-02
6.646940112113952637e-02
6.652116775512695312e-02
6.657302379608154297e-02
6.662476062774658203e-02
6.667652726173400879e-02
6.672844290733337402e-02
6.678023934364318848e-02
6.683209538459777832e-02
6.688389182090759277e-02
6.693568825721740723e-02
6.698757410049438477e-02
6.703948974609375000e-02
6.709134578704833984e-02
6.714311242103576660e-02
6.719505786895751953e-02
6.724697351455688477e-02
6.729885935783386230e-02
6.735074520111083984e-02
6.740266084671020508e-02
6.745460629463195801e-02
6.750640273094177246e-02
6.755834817886352539e-02
6.761035323143005371e-02
6.766226887702941895e-02
6.771427392959594727e-02
6.776621937751770020e-02
6.781813502311706543e-02
6.787014007568359375e-02
6.792208552360534668e-02
6.797409057617187500e-02
6.802603602409362793e-02
6.807807087898254395e-02
6.813004612922668457e-02
6.818208098411560059e-02
6.823408603668212891e-02
6.828606128692626953e-02
6.833809614181518555e-02
6.839004158973693848e-02
6.844216585159301758e-02
6.849417090415954590e-02
6.854617595672607422e-02
6.859830021858215332e-02
6.865033507347106934e-02
6.870234012603759766e-02
6.875443458557128906e-02
6.880643963813781738e-02
6.885847449302673340e-02
6.891053915023803711e-02
6.896269321441650391e-02
6.901472806930541992e-02
6.906688213348388672e-02
6.911894679069519043e-02
6.917098164558410645e-02
6.922301650047302246e-02
6.927514076232910156e-02
6.932729482650756836e-02
6.937932968139648438e-02
6.943151354789733887e-02
6.948357820510864258e-02
6.953576207160949707e-02
6.958788633346557617e-02
6.963998079299926758e-02
6.969213485717773438e-02
6.974413990974426270e-02
6.979626417160034180e-02
6.984847784042358398e-02
6.990057229995727539e-02
6.995272636413574219e-02
7.000476121902465820e-02
7.005700469017028809e-02
7.010912895202636719e-02
7.016122341156005859e-02
7.021334767341613770e-02
7.026556134223937988e-02
7.031774520874023438e-02
7.036983966827392578e-02
7.042199373245239258e-02
7.047417759895324707e-02
7.052624225616455078e-02
7.057848572731018066e-02
7.063063979148864746e-02
7.068282365798950195e-02
7.073491811752319336e-02
7.078701257705688477e-02
7.083916664123535156e-02
7.089138031005859375e-02
7.094353437423706055e-02
7.099568843841552734e-02
7.104784250259399414e-02
7.109993696212768555e-02
7.115215063095092773e-02
7.120436429977416992e-02
7.125648856163024902e-02
7.130867242813110352e-02
7.136076688766479492e-02
7.141295075416564941e-02
7.146510481834411621e-02
7.151728868484497070e-02
7.156935334205627441e-02
7.162159681320190430e-02
7.167372107505798340e-02
7.172584533691406250e-02
7.177796959877014160e-02
7.183015346527099609e-02
7.188230752944946289e-02
7.193440198898315430e-02
7.198664546012878418e-02
7.203871011734008789e-02
7.209083437919616699e-02
7.214298844337463379e-02
7.219508290290832520e-02
7.224720716476440430e-02
7.229939103126525879e-02
7.235157489776611328e-02
7.240366935729980469e-02
7.245579361915588379e-02
7.250788807868957520e-02
7.255989313125610352e-02
7.261210680007934570e-02
7.266417145729064941e-02
7.271635532379150391e-02
7.276836037635803223e-02
7.282045483589172363e-02
7.287254929542541504e-02
7.292464375495910645e-02
7.297676801681518555e-02
7.302883267402648926e-02
7.308089733123779297e-02
7.313302159309387207e-02
7.318511605262756348e-02
7.323712110519409180e-02
7.328912615776062012e-02
7.334128022193908691e-02
7.339328527450561523e-02
7.344534993171691895e-02
7.349741458892822266e-02
7.354938983917236328e-02
7.360145449638366699e-02
7.365348935127258301e-02
7.370552420616149902e-02
7.375752925872802734e-02
7.380953431129455566e-02
7.386153936386108398e-02
7.391351461410522461e-02
7.396546006202697754e-02
7.401743531227111816e-02
7.406947016716003418e-02
7.412144541740417480e-02
7.417342066764831543e-02
7.422539591789245605e-02
7.427731156349182129e-02
7.432928681373596191e-02
7.438114285469055176e-02
7.443314790725708008e-02
7.448503375053405762e-02
7.453694939613342285e-02
7.458889484405517578e-02
7.464084029197692871e-02
7.469272613525390625e-02
7.474455237388610840e-02
7.479649782180786133e-02
7.484835386276245117e-02
7.490020990371704102e-02
7.495200634002685547e-02
7.500389218330383301e-02
7.505577802658081055e-02
7.510763406753540039e-02
7.515946030616760254e-02
7.521122694015502930e-02
7.526296377182006836e-02
7.531484961509704590e-02
7.536661624908447266e-02
7.541835308074951172e-02
7.547017931938171387e-02
7.552188634872436523e-02
7.557368278503417969e-02
7.562533020973205566e-02
7.567715644836425781e-02
7.572889328002929688e-02
7.578051090240478516e-02
7.583227753639221191e-02
7.588395476341247559e-02
7.593557238578796387e-02
7.598727941513061523e-02
7.603898644447326660e-02
7.609060406684875488e-02
7.614228129386901855e-02
7.619383931159973145e-02
7.624551653861999512e-02
7.629719376564025879e-02
7.634875178337097168e-02
7.640025019645690918e-02
7.645183801651000977e-02
7.650339603424072266e-02
7.655489444732666016e-02
7.660648226737976074e-02
7.665795087814331055e-02
7.670956850051879883e-02
7.676097750663757324e-02
7.681247591972351074e-02
7.686397433280944824e-02
7.691544294357299805e-02
7.696688175201416016e-02
7.701829075813293457e-02
7.706972956657409668e-02
7.712116837501525879e-02
7.717251777648925781e-02
7.722386717796325684e-02
7.727530598640441895e-02
7.732662558555603027e-02
7.737797498703002930e-02
7.742929458618164062e-02
7.748067378997802734e-02
7.753199338912963867e-02
7.758322358131408691e-02
7.763454318046569824e-02
7.768577337265014648e-02
7.773706316947937012e-02
7.778820395469665527e-02
7.783943414688110352e-02
7.789063453674316406e-02
7.794189453125000000e-02
7.799300551414489746e-02
7.804423570632934570e-02
7.809528708457946777e-02
7.814645767211914062e-02
7.819750905036926270e-02
7.824859023094177246e-02
7.829967141151428223e-02
7.835081219673156738e-02
7.840183377265930176e-02
7.845282554626464844e-02
7.850390672683715820e-02
7.855486869812011719e-02
7.860583066940307617e-02
7.865679264068603516e-02
7.870772480964660645e-02
7.875865697860717773e-02
7.880952954292297363e-02
7.886046171188354492e-02
7.891130447387695312e-02
7.896229624748229980e-02
7.901310920715332031e-02
7.906392216682434082e-02
7.911476492881774902e-02
7.916554808616638184e-02
7.921624183654785156e-02
7.926708459854125977e-02
7.931780815124511719e-02
7.936850190162658691e-02
7.941919565200805664e-02
7.946988940238952637e-02
7.952055335044860840e-02
7.957121729850769043e-02
7.962179183959960938e-02
7.967245578765869141e-02
7.972303032875061035e-02
7.977357506752014160e-02
7.982417941093444824e-02
7.987469434738159180e-02
7.992514967918395996e-02
7.997563481330871582e-02
8.002611994743347168e-02
8.007654547691345215e-02
8.012709021568298340e-02
8.017742633819580078e-02
8.022779226303100586e-02
8.027818799018859863e-02
8.032852411270141602e-02
8.037886023521423340e-02
8.042925596237182617e-02
8.047947287559509277e-02
8.052974939346313477e-02
8.057993650436401367e-02
8.063018321990966797e-02
8.068042993545532227e-02
8.073061704635620117e-02
8.078074455261230469e-02
8.083093166351318359e-02
8.088099956512451172e-02
8.093109726905822754e-02
8.098116517066955566e-02
8.103132247924804688e-02
8.108121156692504883e-02
8.113124966621398926e-02
8.118131756782531738e-02
8.123120665550231934e-02
8.128109574317932129e-02
8.133110404014587402e-02
8.138093352317810059e-02
8.143079280853271484e-02
8.148065209388732910e-02
8.153054118156433105e-02
8.158025145530700684e-02
8.163002133369445801e-02
8.167979121208190918e-02
8.172959089279174805e-02
8.177924156188964844e-02
8.182892203330993652e-02
8.187857270240783691e-02
8.192828297615051270e-02
8.197778463363647461e-02
8.202734589576721191e-02
8.207693696022033691e-02
8.212643861770629883e-02
8.217599987983703613e-02
8.222544193267822266e-02
8.227482438087463379e-02
8.232435584068298340e-02
8.237379789352416992e-02
8.242318034172058105e-02
8.247247338294982910e-02
8.252182602882385254e-02
8.257111907005310059e-02
8.262035250663757324e-02
8.266970515251159668e-02
8.271890878677368164e-02
8.276817202568054199e-02
8.281728625297546387e-02
8.286646008491516113e-02
8.291548490524291992e-02
8.296462893486022949e-02
8.301365375518798828e-02
8.306270837783813477e-02
8.311173319816589355e-02
8.316072821617126465e-02
8.320966362953186035e-02
8.325862884521484375e-02
8.330747485160827637e-02
8.335632085800170898e-02
8.340531587600708008e-02
8.345410227775573730e-02
8.350276947021484375e-02
8.355158567428588867e-02
8.360034227371215820e-02
8.364900946617126465e-02
8.369770646095275879e-02
8.374640345573425293e-02
8.379504084587097168e-02
8.384358882904052734e-02
8.389216661453247070e-02
8.394074440002441406e-02
8.398911356925964355e-02
8.403769135475158691e-02
8.408612012863159180e-02
8.413451910018920898e-02
8.418291807174682617e-02
8.423131704330444336e-02
8.427956700325012207e-02
8.432790637016296387e-02
8.437615633010864258e-02
8.442443609237670898e-02
8.447262644767761230e-02
8.452081680297851562e-02
8.456894755363464355e-02
8.461701869964599609e-02
8.466514945030212402e-02
8.471316099166870117e-02
8.476111292839050293e-02
8.480921387672424316e-02
8.485716581344604492e-02
8.490505814552307129e-02
8.495295047760009766e-02
8.500084280967712402e-02
8.504867553710937500e-02
8.509644865989685059e-02
8.514428138732910156e-02
8.519199490547180176e-02
8.523970842361450195e-02
8.528733253479003906e-02
8.533501625061035156e-02
8.538267016410827637e-02
8.543014526367187500e-02
8.547776937484741211e-02
8.552521467208862305e-02
8.557265996932983398e-02
8.562016487121582031e-02
8.566758036613464355e-02
8.571490645408630371e-02
8.576223254203796387e-02
8.580964803695678711e-02
8.585691452026367188e-02
8.590418100357055664e-02
8.595135807991027832e-02
8.599862456321716309e-02
8.604565262794494629e-02
8.609277009963989258e-02
8.613985776901245117e-02
8.618691563606262207e-02
8.623388409614562988e-02
8.628085255622863770e-02
8.632782101631164551e-02
8.637475967407226562e-02
8.642154932022094727e-02
8.646839857101440430e-02
8.651530742645263672e-02
8.656200766563415527e-02
8.660864830017089844e-02
8.665540814399719238e-02
8.670210838317871094e-02
8.674865961074829102e-02
8.679530024528503418e-02
8.684185147285461426e-02
8.688834309577941895e-02
8.693483471870422363e-02
8.698123693466186523e-02
8.702766895294189453e-02
8.707413077354431152e-02
8.712035417556762695e-02
8.716660737991333008e-02
8.721297979354858398e-02
8.725920319557189941e-02
8.730539679527282715e-02
8.735147118568420410e-02
8.739760518074035645e-02
8.744361996650695801e-02
8.748972415924072266e-02
8.753576874732971191e-02
8.758172392845153809e-02
8.762755990028381348e-02
8.767348527908325195e-02
8.771941065788269043e-02
8.776515722274780273e-02
8.781096339225769043e-02
8.785665035247802734e-02
8.790239691734313965e-02
8.794805407524108887e-02
8.799377083778381348e-02
8.803927898406982422e-02
8.808487653732299805e-02
8.813038468360900879e-02
8.817580342292785645e-02
8.822128176689147949e-02
8.826664090156555176e-02
8.831191062927246094e-02
8.835729956626892090e-02
8.840259909629821777e-02
8.844777941703796387e-02
8.849304914474487305e-02
8.853822946548461914e-02
8.858332037925720215e-02
8.862844109535217285e-02
8.867344260215759277e-02
8.871841430664062500e-02
8.876332640647888184e-02
8.880829811096191406e-02
8.885321021080017090e-02
8.889803290367126465e-02
8.894288539886474609e-02
8.898755908012390137e-02
8.903229236602783203e-02
8.907699584960937500e-02
8.912163972854614258e-02
8.916628360748291016e-02
8.921083807945251465e-02
8.925527334213256836e-02
8.929982781410217285e-02
8.934423327445983887e-02
8.938857913017272949e-02
8.943295478820800781e-02
8.947739005088806152e-02
8.952152729034423828e-02
8.956581354141235352e-02
8.960995078086853027e-02
8.965414762496948242e-02
8.969819545745849609e-02
8.974224328994750977e-02
8.978632092475891113e-02
8.983021974563598633e-02
8.987426757812500000e-02
8.991807699203491211e-02
8.996188640594482422e-02
9.000572562217712402e-02
9.004950523376464844e-02
9.009325504302978516e-02
9.013688564300537109e-02
9.018060564994812012e-02
9.022417664527893066e-02
9.026771783828735352e-02
9.031122922897338867e-02
9.035471081733703613e-02
9.039810299873352051e-02
9.044155478477478027e-02
9.048485755920410156e-02
9.052813053131103516e-02
9.057140350341796875e-02
9.061452746391296387e-02
9.065774083137512207e-02
9.070089459419250488e-02
9.074395895004272461e-02
9.078696370124816895e-02
9.082999825477600098e-02
9.087291359901428223e-02
9.091579914093017578e-02
9.095865488052368164e-02
9.100148081779479980e-02
9.104430675506591797e-02
9.108692407608032227e-02
9.112960100173950195e-02
9.117227792739868164e-02
9.121486544609069824e-02
9.125742316246032715e-02
9.129986166954040527e-02
9.134235978126525879e-02
9.138479828834533691e-02
9.142711758613586426e-02
9.146949648857116699e-02
9.151175618171691895e-02
9.155398607254028320e-02
9.159621596336364746e-02
9.163829684257507324e-02
9.168043732643127441e-02
9.172248840332031250e-02
9.176450967788696289e-02
9.180641174316406250e-02
9.184840321540832520e-02
9.189015626907348633e-02
9.193211793899536133e-02
9.197378158569335938e-02
9.201550483703613281e-02
9.205722808837890625e-02
9.209889173507690430e-02
9.214043617248535156e-02
9.218201041221618652e-02
9.222349524497985840e-02
9.226498007774353027e-02
9.230640530586242676e-02
9.234768152236938477e-02
9.238898754119873047e-02
9.243026375770568848e-02
9.247136116027832031e-02
9.251263737678527832e-02
9.255379438400268555e-02
9.259483218193054199e-02
9.263598918914794922e-02
9.267690777778625488e-02
9.271779656410217285e-02
9.275871515274047852e-02
9.279951453208923340e-02
9.284034371376037598e-02
9.288108348846435547e-02
9.292173385620117188e-02
9.296244382858276367e-02
9.300303459167480469e-02
9.304362535476684570e-02
9.308412671089172363e-02
9.312456846237182617e-02
9.316498041152954102e-02
9.320536255836486816e-02
9.324565529823303223e-02
9.328594803810119629e-02
9.332612156867980957e-02
9.336635470390319824e-02
9.340649843215942383e-02
9.344664216041564941e-02
9.348654747009277344e-02
9.352660179138183594e-02
9.356656670570373535e-02
9.360641241073608398e-02
9.364631772041320801e-02
9.368598461151123047e-02
9.372580051422119141e-02
9.376549720764160156e-02
9.380519390106201172e-02
9.384477138519287109e-02
9.388431906700134277e-02
9.392374753952026367e-02
9.396320581436157227e-02
9.400257468223571777e-02
9.404197335243225098e-02
9.408134222030639648e-02
9.412050247192382812e-02
9.415966272354125977e-02
9.419891238212585449e-02
9.423801302909851074e-02
9.427705407142639160e-02
9.431606531143188477e-02
9.435501694679260254e-02
9.439387917518615723e-02
9.443277120590209961e-02
9.447154402732849121e-02
9.451034665107727051e-02
9.454900026321411133e-02
9.458768367767333984e-02
9.462627768516540527e-02
9.466484189033508301e-02
9.470337629318237305e-02
9.474188089370727539e-02
9.478023648262023926e-02
9.481853246688842773e-02
9.485694766044616699e-02
9.489512443542480469e-02
9.493339061737060547e-02
9.497147798538208008e-02
9.500959515571594238e-02
9.504768252372741699e-02
9.508571028709411621e-02
9.512373805046081543e-02
9.516155719757080078e-02
9.519940614700317383e-02
9.523719549179077148e-02
9.527504444122314453e-02
9.531274437904357910e-02
9.535044431686401367e-02
9.538793563842773438e-02
9.542557597160339355e-02
9.546306729316711426e-02
9.550049901008605957e-02
9.553784132003784180e-02
9.557518362998962402e-02
9.561258554458618164e-02
9.564977884292602539e-02
9.568700194358825684e-02
9.572419524192810059e-02
9.576123952865600586e-02
9.579828381538391113e-02
9.583532810211181641e-02
9.587228298187255859e-02
9.590917825698852539e-02
9.594607353210449219e-02
9.598281979560852051e-02
9.601962566375732422e-02
9.605628252029418945e-02
9.609290957450866699e-02
9.612947702407836914e-02
9.616607427597045898e-02
9.620246291160583496e-02
9.623894095420837402e-02
9.627538919448852539e-02
9.631162881851196289e-02
9.634786844253540039e-02
9.638413786888122559e-02
9.642034769058227539e-02
9.645649790763854980e-02
9.649255871772766113e-02
9.652861952781677246e-02
9.656459093093872070e-02
9.660047292709350586e-02
9.663632512092590332e-02
9.667217731475830078e-02
9.670799970626831055e-02
9.674358367919921875e-02
9.677940607070922852e-02
9.681493043899536133e-02
9.685051441192626953e-02
9.688600897789001465e-02
9.692150354385375977e-02
9.695681929588317871e-02
9.699225425720214844e-02
9.702757000923156738e-02
9.706276655197143555e-02
9.709799289703369141e-02
9.713318943977355957e-02
9.716820716857910156e-02
9.720328450202941895e-02
9.723833203315734863e-02
9.727320075035095215e-02
9.730815887451171875e-02
9.734293818473815918e-02
9.737771749496459961e-02
9.741246700286865234e-02
9.744715690612792969e-02
9.748169779777526855e-02
9.751638770103454590e-02
9.755089879035949707e-02
9.758526086807250977e-02
9.761983156204223633e-02
9.765419363975524902e-02
9.768843650817871094e-02
9.772276878356933594e-02
9.775698184967041016e-02
9.779104590415954590e-02
9.782525897026062012e-02
9.785926342010498047e-02
9.789326786994934082e-02
9.792721271514892578e-02
9.796118736267089844e-02
9.799501299858093262e-02
9.802874922752380371e-02
9.806254506111145020e-02
9.809622168540954590e-02
9.812992811203002930e-02
9.816342592239379883e-02
9.819695353507995605e-02
9.823048114776611328e-02
9.826388955116271973e-02
9.829732775688171387e-02
9.833055734634399414e-02
9.836390614509582520e-02
9.839716553688049316e-02
9.843030571937561035e-02
9.846338629722595215e-02
9.849646687507629395e-02
9.852948784828186035e-02
9.856247901916503906e-02
9.859541058540344238e-02
9.862825274467468262e-02
9.866103529930114746e-02
9.869375824928283691e-02
9.872654080390930176e-02
9.875908493995666504e-02
9.879171848297119141e-02
9.882432222366333008e-02
9.885689616203308105e-02
9.888923168182373047e-02
9.892159700393676758e-02
9.895402193069458008e-02
9.898623824119567871e-02
9.901848435401916504e-02
9.905070066452026367e-02
9.908279776573181152e-02
9.911492466926574707e-02
9.914687275886535645e-02
9.917885065078735352e-02
9.921076893806457520e-02
9.924268722534179688e-02
9.927448630332946777e-02
9.930622577667236328e-02
9.933799505233764648e-02
9.936964511871337891e-02
9.940123558044433594e-02
9.943276643753051758e-02
9.946432709693908691e-02
9.949576854705810547e-02
9.952715039253234863e-02
9.955856204032897949e-02
9.958982467651367188e-02
9.962105751037597656e-02
9.965223073959350586e-02
9.968334436416625977e-02
9.971451759338378906e-02
9.974560141563415527e-02
9.977656602859497070e-02
9.980744123458862305e-02
9.983834624290466309e-02
9.986916184425354004e-02
9.989988803863525391e-02
9.993073344230651855e-02
9.996134042739868164e-02
9.999200701713562012e-02
1.000226140022277832e-01
1.000531315803527832e-01
1.000835895538330078e-01
1.001139879226684570e-01
1.001443564891815186e-01
1.001746952533721924e-01
1.002049744129180908e-01
1.002351343631744385e-01
1.002652347087860107e-01
1.002954840660095215e-01
1.003254354000091553e-01
1.003554761409759521e-01
1.003854274749755859e-01
1.004153192043304443e-01
1.004452407360076904e-01
1.004750132560729980e-01
1.005047261714935303e-01
1.005344688892364502e-01
1.005640923976898193e-01
1.005937159061431885e-01
1.006233096122741699e-01
1.006527245044708252e-01
1.006821691989898682e-01
1.007115244865417480e-01
1.007409095764160156e-01
1.007702052593231201e-01
1.007993817329406738e-01
1.008285880088806152e-01
1.008577346801757812e-01
1.008868515491485596e-01
1.009158790111541748e-01
1.009447872638702393e-01
1.009737849235534668e-01
1.010027527809143066e-01
1.010315120220184326e-01
1.010603010654449463e-01
1.010890305042266846e-01
1.011177599430084229e-01
1.011462807655334473e-01
1.011748909950256348e-01
1.012034714221954346e-01
1.012318730354309082e-01
1.012603938579559326e-01
1.012887358665466309e-01
1.013169884681701660e-01
1.013453602790832520e-01
1.013735532760620117e-01
1.014017164707183838e-01
1.014298498630523682e-01
1.014578640460968018e-01
1.014858484268188477e-01
1.015138924121856689e-01
1.015417873859405518e-01
1.015697121620178223e-01
1.015974581241607666e-01
1.016252338886260986e-01
1.016530096530914307e-01
1.016806960105895996e-01
1.017083227634429932e-01
1.017359495162963867e-01
1.017633378505706787e-01
1.017909049987792969e-01
1.018183231353759766e-01
1.018456816673278809e-01
1.018729507923126221e-01
1.019002795219421387e-01
1.019275188446044922e-01
1.019546389579772949e-01
1.019817292690277100e-01
1.020087897777557373e-01
1.020359098911285400e-01
1.020627915859222412e-01
1.020898222923278809e-01
1.021166741847991943e-01
1.021434664726257324e-01
1.021702289581298828e-01
1.021970510482788086e-01
1.022236049175262451e-01
1.022503674030303955e-01
1.022768616676330566e-01
1.023034453392028809e-01
1.023299098014831543e-01
1.023563146591186523e-01
1.023827791213989258e-01
1.024090647697448730e-01
1.024354100227355957e-01
1.024616956710815430e-01
1.024877429008483887e-01
1.025139093399047852e-01
1.025400459766387939e-01
1.025660336017608643e-01
1.025921404361724854e-01
1.026180386543273926e-01
1.026438474655151367e-01
1.026698052883148193e-01
1.026955842971801758e-01
1.027213037014007568e-01
1.027470529079437256e-01
1.027727127075195312e-01
1.027983427047729492e-01
1.028239130973815918e-01
1.028494238853454590e-01
1.028748452663421631e-01
1.029002964496612549e-01
1.029256582260131836e-01
1.029509902000427246e-01
1.029762327671051025e-01
1.030015051364898682e-01
1.030266284942626953e-01
1.030518412590026855e-01
1.030768752098083496e-01
1.031018793582916260e-01
1.031269431114196777e-01
1.031518578529357910e-01
1.031767427921295166e-01
1.032015979290008545e-01
1.032264828681945801e-01
1.032510995864868164e-01
1.032758951187133789e-01
1.033005416393280029e-01
1.033251583576202393e-01
1.033497452735900879e-01
1.033742129802703857e-01
1.033987104892730713e-01
1.034231483936309814e-01
1.034474968910217285e-01
1.034718751907348633e-01
1.034961342811584473e-01
1.035203635692596436e-01
1.035445332527160645e-01
1.035687029361724854e-01
1.035928428173065186e-01
1.036169230937957764e-01
1.036409437656402588e-01
1.036648452281951904e-01
1.036887764930725098e-01
1.037125885486602783e-01
1.037364602088928223e-01
1.037603318691253662e-01
1.037840247154235840e-01
1.038076579570770264e-01
1.038312911987304688e-01
1.038549542427062988e-01
1.038784682750701904e-01
1.039019823074340820e-01
1.039254367351531982e-01
1.039488315582275391e-01
1.039722561836242676e-01
1.039955615997314453e-01
1.040188670158386230e-01
1.040420234203338623e-01
1.040653288364410400e-01
1.040883958339691162e-01
1.041114926338195801e-01
1.041345894336700439e-01
1.041575670242309570e-01
1.041804850101470947e-01
1.042033731937408447e-01
1.042262911796569824e-01
1.042490899562835693e-01
1.042719483375549316e-01
1.042946577072143555e-01
1.043173670768737793e-01
1.043400764465332031e-01
1.043626368045806885e-01
1.043852567672729492e-01
1.044077277183532715e-01
1.044302284717559814e-01
1.044526696205139160e-01
1.044750511646270752e-01
1.044974625110626221e-01
1.045196950435638428e-01
1.045419573783874512e-01
1.045641899108886719e-01
1.045863330364227295e-01
1.046085059642791748e-01
1.046305596828460693e-01
1.046525537967681885e-01
1.046746075153350830e-01
1.046966016292572021e-01
1.047184765338897705e-01
1.047404110431671143e-01
1.047621369361877441e-01
1.047839224338531494e-01
1.048057079315185547e-01
1.048274040222167969e-01
1.048490703105926514e-01
1.048707067966461182e-01
1.048922240734100342e-01
1.049137711524963379e-01
1.049352288246154785e-01
1.049566864967346191e-01
1.049781739711761475e-01
1.049994826316833496e-01
1.050208210945129395e-01
1.050421595573425293e-01
1.050632894039154053e-01
1.050844788551330566e-01
1.051056385040283203e-01
1.051267683506011963e-01
1.051478683948516846e-01
1.051688790321350098e-01
1.051898300647735596e-01
1.052107512950897217e-01
1.052316725254058838e-01
1.052525639533996582e-01
1.052733659744262695e-01
1.052941083908081055e-01
1.053148508071899414e-01
1.053355932235717773e-01
1.053562462329864502e-01
1.053768098354339600e-01
1.053974330425262451e-01
1.054179668426513672e-01
1.054384410381317139e-01
1.054589152336120605e-01
1.054792404174804688e-01
1.054997444152832031e-01
1.055200099945068359e-01
1.055403351783752441e-01
1.055605709552764893e-01
1.055807769298553467e-01
1.056009829044342041e-01
1.056210994720458984e-01
1.056411862373352051e-01
1.056612432003021240e-01
1.056812703609466553e-01
1.057012379169464111e-01
1.057211160659790039e-01
1.057410240173339844e-01
1.057608723640441895e-01
1.057807505130767822e-01
1.058005392551422119e-01
1.058201789855957031e-01
1.058399379253387451e-01
1.058595776557922363e-01
1.058792769908905029e-01
1.058988273143768311e-01
1.059183180332183838e-01
1.059378385543823242e-01
1.059573292732238770e-01
1.059767305850982666e-01
1.059961318969726562e-01
1.060155034065246582e-01
1.060348451137542725e-01
1.060540378093719482e-01
1.060733497142791748e-01
1.060925424098968506e-01
1.061116456985473633e-01
1.061308085918426514e-01
1.061498820781707764e-01
1.061689853668212891e-01
1.061879992485046387e-01
1.062068939208984375e-01
1.062258780002593994e-01
1.062448024749755859e-01
1.062636077404022217e-01
1.062824428081512451e-01
1.063012182712554932e-01
1.063200235366821289e-01
1.063386797904968262e-01
1.063574254512786865e-01
1.063760519027709961e-01
1.063946783542633057e-01
1.064132153987884521e-01
1.064317822456359863e-01
1.064502596855163574e-01
1.064687073230743408e-01
1.064871251583099365e-01
1.065055131912231445e-01
1.065238714218139648e-01
1.065421700477600098e-01
1.065604090690612793e-01
1.065786778926849365e-01
1.065969169139862061e-01
1.066150069236755371e-01
1.066332161426544189e-01
1.066513359546661377e-01
1.066692769527435303e-01
1.066874265670776367e-01
1.067053079605102539e-01
1.067233085632324219e-01
1.067412793636322021e-01
1.067591905593872070e-01
1.067770421504974365e-01
1.067947745323181152e-01
1.068126559257507324e-01
1.068303883075714111e-01
1.068480014801025391e-01
1.068656742572784424e-01
1.068834662437438965e-01
1.069009900093078613e-01
1.069185137748718262e-01
1.069361567497253418e-01
1.069536507129669189e-01
1.069711148738861084e-01
1.069885790348052979e-01
1.070059537887573242e-01
1.070232987403869629e-01
1.070406436920166016e-01
1.070579886436462402e-01
1.070751547813415527e-01
1.070924997329711914e-01
1.071096956729888916e-01
1.071268618106842041e-01
1.071439385414123535e-01
1.071611046791076660e-01
1.071782112121582031e-01
1.071951985359191895e-01
1.072122156620025635e-01
1.072291731834411621e-01
1.072461009025573730e-01
1.072630882263183594e-01
1.072799265384674072e-01
1.072967648506164551e-01
1.073135435581207275e-01
1.073303818702697754e-01
1.073470711708068848e-01
1.073637604713439941e-01
1.073804497718811035e-01
1.073971390724182129e-01
1.074137389659881592e-01
1.074303090572357178e-01
1.074468493461608887e-01
1.074634492397308350e-01
1.074799001216888428e-01
1.074963808059692383e-01
1.075127720832824707e-01
1.075291931629180908e-01
1.075455844402313232e-01
1.075618863105773926e-01
1.075782179832458496e-01
1.075945198535919189e-01
1.076107621192932129e-01
1.076269745826721191e-01
1.076431572437286377e-01
1.076592803001403809e-01
1.076754033565521240e-01
1.076915562152862549e-01
1.077075302600860596e-01
1.077235341072082520e-01
1.077396273612976074e-01
1.077555418014526367e-01
1.077714860439300537e-01
1.077874004840850830e-01
1.078032255172729492e-01
1.078191101551055908e-01
1.078348755836486816e-01
1.078507304191589355e-01
1.078664958477020264e-01
1.078821718692779541e-01
1.078978776931762695e-01
1.079135835170745850e-01
1.079292297363281250e-01
1.079447865486145020e-01
1.079604625701904297e-01
1.079759597778320312e-01
1.079914867877960205e-01
1.080070436000823975e-01
1.080224812030792236e-01
1.080379486083984375e-01
1.080532670021057129e-01
1.080687046051025391e-01
1.080840528011322021e-01
1.080994009971618652e-01
1.081146895885467529e-01
1.081299483776092529e-01
1.081452071666717529e-01
1.081604063510894775e-01
1.081755757331848145e-01
1.081907451152801514e-01
1.082059144973754883e-01
1.082209646701812744e-01
1.082360744476318359e-01
1.082510948181152344e-01
1.082661449909210205e-01
1.082810759544372559e-01
1.082960367202758789e-01
1.083110570907592773e-01
1.083259582519531250e-01
1.083407998085021973e-01
1.083556711673736572e-01
1.083704829216003418e-01
1.083852946758270264e-01
1.084000468254089355e-01
1.084148287773132324e-01
1.084295809268951416e-01
1.084442734718322754e-01
1.084589362144470215e-01
1.084735691547393799e-01
1.084882318973541260e-01
1.085027456283569336e-01
1.085173487663269043e-01
1.085318922996520996e-01
1.085464060306549072e-01
1.085608899593353271e-01
1.085753440856933594e-01
1.085898578166961670e-01
1.086041927337646484e-01
1.086185574531555176e-01
1.086329817771911621e-01
1.086473166942596436e-01
1.086616218090057373e-01
1.086759269237518311e-01
1.086901426315307617e-01
1.087043881416320801e-01
1.087185740470886230e-01
1.087327897548675537e-01
1.087469160556793213e-01
1.087610423564910889e-01
1.087751686573028564e-01
1.087892651557922363e-01
1.088033020496368408e-01
1.088173091411590576e-01
1.088313758373260498e-01
1.088454127311706543e-01
1.088592708110809326e-01
1.088732481002807617e-01
1.088871955871582031e-01
1.089010834693908691e-01
1.089150011539459229e-01
1.089287698268890381e-01
1.089426577091217041e-01
1.089563369750976562e-01
1.089702248573303223e-01
1.089839637279510498e-01
1.089977025985717773e-01
1.090113222599029541e-01
1.090250909328460693e-01
1.090387105941772461e-01
1.090523302555084229e-01
1.090659499168395996e-01
1.090795993804931641e-01
1.090931296348571777e-01
1.091066598892211914e-01
1.091201007366180420e-01
1.091336607933044434e-01
1.091471612453460693e-01
1.091606318950653076e-01
1.091740131378173828e-01
1.091874539852142334e-01
1.092008054256439209e-01
1.092141866683959961e-01
1.092275083065032959e-01
1.092408597469329834e-01
1.092541217803955078e-01
1.092673838138580322e-01
1.092806458473205566e-01
1.092939078807830811e-01
1.093071401119232178e-01
1.093203127384185791e-01
1.093334853649139404e-01
1.093466281890869141e-01
1.093597710132598877e-01
1.093728542327880859e-01
1.093858480453491211e-01
1.093990206718444824e-01
1.094120144844055176e-01
1.094250977039337158e-01
1.094381213188171387e-01
1.094510257244110107e-01
1.094640493392944336e-01
1.094769239425659180e-01
1.094898283481597900e-01
1.095027327537536621e-01
1.095156371593475342e-01
1.095284521579742432e-01
1.095412671566009521e-01
1.095540523529052734e-01
1.095668971538543701e-01
1.095796823501586914e-01
1.095924377441406250e-01
1.096051633358001709e-01
1.096178591251373291e-01
1.096305549144744873e-01
1.096432209014892578e-01
1.096558868885040283e-01
1.096685528755187988e-01
1.096811592578887939e-01
1.096937358379364014e-01
1.097063720226287842e-01
1.097188889980316162e-01
1.097313761711120605e-01
1.097438931465148926e-01
1.097563803195953369e-01
1.097688674926757812e-01
1.097812950611114502e-01
1.097938120365142822e-01
1.098062098026275635e-01
1.098186373710632324e-01
1.098310351371765137e-01
1.098434031009674072e-01
1.098557412624359131e-01
1.098681092262268066e-01
1.098804175853729248e-01
1.098926365375518799e-01
1.099049150943756104e-01
1.099172234535217285e-01
1.099294424057006836e-01
1.099416315555572510e-01
1.099538803100585938e-01
1.099660694599151611e-01
1.099781692028045654e-01
1.099903881549835205e-01
1.100024580955505371e-01
1.100146174430847168e-01
1.100266873836517334e-01
1.100387573242187500e-01
1.100508570671081543e-01
1.100628674030303955e-01
1.100749075412750244e-01
1.100868880748748779e-01
1.100988984107971191e-01
1.101109087467193604e-01
1.101228296756744385e-01
1.101348102092742920e-01
1.101467013359069824e-01
1.101585924625396729e-01
1.101705133914947510e-01
1.101824045181274414e-01
1.101942360401153564e-01
1.102061271667480469e-01
1.102179586887359619e-01
1.102297008037567139e-01
1.102414727210998535e-01
1.102532744407653809e-01
1.102650463581085205e-01
1.102768182754516602e-01
1.102885305881500244e-01
1.103001832962036133e-01
1.103118658065795898e-01
1.103235781192779541e-01
1.103352606296539307e-01
1.103469133377075195e-01
1.103585362434387207e-01
1.103701591491699219e-01
1.103817820549011230e-01
1.103933155536651611e-01
1.104048788547515869e-01
1.104165017604827881e-01
1.104280054569244385e-01
1.104394495487213135e-01
1.104509830474853516e-01
1.104624569416046143e-01
1.104739606380462646e-01
1.104854345321655273e-01
1.104968488216400146e-01
1.105082929134368896e-01
1.105197072029113770e-01
1.105310618877410889e-01
1.105425059795379639e-01
1.105538904666900635e-01
1.105652153491973877e-01
1.105765700340270996e-01
1.105879247188568115e-01
1.105992197990417480e-01
1.106105446815490723e-01
1.106218099594116211e-01
1.106330454349517822e-01
1.106442809104919434e-01
1.106556057929992676e-01
1.106668114662170410e-01
1.106780171394348145e-01
1.106891930103302002e-01
1.107003986835479736e-01
1.107115447521209717e-01
1.107227206230163574e-01
1.107338666915893555e-01
1.107450127601623535e-01
1.107561588287353516e-01
1.107672452926635742e-01
1.107782721519470215e-01
1.107893288135528564e-01
1.108003854751586914e-01
1.108115017414093018e-01
1.108225286006927490e-01
1.108335554599761963e-01
1.108445227146148682e-01
1.108555197715759277e-01
1.108665466308593750e-01
1.108774542808532715e-01
1.108884513378143311e-01
1.108993887901306152e-01
1.109103560447692871e-01
1.109212934970855713e-01
1.109321415424346924e-01
1.109430789947509766e-01
1.109539568424224854e-01
1.109647750854492188e-01
1.109756529331207275e-01
1.109865307807922363e-01
1.109972894191741943e-01
1.110081374645233154e-01
1.110189557075500488e-01
1.110296845436096191e-01
1.110405027866363525e-01
1.110512912273406982e-01
1.110619902610778809e-01
1.110728085041046143e-01
1.110835373401641846e-01
1.110942363739013672e-01
1.111049950122833252e-01
1.111156642436981201e-01
1.111263632774353027e-01
1.111370027065277100e-01
1.111476421356201172e-01
1.111582815647125244e-01
1.111689507961273193e-01
1.111795306205749512e-01
1.111901700496673584e-01
1.112008094787597656e-01
1.112113893032073975e-01
1.112219691276550293e-01
1.112325489521026611e-01
1.112431287765502930e-01
1.112537086009979248e-01
1.112642288208007812e-01
1.112747192382812500e-01
1.112852394580841064e-01
1.112957596778869629e-01
1.113062202930450439e-01
1.113167405128479004e-01
1.113272011280059814e-01
1.113376617431640625e-01
1.113481223583221436e-01
1.113585531711578369e-01
1.113689243793487549e-01
1.113793849945068359e-01
1.113897562026977539e-01
1.114001870155334473e-01
1.114106178283691406e-01
1.114209592342376709e-01
1.114313006401062012e-01
1.114416718482971191e-01
1.114520132541656494e-01
1.114622950553894043e-01
1.114726066589355469e-01
1.114830076694488525e-01
1.114932298660278320e-01
1.115036010742187500e-01
1.115138530731201172e-01
1.115241944789886475e-01
1.115343570709228516e-01
1.115446686744689941e-01
1.115548908710479736e-01
1.115651428699493408e-01
1.115753650665283203e-01
1.115856170654296875e-01
1.115957498550415039e-01
1.116060316562652588e-01
1.116161942481994629e-01
1.116264164447784424e-01
1.116364896297454834e-01
1.116466522216796875e-01
1.116568148136138916e-01
1.116669476032257080e-01
1.116770803928375244e-01
1.116871535778045654e-01
1.116972863674163818e-01
1.117074489593505859e-01
1.117175221443176270e-01
1.117276251316070557e-01
1.117376983165740967e-01
1.117477715015411377e-01
1.117578148841857910e-01
1.117678582668304443e-01
1.117779314517974854e-01
1.117879748344421387e-01
1.117979586124420166e-01
1.118079423904418945e-01
1.118179559707641602e-01
1.118279993534088135e-01
1.118379831314086914e-01
1.118479967117309570e-01
1.118579506874084473e-01
1.118678450584411621e-01
1.118778288364410400e-01
1.118878126144409180e-01
1.118977367877960205e-01
1.119076907634735107e-01
1.119175255298614502e-01
1.119275093078613281e-01
1.119374334812164307e-01
1.119472682476043701e-01
1.119571626186370850e-01
1.119670867919921875e-01
1.119769513607025146e-01
1.119868159294128418e-01
1.119966506958007812e-01
1.120065748691558838e-01
1.120164394378662109e-01
1.120262145996093750e-01
1.120360195636749268e-01
1.120458245277404785e-01
1.120556890964508057e-01
1.120655238628387451e-01
1.120752394199371338e-01
1.120850741863250732e-01
1.120947897434234619e-01
1.121046245098114014e-01
1.121143996715545654e-01
1.121241748332977295e-01
1.121338903903961182e-01
1.121436059474945068e-01
1.121533215045928955e-01
1.121630966663360596e-01
1.121728122234344482e-01
1.121825575828552246e-01
1.121922731399536133e-01
1.122019588947296143e-01
1.122115850448608398e-01
1.122212707996368408e-01
1.122310459613800049e-01
1.122407019138336182e-01
1.122502684593200684e-01
1.122600436210632324e-01
1.122696399688720703e-01
1.122792959213256836e-01
1.122888922691345215e-01
1.122985482215881348e-01
1.123082041740417480e-01
1.123178005218505859e-01
1.123274266719818115e-01
1.123370826244354248e-01
1.123466491699218750e-01
1.123562157154083252e-01
1.123658120632171631e-01
1.123754084110260010e-01
1.123849749565124512e-01
1.123945116996765137e-01
1.124040782451629639e-01
1.124136447906494141e-01
1.124232113361358643e-01
1.124326884746551514e-01
1.124423146247863770e-01
1.124517917633056641e-01
1.124613285064697266e-01
1.124708652496337891e-01
1.124803721904754639e-01
1.124898493289947510e-01
1.124993562698364258e-01
1.125088632106781006e-01
1.125183999538421631e-01
1.125278770923614502e-01
1.125372946262359619e-01
1.125467717647552490e-01
1.125562191009521484e-01
1.125656366348266602e-01
1.125751137733459473e-01
1.125845611095428467e-01
1.125940382480621338e-01
1.126034855842590332e-01
1.126129031181335449e-01
1.126222908496856689e-01
1.126316785812377930e-01
1.126411557197570801e-01
1.126505434513092041e-01
1.126599311828613281e-01
1.126693189144134521e-01
1.126787662506103516e-01
1.126881539821624756e-01
1.126974523067474365e-01
1.127068698406219482e-01
1.127162277698516846e-01
1.127255558967590332e-01
1.127349138259887695e-01
1.127443313598632812e-01
1.127536296844482422e-01
1.127629876136779785e-01
1.127722859382629395e-01
1.127817034721374512e-01
1.127909719944000244e-01
1.128003001213073730e-01
1.128096282482147217e-01
1.128189265727996826e-01
1.128282845020294189e-01
1.128375530242919922e-01
1.128468513488769531e-01
1.128561496734619141e-01
1.128654181957244873e-01
1.128747165203094482e-01
1.128839850425720215e-01
1.128933131694793701e-01
1.129025220870971680e-01
1.129117608070373535e-01
1.129210591316223145e-01
1.129303276538848877e-01
1.129395067691802979e-01
1.129488050937652588e-01
1.129580140113830566e-01
1.129672527313232422e-01
1.129764616489410400e-01
1.129857897758483887e-01
1.129949390888214111e-01
1.130041182041168213e-01
1.130133867263793945e-01
1.130225956439971924e-01
1.130317449569702148e-01
1.130409538745880127e-01
1.130501925945281982e-01
1.130593717098236084e-01
1.130685806274414062e-01
1.130777001380920410e-01
1.130869090557098389e-01
1.130961179733276367e-01
1.131052970886230469e-01
1.131144762039184570e-01
1.131235659122467041e-01
1.131327450275421143e-01
1.131419241428375244e-01
1.131510138511657715e-01
1.131601631641387939e-01
1.131693422794342041e-01
1.131784915924072266e-01
1.131876111030578613e-01
1.131967604160308838e-01
1.132058501243591309e-01
1.132149398326873779e-01
1.132240891456604004e-01
1.132332086563110352e-01
1.132423281669616699e-01
1.132514178752899170e-01
1.132605373859405518e-01
1.132696270942687988e-01
1.132786870002746582e-01
1.132878065109252930e-01
1.132968962192535400e-01
1.133059859275817871e-01
1.133150458335876465e-01
1.133241653442382812e-01
1.133331954479217529e-01
1.133422851562500000e-01
1.133512854576110840e-01
1.133604049682617188e-01
1.133694350719451904e-01
1.133785247802734375e-01
1.133875250816345215e-01
1.133966147899627686e-01
1.134056448936462402e-01
1.134147047996520996e-01
1.134237647056579590e-01
1.134327352046966553e-01
1.134417653083801270e-01
1.134507954120635986e-01
1.134598255157470703e-01
1.134688854217529297e-01
1.134778559207916260e-01
1.134868860244750977e-01
1.134958863258361816e-01
1.135049164295196533e-01
1.135139465332031250e-01
1.135229170322418213e-01
1.135319471359252930e-01
1.135409176349639893e-01
1.135499179363250732e-01
1.135588586330413818e-01
1.135678291320800781e-01
1.135767996311187744e-01
1.135858297348022461e-01
1.135948002338409424e-01
1.136037409305572510e-01
1.136127114295959473e-01
1.136217117309570312e-01
1.136306524276733398e-01
1.136395931243896484e-01
1.136485934257507324e-01
1.136574745178222656e-01
1.136664748191833496e-01
1.136754453182220459e-01
1.136843860149383545e-01
1.136933565139770508e-01
1.137022376060485840e-01
1.137112379074096680e-01
1.137201488018035889e-01
1.137290298938751221e-01
1.137380301952362061e-01
1.137469410896301270e-01
1.137558519840240479e-01
1.137647628784179688e-01
1.137737035751342773e-01
1.137826442718505859e-01
1.137914955615997314e-01
1.138004660606384277e-01
1.138093769550323486e-01
1.138182580471038818e-01
1.138271987438201904e-01
1.138360798358917236e-01
1.138449907302856445e-01
1.138538420200347900e-01
1.138627529144287109e-01
1.138716638088226318e-01
1.138805150985717773e-01
1.138893961906433105e-01
1.138983070850372314e-01
1.139071881771087646e-01
1.139160692691802979e-01
1.139249503612518311e-01
1.139338016510009766e-01
1.139426827430725098e-01
1.139515638351440430e-01
1.139603853225708008e-01
1.139692664146423340e-01
1.139781177043914795e-01
1.139869987964630127e-01
1.139958500862121582e-01
1.140047311782836914e-01
1.140135824680328369e-01
1.140223443508148193e-01
1.140312254428863525e-01
1.140400767326354980e-01
1.140489578247070312e-01
1.140578091144561768e-01
1.140666306018829346e-01
1.140754818916320801e-01
1.140842735767364502e-01
1.140931248664855957e-01
1.141019761562347412e-01
1.141107678413391113e-01
1.141195893287658691e-01
1.141284406185150146e-01
1.141372919082641602e-01
1.141461133956909180e-01
1.141549050807952881e-01
1.141637265682220459e-01
1.141725182533264160e-01
1.141813993453979492e-01
1.141901612281799316e-01
1.141989231109619141e-01
1.142077445983886719e-01
1.142165958881378174e-01
1.142253577709197998e-01
1.142342090606689453e-01
1.142430007457733154e-01
1.142517626285552979e-01
1.142606139183044434e-01
1.142693758010864258e-01
1.142781972885131836e-01
1.142869293689727783e-01
1.142957508563995361e-01
1.143045425415039062e-01
1.143133342266082764e-01
1.143221259117126465e-01
1.143308281898498535e-01
1.143396794795989990e-01
1.143484413623809814e-01
1.143572330474853516e-01
1.143659949302673340e-01
1.143747568130493164e-01
1.143835783004760742e-01
1.143923103809356689e-01
1.144011020660400391e-01
1.144098937511444092e-01
1.144186556339263916e-01
1.144273877143859863e-01
1.144361495971679688e-01
1.144448816776275635e-01
1.144535839557647705e-01
1.144624650478363037e-01
1.144711971282958984e-01
1.144799292087554932e-01
1.144886910915374756e-01
1.144974231719970703e-01
1.145061850547790527e-01
1.145149171352386475e-01
1.145236790180206299e-01
1.145324409008026123e-01
1.145411431789398193e-01
1.145499050617218018e-01
1.145586073398590088e-01
1.145673692226409912e-01
1.145761609077453613e-01
1.145848631858825684e-01
1.145935952663421631e-01
1.146023273468017578e-01
1.146110892295837402e-01
1.146197319030761719e-01
1.146284937858581543e-01
1.146372854709625244e-01
1.146459877490997314e-01
1.146547496318817139e-01
1.146634519100189209e-01
1.146721839904785156e-01
1.146808862686157227e-01
1.146895587444305420e-01
1.146983504295349121e-01
1.147070527076721191e-01
1.147157549858093262e-01
1.147244572639465332e-01
1.147332191467285156e-01
1.147419214248657227e-01
1.147505342960357666e-01
1.147593557834625244e-01
1.147680282592773438e-01
1.147767603397369385e-01
1.147854328155517578e-01
1.147941648960113525e-01
1.148028373718261719e-01
1.148115694522857666e-01
1.148203015327453613e-01
1.148289740085601807e-01
1.148376464843750000e-01
1.148463785648345947e-01
1.148551106452941895e-01
1.148637533187866211e-01
1.148723959922790527e-01
1.148810982704162598e-01
1.148899197578430176e-01
1.148985326290130615e-01
1.149072647094726562e-01
1.149159669876098633e-01
1.149246096611022949e-01
1.149333119392395020e-01
1.149419546127319336e-01
1.149507164955139160e-01
1.149593591690063477e-01
1.149680912494659424e-01
1.149766743183135986e-01
1.149854362010955811e-01
1.149941086769104004e-01
1.150028109550476074e-01
1.150114536285400391e-01
1.150201559066772461e-01
1.150287985801696777e-01
1.150374710559844971e-01
1.150462031364440918e-01
1.150548756122589111e-01
1.150635778903961182e-01
1.150722205638885498e-01
1.150808930397033691e-01
1.150895357131958008e-01
1.150982677936553955e-01
1.151069700717926025e-01
1.151155829429626465e-01
1.151242554187774658e-01
1.151329278945922852e-01
1.151415705680847168e-01
1.151502430438995361e-01
1.151589751243591309e-01
1.151676476001739502e-01
1.151762604713439941e-01
1.151849329471588135e-01
1.151935756206512451e-01
1.152022480964660645e-01
1.152109205722808838e-01
1.152196228504180908e-01
1.152282953262329102e-01
1.152369081974029541e-01
1.152455508708953857e-01
1.152542531490325928e-01
1.152628958225250244e-01
1.152715384960174561e-01
1.152801811695098877e-01
1.152888834476470947e-01
1.152975261211395264e-01
1.153061389923095703e-01
1.153148710727691650e-01
1.153234243392944336e-01
1.153321266174316406e-01
1.153407990932464600e-01
1.153494715690612793e-01
1.153580546379089355e-01
1.153667271137237549e-01
1.153754293918609619e-01
1.153840720653533936e-01
1.153926551342010498e-01
1.154013276100158691e-01
1.154100000858306885e-01
1.154186427593231201e-01
1.154273152351379395e-01
1.154359281063079834e-01
1.154446303844451904e-01
1.154532432556152344e-01
1.154618561267852783e-01
1.154705882072448730e-01
1.154792308807373047e-01
1.154878735542297363e-01
1.154965162277221680e-01
1.155051290988922119e-01
1.155137717723846436e-01
1.155223548412322998e-01
1.155310571193695068e-01
1.155396401882171631e-01
1.155483424663543701e-01
1.155569851398468018e-01
1.155656278133392334e-01
1.155742406845092773e-01
1.155828535556793213e-01
1.155914962291717529e-01
1.156001389026641846e-01
1.156088411808013916e-01
1.156174540519714355e-01
1.156260371208190918e-01
1.156347393989562988e-01
1.156433522701263428e-01
1.156519949436187744e-01
1.156606078147888184e-01
1.156692802906036377e-01
1.156779229640960693e-01
1.156865656375885010e-01
1.156951785087585449e-01
1.157038211822509766e-01
1.157124936580657959e-01
1.157211065292358398e-01
1.157297492027282715e-01
1.157383620738983154e-01
1.157469749450683594e-01
1.157556176185607910e-01
1.157642304897308350e-01
1.157729029655456543e-01
1.157815158367156982e-01
1.157901883125305176e-01
1.157988309860229492e-01
1.158074438571929932e-01
1.158160865306854248e-01
1.158246695995330811e-01
1.158333718776702881e-01
1.158419549465179443e-01
1.158505976200103760e-01
1.158592104911804199e-01
1.158678233623504639e-01
1.158765256404876709e-01
1.158851385116577148e-01
1.158937513828277588e-01
1.159023940563201904e-01
1.159110665321350098e-01
1.159196794033050537e-01
1.159282624721527100e-01
1.159369349479675293e-01
1.159456074237823486e-01
1.159541606903076172e-01
1.159627735614776611e-01
1.159714758396148682e-01
1.159800887107849121e-01
1.159887313842773438e-01
1.159974038600921631e-01
1.160059869289398193e-01
1.160145998001098633e-01
1.160232424736022949e-01
1.160318851470947266e-01
1.160404682159423828e-01
1.160491406917572021e-01
1.160577535629272461e-01
1.160663664340972900e-01
1.160750687122344971e-01
1.160837113857269287e-01
1.160922944545745850e-01
1.161009669303894043e-01
1.161095798015594482e-01
1.161182224750518799e-01
1.161268055438995361e-01
1.161354780197143555e-01
1.161440610885620117e-01
1.161527037620544434e-01
1.161613762378692627e-01
1.161699593067169189e-01
1.161786019802093506e-01
1.161872446537017822e-01
1.161958873271942139e-01
1.162045001983642578e-01
1.162131428718566895e-01
1.162218153476715088e-01
1.162304282188415527e-01
1.162390708923339844e-01
1.162476837635040283e-01
1.162563264369964600e-01
1.162649989128112793e-01
1.162736415863037109e-01
1.162822544574737549e-01
1.162908673286437988e-01
1.162995398044586182e-01
1.163080930709838867e-01
1.163168251514434814e-01
1.163254380226135254e-01
1.163340210914611816e-01
1.163426637649536133e-01
1.163513064384460449e-01
1.163599491119384766e-01
1.163685619831085205e-01
1.163772344589233398e-01
1.163858473300933838e-01
1.163945496082305908e-01
1.164030730724334717e-01
1.164118051528930664e-01
1.164204478263854980e-01
1.164290904998779297e-01
1.164377033710479736e-01
1.164463460445404053e-01
1.164550185203552246e-01
1.164635717868804932e-01
1.164723038673400879e-01
1.164809167385101318e-01
1.164895296096801758e-01
1.164981722831726074e-01
1.165068745613098145e-01
1.165154278278350830e-01
1.165241003036499023e-01
1.165328025817871094e-01
1.165413856506347656e-01
1.165500283241271973e-01
1.165586709976196289e-01
1.165673136711120605e-01
1.165759861469268799e-01
1.165846586227416992e-01
1.165933012962341309e-01
1.166018843650817871e-01
1.166105866432189941e-01
1.166191697120666504e-01
1.166278719902038574e-01
1.166365146636962891e-01
1.166451573371887207e-01
1.166537404060363770e-01
1.166625022888183594e-01
1.166710853576660156e-01
1.166797876358032227e-01
1.166884601116180420e-01
1.166970729827880859e-01
1.167056560516357422e-01
1.167143881320953369e-01
1.167230010032653809e-01
1.167316734790802002e-01
1.167403459548950195e-01
1.167490184307098389e-01
1.167576909065246582e-01
1.167662739753723145e-01
1.167749762535095215e-01
1.167836189270019531e-01
1.167922317981719971e-01
1.168009638786315918e-01
1.168095767498016357e-01
1.168183088302612305e-01
1.168268918991088867e-01
1.168355941772460938e-01
1.168442070484161377e-01
1.168528497219085693e-01
1.168615818023681641e-01
1.168702542781829834e-01
1.168789267539978027e-01
1.168875098228454590e-01
1.168962121009826660e-01
1.169049441814422607e-01
1.169135868549346924e-01
1.169222593307495117e-01
1.169309020042419434e-01
1.169396042823791504e-01
1.169482171535491943e-01
1.169569194316864014e-01
1.169655919075012207e-01
1.169742941856384277e-01
1.169829368591308594e-01
1.169915497303009033e-01
1.170002222061157227e-01
1.170089542865753174e-01
1.170175373554229736e-01
1.170262694358825684e-01
1.170349717140197754e-01
1.170436739921569824e-01
1.170523762702941895e-01
1.170610487461090088e-01
1.170696914196014404e-01
1.170783638954162598e-01
1.170870363712310791e-01
1.170957684516906738e-01
1.171044111251831055e-01
1.171131134033203125e-01
1.171218156814575195e-01
1.171304881572723389e-01
1.171391904354095459e-01
1.171478331089019775e-01
1.171565353870391846e-01
1.171652674674987793e-01
1.171739101409912109e-01
1.171826422214508057e-01
1.171912848949432373e-01
1.172000169754028320e-01
1.172087490558624268e-01
1.172173917293548584e-01
1.172260940074920654e-01
1.172347962856292725e-01
1.172435283660888672e-01
1.172521710395812988e-01
1.172609627246856689e-01
1.172696053981781006e-01
1.172783076763153076e-01
1.172870397567749023e-01
1.172957122325897217e-01
1.173044443130493164e-01
1.173131763935089111e-01
1.173218786716461182e-01
1.173305511474609375e-01
1.173392534255981445e-01
1.173479855060577393e-01
1.173566579818725586e-01
1.173654198646545410e-01
1.173740923404693604e-01
1.173828244209289551e-01
1.173915266990661621e-01
1.174002587795257568e-01
1.174089610576629639e-01
1.174177229404449463e-01
1.174264848232269287e-01
1.174351274967193604e-01
1.174438595771789551e-01
1.174526214599609375e-01
1.174613237380981445e-01
1.174700856208801270e-01
1.174788177013397217e-01
1.174875199794769287e-01
1.174962222576141357e-01
1.175049841403961182e-01
1.175136864185333252e-01
1.175224781036376953e-01
1.175311803817749023e-01
1.175398826599121094e-01
1.175486743450164795e-01
1.175574064254760742e-01
1.175661683082580566e-01
1.175749301910400391e-01
1.175836026668548584e-01
1.175923943519592285e-01
1.176011264324188232e-01
1.176098585128784180e-01
1.176186203956604004e-01
1.176273822784423828e-01
1.176360845565795898e-01
1.176448166370391846e-01
1.176536381244659424e-01
1.176624596118927002e-01
1.176711022853851318e-01
1.176799237728118896e-01
1.176886260509490967e-01
1.176973581314086914e-01
1.177062094211578369e-01
1.177149415016174316e-01
1.177237033843994141e-01
1.177325248718261719e-01
1.177411973476409912e-01
1.177500486373901367e-01
1.177587211132049561e-01
1.177675426006317139e-01
1.177763044834136963e-01
1.177850663661956787e-01
1.177938878536224365e-01
1.178025901317596436e-01
1.178114414215087891e-01
1.178202033042907715e-01
1.178289651870727539e-01
1.178377568721771240e-01
1.178465187549591064e-01
1.178553402423858643e-01
1.178640723228454590e-01
1.178729534149169922e-01
1.178817152976989746e-01
1.178904771804809570e-01
1.178992986679077148e-01
1.179081499576568604e-01
1.179168522357940674e-01
1.179256439208984375e-01
1.179344654083251953e-01
1.179432868957519531e-01
1.179520785808563232e-01
1.179609596729278564e-01
1.179697811603546143e-01
1.179785430431365967e-01
1.179873347282409668e-01
1.179961860179901123e-01
1.180050075054168701e-01
1.180137395858764648e-01
1.180226206779479980e-01
1.180314421653747559e-01
1.180402338504791260e-01
1.180490851402282715e-01
1.180579364299774170e-01
1.180666983127593994e-01
1.180755794048309326e-01
1.180843710899353027e-01
1.180932223796844482e-01
1.181020140647888184e-01
1.181109249591827393e-01
1.181197166442871094e-01
1.181285679340362549e-01
1.181374192237854004e-01
1.181462407112121582e-01
1.181550920009613037e-01
1.181639134883880615e-01
1.181727647781372070e-01
1.181816458702087402e-01
1.181905269622802734e-01
1.181993782520294189e-01
1.182081997394561768e-01
1.182170808315277100e-01
1.182259023189544678e-01
1.182347834110260010e-01
1.182436347007751465e-01
1.182525455951690674e-01
1.182613968849182129e-01
1.182701885700225830e-01
1.182790994644165039e-01
1.182879805564880371e-01
1.182968914508819580e-01
1.183057427406311035e-01
1.183145940303802490e-01
1.183235049247741699e-01
1.183324158191680908e-01
1.183412671089172363e-01
1.183501482009887695e-01
1.183590292930603027e-01
1.183679401874542236e-01
1.183768510818481445e-01
1.183857917785644531e-01
1.183946430683135986e-01
1.184035241603851318e-01
1.184124648571014404e-01
1.184213459491729736e-01
1.184302568435668945e-01
1.184391975402832031e-01
1.184480786323547363e-01
1.184569895267486572e-01
1.184659004211425781e-01
1.184748709201812744e-01
1.184837222099304199e-01
1.184926331043243408e-01
1.185016036033630371e-01
1.185105443000793457e-01
1.185194551944732666e-01
1.185283660888671875e-01
1.185373365879058838e-01
1.185462772846221924e-01
1.185552477836608887e-01
1.185640990734100342e-01
1.185731291770935059e-01
1.185820698738098145e-01
1.185909807682037354e-01
1.185999214649200439e-01
1.186089515686035156e-01
1.186178326606750488e-01
1.186268329620361328e-01
1.186357736587524414e-01
1.186447143554687500e-01
1.186536550521850586e-01
1.186626553535461426e-01
1.186715960502624512e-01
1.186805963516235352e-01
1.186895668506622314e-01
1.186985373497009277e-01
1.187075674533843994e-01
1.187165081501007080e-01
1.187255084514617920e-01
1.187344193458557129e-01
1.187434792518615723e-01
1.187524497509002686e-01
1.187614500522613525e-01
1.187704801559448242e-01
1.187794804573059082e-01
1.187884807586669922e-01
1.187974810600280762e-01
1.188064515590667725e-01
1.188155412673950195e-01
1.188245117664337158e-01
1.188334822654724121e-01
1.188425123691558838e-01
1.188515722751617432e-01
1.188605427742004395e-01
1.188696026802062988e-01
1.188786327838897705e-01
1.188876330852508545e-01
1.188966631889343262e-01
1.189056932926177979e-01
1.189147531986236572e-01
1.189238131046295166e-01
1.189328432083129883e-01
1.189419031143188477e-01
1.189509928226470947e-01
1.189599931240081787e-01
1.189690232276916504e-01
1.189781129360198975e-01
1.189872026443481445e-01
1.189962029457092285e-01
1.190053224563598633e-01
1.190144121646881104e-01
1.190235018730163574e-01
1.190325915813446045e-01
1.190416216850280762e-01
1.190506219863891602e-01
1.190598011016845703e-01
1.190688610076904297e-01
1.190779507160186768e-01
1.190870702266693115e-01
1.190961897373199463e-01
1.191052496433258057e-01
1.191143691539764404e-01
1.191235184669494629e-01
1.191325783729553223e-01
1.191416680812835693e-01
1.191507577896118164e-01
1.191599369049072266e-01
1.191689670085906982e-01
1.191781759262084961e-01
1.191872954368591309e-01
1.191964447498321533e-01
1.192055344581604004e-01
1.192147433757781982e-01
1.192238926887512207e-01
1.192329823970794678e-01
1.192421317100524902e-01
1.192513108253479004e-01
1.192604303359985352e-01
1.192695796489715576e-01
1.192787587642669678e-01
1.192879378795623779e-01
1.192971169948577881e-01
1.193062663078308105e-01
1.193154156208038330e-01
1.193246245384216309e-01
1.193338036537170410e-01
1.193429827690124512e-01
1.193521320819854736e-01
1.193613111972808838e-01
1.193704903125762939e-01
1.193797290325164795e-01
1.193889379501342773e-01
1.193981766700744629e-01
1.194073259830474854e-01
1.194165349006652832e-01
1.194256842136383057e-01
1.194349527359008789e-01
1.194441616535186768e-01
1.194534003734588623e-01
1.194626688957214355e-01
1.194718778133392334e-01
1.194811463356018066e-01
1.194902956485748291e-01
1.194995939731597900e-01
1.195088326930999756e-01
1.195181012153625488e-01
1.195273101329803467e-01
1.195365786552429199e-01
1.195458769798278809e-01
1.195551455020904541e-01
1.195643842220306396e-01
1.195736825466156006e-01
1.195829212665557861e-01
1.195921897888183594e-01
1.196014881134033203e-01
1.196107566356658936e-01
1.196200847625732422e-01
1.196293234825134277e-01
1.196386516094207764e-01
1.196479201316833496e-01
1.196571886539459229e-01
1.196665465831756592e-01
1.196758747100830078e-01
1.196851134300231934e-01
1.196945011615753174e-01
1.197038292884826660e-01
1.197131574153900146e-01
1.197224557399749756e-01
1.197318434715270996e-01
1.197411715984344482e-01
1.197504699230194092e-01
1.197598576545715332e-01
1.197691857814788818e-01
1.197785437107086182e-01
1.197879016399383545e-01
1.197972595691680908e-01
1.198066174983978271e-01
1.198159754276275635e-01
1.198253631591796875e-01
1.198347508907318115e-01
1.198441088199615479e-01
1.198534667491912842e-01
1.198628246784210205e-01
1.198722422122955322e-01
1.198816597461700439e-01
1.198910176753997803e-01
1.199005246162414551e-01
1.199099421501159668e-01
1.199193298816680908e-01
1.199287176132202148e-01
1.199380755424499512e-01
1.199475526809692383e-01
1.199569404125213623e-01
1.199664175510406494e-01
1.199758648872375488e-01
1.199852824211120605e-01
1.199947595596313477e-01
1.200042366981506348e-01
1.200136840343475342e-01
1.200231313705444336e-01
1.200325489044189453e-01
1.200420856475830078e-01
1.200515031814575195e-01
1.200610101222991943e-01
1.200704872608184814e-01
1.200799643993377686e-01
1.200895011425018311e-01
1.200989186763763428e-01
1.201084852218627930e-01
1.201179623603820801e-01
1.201274991035461426e-01
1.201370060443878174e-01
1.201464831829071045e-01
1.201560795307159424e-01
1.201655566692352295e-01
1.201751232147216797e-01
1.201846301555633545e-01
1.201941370964050293e-01
1.202036738395690918e-01
1.202132999897003174e-01
1.202228069305419922e-01
1.202323734760284424e-01
1.202419400215148926e-01
1.202515661716461182e-01
1.202611029148101807e-01
1.202706694602966309e-01
1.202802360057830811e-01
1.202898323535919189e-01
1.202994585037231445e-01
1.203090250492095947e-01
1.203186511993408203e-01
1.203282177448272705e-01
1.203378438949584961e-01
1.203474104404449463e-01
1.203570961952209473e-01
1.203666627407073975e-01
1.203762888908386230e-01
1.203859746456146240e-01
1.203956007957458496e-01
1.204052269458770752e-01
1.204149127006530762e-01
1.204245090484619141e-01
1.204342246055603027e-01
1.204438805580139160e-01
1.204535365104675293e-01
1.204632222652435303e-01
1.204728186130523682e-01
1.204825639724731445e-01
1.204922497272491455e-01
1.205018758773803711e-01
1.205116808414459229e-01
1.205213069915771484e-01
1.205310821533203125e-01
1.205407977104187012e-01
1.205504834651947021e-01
1.205602586269378662e-01
1.205699443817138672e-01
1.205796599388122559e-01
1.205894351005554199e-01
1.205991804599761963e-01
1.206088960170745850e-01
1.206187009811401367e-01
1.206284463405609131e-01
1.206382513046264648e-01
1.206479370594024658e-01
1.206577122211456299e-01
1.206675171852111816e-01
1.206773221492767334e-01
1.206871271133422852e-01
1.206969022750854492e-01
1.207067072391510010e-01
1.207165122032165527e-01
1.207263469696044922e-01
1.207361817359924316e-01
1.207460165023803711e-01
1.207558214664459229e-01
1.207656562328338623e-01
1.207754611968994141e-01
1.207853555679321289e-01
1.207951903343200684e-01
1.208050549030303955e-01
1.208149194717407227e-01
1.208248138427734375e-01
1.208346486091613770e-01
1.208445429801940918e-01
1.208544373512268066e-01
1.208643019199371338e-01
1.208742558956146240e-01
1.208841204643249512e-01
1.208940148353576660e-01
1.209039390087127686e-01
1.209138631820678711e-01
1.209237873554229736e-01
1.209336817264556885e-01
1.209436655044555664e-01
1.209536194801330566e-01
1.209635734558105469e-01
1.209735572338104248e-01
1.209834814071655273e-01
1.209934055805206299e-01
1.210033893585205078e-01
1.210134029388427734e-01
1.210233867168426514e-01
1.210334002971649170e-01
1.210433840751647949e-01
1.210533380508422852e-01
1.210634112358093262e-01
1.210733950138092041e-01
1.210833787918090820e-01
1.210933923721313477e-01
1.211034357547760010e-01
1.211135089397430420e-01
1.211235523223876953e-01
1.211335957050323486e-01
1.211436390876770020e-01
1.211537122726440430e-01
1.211637556552886963e-01
1.211738288402557373e-01
1.211839020252227783e-01
1.211940348148345947e-01
1.212041079998016357e-01
1.212142407894134521e-01
1.212242841720581055e-01
1.212345063686370850e-01
1.212445497512817383e-01
1.212547123432159424e-01
1.212648451328277588e-01
1.212749183177947998e-01
1.212851107120513916e-01
1.212952435016632080e-01
1.213053762912750244e-01
1.213155686855316162e-01
1.213257312774658203e-01
1.213359236717224121e-01
1.213460862636566162e-01
1.213562488555908203e-01
1.213664710521697998e-01
1.213766634464263916e-01
1.213869452476501465e-01
1.213970482349395752e-01
1.214073598384857178e-01
1.214175522327423096e-01
1.214277446269989014e-01
1.214380562305450439e-01
1.214481890201568604e-01
1.214585602283477783e-01
1.214688420295715332e-01
1.214790046215057373e-01
1.214893162250518799e-01
1.214995682239532471e-01
1.215099394321441650e-01
1.215201914310455322e-01
1.215304732322692871e-01
1.215408146381378174e-01
1.215510666370391846e-01
1.215614378452301025e-01
1.215718090534210205e-01
1.215821206569671631e-01
1.215924918651580811e-01
1.216027736663818359e-01
1.216131746768951416e-01
1.216235160827636719e-01
1.216339170932769775e-01
1.216442286968231201e-01
1.216546297073364258e-01
1.216650605201721191e-01
1.216754615306854248e-01
1.216858029365539551e-01
1.216962039470672607e-01
1.217066645622253418e-01
1.217170655727386475e-01
1.217275559902191162e-01
1.217379570007324219e-01
1.217484176158905029e-01
1.217588186264038086e-01
1.217693388462066650e-01
1.217798292636871338e-01
1.217902600765228271e-01
1.218007802963256836e-01
1.218113005161285400e-01
1.218217611312866211e-01
1.218322515487670898e-01
1.218427121639251709e-01
1.218532621860504150e-01
1.218637824058532715e-01
1.218743026256561279e-01
1.218848824501037598e-01
1.218953728675842285e-01
1.219059526920318604e-01
1.219165325164794922e-01
1.219271123409271240e-01
1.219376921653747559e-01
1.219482421875000000e-01
1.219589114189147949e-01
1.219694614410400391e-01
1.219801008701324463e-01
1.219906508922576904e-01
1.220012903213500977e-01
1.220118701457977295e-01
1.220225393772125244e-01
1.220332384109497070e-01
1.220439076423645020e-01
1.220545172691345215e-01
1.220652461051940918e-01
1.220758557319641113e-01
1.220865547657012939e-01
1.220973134040832520e-01
1.221079826354980469e-01
1.221187412738800049e-01
1.221293509006500244e-01
1.221400499343872070e-01
1.221508383750915527e-01
1.221615672111511230e-01
1.221723258495330811e-01
1.221830546855926514e-01
1.221938133239746094e-01
1.222046613693237305e-01
1.222153902053833008e-01
1.222261488437652588e-01
1.222369670867919922e-01
1.222477853298187256e-01
1.222586035728454590e-01
1.222694516181945801e-01
1.222802698612213135e-01
1.222910583019256592e-01
1.223019063472747803e-01
1.223127543926239014e-01
1.223235726356506348e-01
1.223344802856445312e-01
1.223453879356384277e-01
1.223562657833099365e-01
1.223671436309814453e-01
1.223780512809753418e-01
1.223889589309692383e-01
1.223998665809631348e-01
1.224107742309570312e-01
1.224217116832733154e-01
1.224326491355895996e-01
1.224436461925506592e-01
1.224545538425445557e-01
1.224654912948608398e-01
1.224765181541442871e-01
1.224875152111053467e-01
1.224984228610992432e-01
1.225094497203826904e-01
1.225204765796661377e-01
1.225315034389495850e-01
1.225425302982330322e-01
1.225535869598388672e-01
1.225645840167999268e-01
1.225756704807281494e-01
1.225866973400115967e-01
1.225977838039398193e-01
1.226089298725128174e-01
1.226198971271514893e-01
1.226310431957244873e-01
1.226421892642974854e-01
1.226532757282257080e-01
1.226643621921539307e-01
1.226755380630493164e-01
1.226866245269775391e-01
1.226978003978729248e-01
1.227089166641235352e-01
1.227201223373413086e-01
1.227312982082366943e-01
1.227424740791320801e-01
1.227536499500274658e-01
1.227648556232452393e-01
1.227760612964630127e-01
1.227872371673583984e-01
1.227985322475433350e-01
1.228097677230834961e-01
1.228209435939788818e-01
1.228322386741638184e-01
1.228435337543487549e-01
1.228547394275665283e-01
1.228660047054290771e-01
1.228773295879364014e-01
1.228886246681213379e-01
1.228999495506286621e-01
1.229112744331359863e-01
1.229225993156433105e-01
1.229338943958282471e-01
1.229452788829803467e-01
1.229566037654876709e-01
1.229679882526397705e-01
1.229793429374694824e-01
1.229907274246215820e-01
1.230021119117736816e-01
1.230135858058929443e-01
1.230249106884002686e-01
1.230363845825195312e-01
1.230477988719940186e-01
1.230592429637908936e-01
1.230706572532653809e-01
1.230821311473846436e-01
1.230936050415039062e-01
1.231050789356231689e-01
1.231165230274200439e-01
1.231280267238616943e-01
1.231395304203033447e-01
1.231510937213897705e-01
1.231625974178314209e-01
1.231741011142730713e-01
1.231856644153594971e-01
1.231971979141235352e-01
1.232087612152099609e-01
1.232203245162963867e-01
1.232319176197052002e-01
1.232434809207916260e-01
1.232551634311676025e-01
1.232667565345764160e-01
1.232784092426300049e-01
1.232899427413940430e-01
1.233016550540924072e-01
1.233132183551788330e-01
1.233249008655548096e-01
1.233366429805755615e-01
1.233483552932739258e-01
1.233599781990051270e-01
1.233716905117034912e-01
1.233833432197570801e-01
1.233950853347778320e-01
1.234068274497985840e-01
1.234185099601745605e-01
1.234303414821624756e-01
1.234420537948608398e-01
1.234538257122039795e-01
1.234656274318695068e-01
1.234773397445678711e-01
1.234892904758453369e-01
1.235010325908660889e-01
1.235128045082092285e-01
1.235246658325195312e-01
1.235364973545074463e-01
1.235483586788177490e-01
1.235602200031280518e-01
1.235720813274383545e-01
1.235839426517486572e-01
1.235958933830261230e-01
1.236077845096588135e-01
1.236196756362915039e-01
1.236315965652465820e-01
1.236435174942016602e-01
1.236554682254791260e-01
1.236674487590789795e-01
1.236793994903564453e-01
1.236913502216339111e-01
1.237033605575561523e-01
1.237153112888336182e-01
1.237273514270782471e-01
1.237393617630004883e-01
1.237514019012451172e-01
1.237634122371673584e-01
1.237754821777343750e-01
1.237875223159790039e-01
1.237995922565460205e-01
1.238116621971130371e-01
1.238238215446472168e-01
1.238358914852142334e-01
1.238479614257812500e-01
1.238601505756378174e-01
1.238722801208496094e-01
1.238844096660614014e-01
1.238965988159179688e-01
1.239087581634521484e-01
1.239208877086639404e-01
1.239331066608428955e-01
1.239452958106994629e-01
1.239574849605560303e-01
1.239697039127349854e-01
1.239818632602691650e-01
1.239942312240600586e-01
1.240064799785614014e-01
1.240187585353851318e-01
1.240310072898864746e-01
1.240432560443878174e-01
1.240555942058563232e-01
1.240678727626800537e-01
1.240801811218261719e-01
1.240925788879394531e-01
1.241048872470855713e-01
1.241171956062316895e-01
1.241296231746673584e-01
1.241420209407806396e-01
1.241543591022491455e-01
1.241667866706848145e-01
1.241791844367980957e-01
1.241916418075561523e-01
1.242040395736694336e-01
1.242165267467498779e-01
1.242289543151855469e-01
1.242414414882659912e-01
1.242539286613464355e-01
1.242663860321044922e-01
1.242789030075073242e-01
1.242914795875549316e-01
1.243039071559906006e-01
1.243164837360382080e-01
1.243290305137634277e-01
1.243416070938110352e-01
1.243542134761810303e-01
1.243667006492614746e-01
1.243792772293090820e-01
1.243919730186462402e-01
1.244045794010162354e-01
1.244171559810638428e-01
1.244298517704010010e-01
1.244424879550933838e-01
1.244551837444305420e-01
1.244678497314453125e-01
1.244805455207824707e-01
1.244933009147644043e-01
1.245059370994567871e-01
1.245186924934387207e-01
1.245314180850982666e-01
1.245441436767578125e-01
1.245569586753845215e-01
1.245696544647216797e-01
1.245824694633483887e-01
1.245953142642974854e-01
1.246080696582794189e-01
1.246208846569061279e-01
1.246336996555328369e-01
1.246465742588043213e-01
1.246594190597534180e-01
1.246723234653472900e-01
1.246851682662963867e-01
1.246980726718902588e-01
1.247110366821289062e-01
1.247239112854003906e-01
1.247368156909942627e-01
1.247497498989105225e-01
1.247627139091491699e-01
1.247757673263549805e-01
1.247886717319488525e-01
1.248016953468322754e-01
1.248146295547485352e-01
1.248277127742767334e-01
1.248407065868377686e-01
1.248538196086883545e-01
1.248668432235717773e-01
1.248798966407775879e-01
1.248929798603057861e-01
1.249060332775115967e-01
1.249191761016845703e-01
1.249322891235351562e-01
1.249454021453857422e-01
1.249586045742034912e-01
1.249717473983764648e-01
1.249849200248718262e-01
1.249980628490447998e-01
1.250112652778625488e-01
1.250244379043579102e-01
1.250376999378204346e-01
1.250509321689605713e-01
1.250641047954559326e-01
1.250773966312408447e-01
1.250907480716705322e-01
1.251038908958435059e-01
1.251173019409179688e-01
1.251305937767028809e-01
1.251438856124877930e-01
1.251572370529174805e-01
1.251705586910247803e-01
1.251839399337768555e-01
1.251973509788513184e-01
1.252106726169586182e-01
1.252241134643554688e-01
1.252374947071075439e-01
1.252509355545043945e-01
1.252643465995788574e-01
1.252778470516204834e-01
1.252912282943725586e-01
1.253048181533813477e-01
1.253183186054229736e-01
1.253318190574645996e-01
1.253452301025390625e-01
1.253588795661926270e-01
1.253723502159118652e-01
1.253859102725982666e-01
1.253994405269622803e-01
1.254130601882934570e-01
1.254266500473022461e-01
1.254402399063110352e-01
1.254539489746093750e-01
1.254675686359405518e-01
1.254811882972717285e-01
1.254947781562805176e-01
1.255085468292236328e-01
1.255222260951995850e-01
1.255359053611755371e-01
1.255496144294738770e-01
1.255634129047393799e-01
1.255771517753601074e-01
1.255909204483032227e-01
1.256046891212463379e-01
1.256184875965118408e-01
1.256321966648101807e-01
1.256460845470428467e-01
1.256598532199859619e-01
1.256737112998962402e-01
1.256876587867736816e-01
1.257015168666839600e-01
1.257153749465942383e-01
1.257292330265045166e-01
1.257431507110595703e-01
1.257570683956146240e-01
1.257710456848144531e-01
1.257849633693695068e-01
1.257988810539245605e-01
1.258130073547363281e-01
1.258268654346466064e-01
1.258409619331359863e-01
1.258550286293029785e-01
1.258690059185028076e-01
1.258830130100250244e-01
1.258971393108367920e-01
1.259111762046813965e-01
1.259252727031707764e-01
1.259393990039825439e-01
1.259534955024719238e-01
1.259676516056060791e-01
1.259818077087402344e-01
1.259959936141967773e-01
1.260101795196533203e-01
1.260243356227874756e-01
1.260385513305664062e-01
1.260527372360229492e-01
1.260669827461242676e-01
1.260812282562255859e-01
1.260955035686492920e-01
