5.968585610389709473e-02
5.973640084266662598e-02
5.978697538375854492e-02
5.983752012252807617e-02
5.988821387290954590e-02
5.993881821632385254e-02
5.998942255973815918e-02
6.004008650779724121e-02
6.009081006050109863e-02
6.014150381088256836e-02
6.019216775894165039e-02
6.024289131164550781e-02
6.029367446899414062e-02
6.034442782402038574e-02
6.039518117904663086e-02
6.044593453407287598e-02
6.049674749374389648e-02
6.054756045341491699e-02
6.059849262237548828e-02
6.064927577972412109e-02
6.070014834403991699e-02
6.075105071067810059e-02
6.080186367034912109e-02
6.085285544395446777e-02
6.090375781059265137e-02
6.095474958419799805e-02
6.100565195083618164e-02
6.105664372444152832e-02
6.110757589340209961e-02
6.115859746932983398e-02
6.120955944061279297e-02
6.126067042350769043e-02
6.131175160408020020e-02
6.136280298233032227e-02
6.141382455825805664e-02
6.146496534347534180e-02
6.151601672172546387e-02
6.156715750694274902e-02
6.161829829216003418e-02
6.166946887969970703e-02
6.172063946723937988e-02
6.177181005477905273e-02
6.182298064231872559e-02
6.187409162521362305e-02
6.192541122436523438e-02
6.197661161422729492e-02
6.202787160873413086e-02
6.207907199859619141e-02
6.213033199310302734e-02
6.218171119689941406e-02
6.223294138908386230e-02
6.228423118591308594e-02
6.233558058738708496e-02
6.238692998886108398e-02
6.243827939033508301e-02
6.248965859413146973e-02
6.254094839096069336e-02
6.259244680404663086e-02
6.264382600784301758e-02
6.269526481628417969e-02
6.274664402008056641e-02
6.279808282852172852e-02
6.284952163696289062e-02
6.290096044540405273e-02
6.295251846313476562e-02
6.300401687622070312e-02
6.305554509162902832e-02
6.310698390007019043e-02
6.315848231315612793e-02
6.321012973785400391e-02
6.326168775558471680e-02
6.331312656402587891e-02
6.336477398872375488e-02
6.341633200645446777e-02
6.346797943115234375e-02
6.351950764656066895e-02
6.357112526893615723e-02
6.362283229827880859e-02
6.367444992065429688e-02
6.372609734535217285e-02
6.377774477005004883e-02
6.382942199707031250e-02
6.388112902641296387e-02
6.393277645111083984e-02
6.398454308509826660e-02
6.403627991676330566e-02
6.408798694610595703e-02
6.413969397544860840e-02
6.419155001640319824e-02
6.424328684806823730e-02
6.429502367973327637e-02
6.434676051139831543e-02
6.439855694770812988e-02
6.445041298866271973e-02
6.450223922729492188e-02
6.455397605895996094e-02
6.460589170455932617e-02
6.465765833854675293e-02
6.470957398414611816e-02
6.476140022277832031e-02
6.481331586837768555e-02
6.486523151397705078e-02
6.491699814796447754e-02
6.496891379356384277e-02
6.502085924148559570e-02
6.507277488708496094e-02
6.512472033500671387e-02
6.517660617828369141e-02
6.522855162620544434e-02
6.528052687644958496e-02
6.533250212669372559e-02
6.538450717926025391e-02
6.543651223182678223e-02
6.548842787742614746e-02
6.554034352302551270e-02
6.559243798255920410e-02
6.564435362815856934e-02
6.569641828536987305e-02
6.574848294258117676e-02
6.580048799514770508e-02
6.585255265235900879e-02
6.590461730957031250e-02
6.595662236213684082e-02
6.600874662399291992e-02
6.606084108352661133e-02
6.611290574073791504e-02
6.616500020027160645e-02
6.621706485748291016e-02
6.626912951469421387e-02
6.632131338119506836e-02
6.637340784072875977e-02
6.642553210258483887e-02
6.647765636444091797e-02
6.652981042861938477e-02
6.658190488815307617e-02
6.663402915000915527e-02
6.668618321418762207e-02
6.673839688301086426e-02
6.679058074951171875e-02
6.684270501136779785e-02
6.689491868019104004e-02
6.694713234901428223e-02
6.699928641319274902e-02
6.705150008201599121e-02
6.710368394851684570e-02
6.715592741966247559e-02
6.720811128616333008e-02
6.726035475730895996e-02
6.731256842613220215e-02
6.736484169960021973e-02
6.741702556610107422e-02
6.746926903724670410e-02
6.752148270606994629e-02
6.757384538650512695e-02
6.762602925300598145e-02
6.767830252647399902e-02
6.773051619529724121e-02
6.778284907341003418e-02
6.783509254455566406e-02
6.788733601570129395e-02
6.793963909149169922e-02
6.799197196960449219e-02
6.804427504539489746e-02
6.809651851654052734e-02
6.814876198768615723e-02
6.820118427276611328e-02
6.825339794158935547e-02
6.830570101737976074e-02
6.835800409317016602e-02
6.841033697128295898e-02
6.846264004707336426e-02
6.851503252983093262e-02
6.856730580329895020e-02
6.861963868141174316e-02
6.867197155952453613e-02
6.872427463531494141e-02
6.877669692039489746e-02
6.882897019386291504e-02
6.888127326965332031e-02
6.893360614776611328e-02
6.898596882820129395e-02
6.903833150863647461e-02
6.909069418907165527e-02
6.914302706718444824e-02
6.919535994529724121e-02
6.924778223037719727e-02
6.930005550384521484e-02
6.935238838195800781e-02
6.940481066703796387e-02
6.945720314979553223e-02
6.950959563255310059e-02
6.956189870834350586e-02
6.961426138877868652e-02
6.966665387153625488e-02
6.971895694732666016e-02
6.977137923240661621e-02
6.982374191284179688e-02
6.987607479095458984e-02
6.992855668067932129e-02
6.998085975646972656e-02
7.003319263458251953e-02
7.008555531501770020e-02
7.013788819313049316e-02
7.019028067588806152e-02
7.024261355400085449e-02
7.029503583908081055e-02
7.034736871719360352e-02
7.039976119995117188e-02
7.045221328735351562e-02
7.050451636314392090e-02
7.055690884590148926e-02
7.060927152633666992e-02
7.066169381141662598e-02
7.071396708488464355e-02
7.076635956764221191e-02
7.081872224807739258e-02
7.087102532386779785e-02
7.092338800430297852e-02
7.097572088241577148e-02
7.102811336517333984e-02
7.108050584793090820e-02
7.113292813301086426e-02
7.118520140647888184e-02
7.123759388923645020e-02
7.128989696502685547e-02
7.134228944778442383e-02
7.139456272125244141e-02
7.144689559936523438e-02
7.149922847747802734e-02
7.155162096023559570e-02
7.160389423370361328e-02
7.165622711181640625e-02
7.170861959457397461e-02
7.176092267036437988e-02
7.181322574615478516e-02
7.186552882194519043e-02
7.191783189773559570e-02
7.197019457817077637e-02
7.202246785163879395e-02
7.207474112510681152e-02
7.212701439857482910e-02
7.217937707901000977e-02
7.223162055015563965e-02
7.228395342826843262e-02
7.233619689941406250e-02
7.238847017288208008e-02
7.244080305099487305e-02
7.249301671981811523e-02
7.254528999328613281e-02
7.259753346443176270e-02
7.264980673789978027e-02
7.270205020904541016e-02
7.275423407554626465e-02
7.280659675598144531e-02
7.285878062248229980e-02
7.291099429130554199e-02
7.296323776245117188e-02
7.301548123359680176e-02
7.306769490242004395e-02
7.311975955963134766e-02
7.317206263542175293e-02
7.322424650192260742e-02
7.327637076377868652e-02
7.332855463027954102e-02
7.338076829910278320e-02
7.343295216560363770e-02
7.348513603210449219e-02
7.353720068931579590e-02
7.358941435813903809e-02
7.364162802696228027e-02
7.369363307952880859e-02
7.374581694602966309e-02
7.379785180091857910e-02
7.385009527206420898e-02
7.390215992927551270e-02
7.395422458648681641e-02
7.400634884834289551e-02
7.405844330787658691e-02
7.411053776741027832e-02
7.416257262229919434e-02
7.421454787254333496e-02
7.426667213439941406e-02
7.431864738464355469e-02
7.437065243721008301e-02
7.442271709442138672e-02
7.447481155395507812e-02
7.452672719955444336e-02
7.457873225212097168e-02
7.463067770004272461e-02
7.468274235725402832e-02
7.473468780517578125e-02
7.478663325309753418e-02
7.483863830566406250e-02
7.489061355590820312e-02
7.494249939918518066e-02
7.499432563781738281e-02
7.504630088806152344e-02
7.509821653366088867e-02
7.515013217926025391e-02
7.520198822021484375e-02
7.525387406349182129e-02
7.530573010444641113e-02
7.535761594772338867e-02
7.540941238403320312e-02
7.546117901802062988e-02
7.551318407058715820e-02
7.556483149528503418e-02
7.561665773391723633e-02
7.566845417022705078e-02
7.572034001350402832e-02
7.577204704284667969e-02
7.582372426986694336e-02
7.587563991546630859e-02
7.592722773551940918e-02
7.597893476486206055e-02
7.603058218955993652e-02
7.608234882354736328e-02
7.613399624824523926e-02
7.618567347526550293e-02
7.623732089996337891e-02
7.628896832466125488e-02
7.634061574935913086e-02
7.639220356941223145e-02
7.644373178482055664e-02
7.649540901184082031e-02
7.654699683189392090e-02
7.659858465194702148e-02
7.665005326271057129e-02
7.670161128044128418e-02
7.675325870513916016e-02
7.680460810661315918e-02
7.685619592666625977e-02
7.690769433975219727e-02
7.695913314819335938e-02
7.701063156127929688e-02
7.706201076507568359e-02
7.711353898048400879e-02
7.716491818428039551e-02
7.721623778343200684e-02
7.726761698722839355e-02
7.731902599334716797e-02
7.737040519714355469e-02
7.742166519165039062e-02
7.747301459312438965e-02
7.752433419227600098e-02
7.757559418678283691e-02
7.762691378593444824e-02
7.767817378044128418e-02
7.772943377494812012e-02
7.778054475784301758e-02
7.783171534538269043e-02
7.788309454917907715e-02
7.793420553207397461e-02
7.798540592193603516e-02
7.803648710250854492e-02
7.808759808540344238e-02
7.813882827758789062e-02
7.818993926048278809e-02
7.824096083641052246e-02
7.829198241233825684e-02
7.834309339523315430e-02
7.839408516883850098e-02
7.844513654708862305e-02
7.849606871604919434e-02
7.854712009429931641e-02
7.859799265861511230e-02
7.864901423454284668e-02
7.869988679885864258e-02
7.875081896781921387e-02
7.880172133445739746e-02
7.885262370109558105e-02
7.890343666076660156e-02
7.895424962043762207e-02
7.900512218475341797e-02
7.905587553977966309e-02
7.910668849945068359e-02
7.915738224983215332e-02
7.920819520950317383e-02
7.925888895988464355e-02
7.930961251258850098e-02
7.936021685600280762e-02
7.941088080406188965e-02
7.946151494979858398e-02
7.951217889785766602e-02
7.956281304359436035e-02
7.961338758468627930e-02
7.966393232345581055e-02
7.971447706222534180e-02
7.976505160331726074e-02
7.981553673744201660e-02
7.986602187156677246e-02
7.991647720336914062e-02
7.996687293052673340e-02
8.001732826232910156e-02
8.006766438484191895e-02
8.011811971664428711e-02
8.016845583915710449e-02
8.021882176399230957e-02
8.026909828186035156e-02
8.031940460205078125e-02
8.036971092224121094e-02
8.041992783546447754e-02
8.047014474868774414e-02
8.052036166191101074e-02
8.057054877281188965e-02
8.062073588371276855e-02
8.067086338996887207e-02
8.072096109390258789e-02
8.077108860015869141e-02
8.082112669944763184e-02
8.087122440338134766e-02
8.092117309570312500e-02
8.097127079963684082e-02
8.102118968963623047e-02
8.107119798660278320e-02
8.112108707427978516e-02
8.117103576660156250e-02
8.122089505195617676e-02
8.127072453498840332e-02
8.132058382034301758e-02
8.137044310569763184e-02
8.142024278640747070e-02
8.146992325782775879e-02
8.151975274085998535e-02
8.156943321228027344e-02
8.161914348602294922e-02
8.166879415512084961e-02
8.171850442886352539e-02
8.176809549331665039e-02
8.181765675544738770e-02
8.186724781990051270e-02
8.191683888435363770e-02
8.196634054183959961e-02
8.201584219932556152e-02
8.206534385681152344e-02
8.211472630500793457e-02
8.216413855552673340e-02
8.221361041069030762e-02
8.226290345191955566e-02
8.231222629547119141e-02
8.236160874366760254e-02
8.241096138954162598e-02
8.246016502380371094e-02
8.250942826271057129e-02
8.255860209465026855e-02
8.260780572891235352e-02
8.265697956085205078e-02
8.270612359046936035e-02
8.275511860847473145e-02
8.280429244041442871e-02
8.285331726074218750e-02
8.290240168571472168e-02
8.295136690139770508e-02
8.300030231475830078e-02
8.304935693740844727e-02
8.309817314147949219e-02
8.314710855484008789e-02
8.319589495658874512e-02
8.324480056762695312e-02
8.329352736473083496e-02
8.334231376647949219e-02
8.339112997055053711e-02
8.343976736068725586e-02
8.348852396011352539e-02
8.353719115257263184e-02
8.358579874038696289e-02
8.363443613052368164e-02
8.368307352066040039e-02
8.373153209686279297e-02
8.377996087074279785e-02
8.382847905158996582e-02
8.387693762779235840e-02
8.392548561096191406e-02
8.397379517555236816e-02
8.402219414710998535e-02
8.407056331634521484e-02
8.411878347396850586e-02
8.416712284088134766e-02
8.421537280082702637e-02
8.426356315612792969e-02
8.431178331375122070e-02
8.435994386672973633e-02
8.440807461738586426e-02
8.445614576339721680e-02
8.450424671173095703e-02
8.455216884613037109e-02
8.460023999214172363e-02
8.464828133583068848e-02
8.469614386558532715e-02
8.474409580230712891e-02
8.479195833206176758e-02
8.483979105949401855e-02
8.488762378692626953e-02
8.493542671203613281e-02
8.498314023017883301e-02
8.503091335296630859e-02
8.507859706878662109e-02
8.512625098228454590e-02
8.517381548881530762e-02
8.522146940231323242e-02
8.526906371116638184e-02
8.531656861305236816e-02
8.536407351493835449e-02
8.541154861450195312e-02
8.545896410942077637e-02
8.550629019737243652e-02
8.555373549461364746e-02
8.560106158256530762e-02
8.564838767051696777e-02
8.569556474685668945e-02
8.574289083480834961e-02
8.579006791114807129e-02
8.583721518516540527e-02
8.588439226150512695e-02
8.593139052391052246e-02
8.597853779792785645e-02
8.602547645568847656e-02
8.607256412506103516e-02
8.611947298049926758e-02
8.616644144058227539e-02
8.621329069137573242e-02
8.626013994216918945e-02
8.630707859992980957e-02
8.635377883911132812e-02
8.640053868293762207e-02
8.644729852676391602e-02
8.649396896362304688e-02
8.654054999351501465e-02
8.658730983734130859e-02
8.663380146026611328e-02
8.668038249015808105e-02
8.672693371772766113e-02
8.677336573600769043e-02
8.681976795196533203e-02
8.686617016792297363e-02
8.691254258155822754e-02
8.695891499519348145e-02
8.700519800186157227e-02
8.705142140388488770e-02
8.709776401519775391e-02
8.714383840560913086e-02
8.719000220298767090e-02
8.723610639572143555e-02
8.728215098381042480e-02
8.732822537422180176e-02
8.737415075302124023e-02
8.742019534111022949e-02
8.746612071990966797e-02
8.751207590103149414e-02
8.755782246589660645e-02
8.760371804237365723e-02
8.764949440956115723e-02
8.769527077674865723e-02
8.774086833000183105e-02
8.778661489486694336e-02
8.783227205276489258e-02
8.787781000137329102e-02
8.792334794998168945e-02
8.796885609626770020e-02
8.801439404487609863e-02
8.805981278419494629e-02
8.810520172119140625e-02
8.815059065818786621e-02
8.819597959518432617e-02
8.824110031127929688e-02
8.828642964363098145e-02
8.833172917366027832e-02
8.837687969207763672e-02
8.842200040817260742e-02
8.846709132194519043e-02
8.851215243339538574e-02
8.855715394020080566e-02
8.860215544700622559e-02
8.864700794219970703e-02
8.869197964668273926e-02
8.873683214187622070e-02
8.878165483474731445e-02
8.882641792297363281e-02
8.887118101119995117e-02
8.891588449478149414e-02
8.896055817604064941e-02
8.900511264801025391e-02
8.904978632926940918e-02
8.909419178962707520e-02
8.913880586624145508e-02
8.918330073356628418e-02
8.922773599624633789e-02
8.927208185195922852e-02
8.931639790534973145e-02
8.936074376106262207e-02
8.940494060516357422e-02
8.944916725158691406e-02
8.949333429336547852e-02
8.953753113746643066e-02
8.958154916763305664e-02
8.962568640708923340e-02
8.966970443725585938e-02
8.971363306045532227e-02
8.975750207901000977e-02
8.980146050453186035e-02
8.984529972076416016e-02
8.988907933235168457e-02
8.993279933929443359e-02
8.997654914855957031e-02
9.002029895782470703e-02
9.006392955780029297e-02
9.010756015777587891e-02
9.015107154846191406e-02
9.019458293914794922e-02
9.023803472518920898e-02
9.028151631355285645e-02
9.032478928565979004e-02
9.036824107170104980e-02
9.041157364845275879e-02
9.045469760894775391e-02
9.049805998802185059e-02
9.054118394851684570e-02
9.058430790901184082e-02
9.062734246253967285e-02
9.067049622535705566e-02
9.071341156959533691e-02
9.075638651847839355e-02
9.079933166503906250e-02
9.084215760231018066e-02
9.088504314422607422e-02
9.092792868614196777e-02
9.097060561180114746e-02
9.101325273513793945e-02
9.105592966079711914e-02
9.109857678413391113e-02
9.114113450050354004e-02
9.118366241455078125e-02
9.122616052627563477e-02
9.126859903335571289e-02
9.131100773811340332e-02
9.135335683822631836e-02
9.139567613601684570e-02
9.143790602684020996e-02
9.148010611534118652e-02
9.152227640151977539e-02
9.156444668769836426e-02
9.160652756690979004e-02
9.164857864379882812e-02
9.169059991836547852e-02
9.173253178596496582e-02
9.177452325820922852e-02
9.181630611419677734e-02
9.185811877250671387e-02
9.189987182617187500e-02
9.194165468215942383e-02
9.198334813117980957e-02
9.202492237091064453e-02
9.206646680831909180e-02
9.210807085037231445e-02
9.214958548545837402e-02
9.219107031822204590e-02
9.223243594169616699e-02
9.227383136749267578e-02
9.231513738632202148e-02
9.235644340515136719e-02
9.239760041236877441e-02
9.243887662887573242e-02
9.247997403144836426e-02
9.252110123634338379e-02
9.256207942962646484e-02
9.260311722755432129e-02
9.264406561851501465e-02
9.268501400947570801e-02
9.272584319114685059e-02
9.276673197746276855e-02
9.280747175216674805e-02
9.284815192222595215e-02
9.288883209228515625e-02
9.292954206466674805e-02
9.297001361846923828e-02
9.301063418388366699e-02
9.305110573768615723e-02
9.309157729148864746e-02
9.313192963600158691e-02
9.317231178283691406e-02
9.321254491806030273e-02
9.325289726257324219e-02
9.329304099082946777e-02
9.333324432373046875e-02
9.337332844734191895e-02
9.341341257095336914e-02
9.345346689224243164e-02
9.349349141120910645e-02
9.353333711624145508e-02
9.357324242591857910e-02
9.361317753791809082e-02
9.365284442901611328e-02
9.369260072708129883e-02
9.373226761817932129e-02
9.377202391624450684e-02
9.381160140037536621e-02
9.385111927986145020e-02
9.389066696166992188e-02
9.393003582954406738e-02
9.396949410438537598e-02
9.400886297225952148e-02
9.404817223548889160e-02
9.408742189407348633e-02
9.412658214569091797e-02
9.416580200195312500e-02
9.420496225357055664e-02
9.424400329589843750e-02
9.428310394287109375e-02
9.432202577590942383e-02
9.436094760894775391e-02
9.439986944198608398e-02
9.443867206573486328e-02
9.447744488716125488e-02
9.451618790626525879e-02
9.455490112304687500e-02
9.459355473518371582e-02
9.463217854499816895e-02
9.467071294784545898e-02
9.470912814140319824e-02
9.474760293960571289e-02
9.478604793548583984e-02
9.482437372207641602e-02
9.486263990402221680e-02
9.490087628364562988e-02
9.493908286094665527e-02
9.497731924057006836e-02
9.501543641090393066e-02
9.505343437194824219e-02
9.509152173995971680e-02
9.512937068939208984e-02
9.516736865043640137e-02
9.520515799522399902e-02
9.524300694465637207e-02
9.528079628944396973e-02
9.531852602958679199e-02
9.535616636276245117e-02
9.539377689361572266e-02
9.543132781982421875e-02
9.546878933906555176e-02
9.550631046295166016e-02
9.554374217987060547e-02
9.558117389678955078e-02
9.561842679977416992e-02
9.565570950508117676e-02
9.569293260574340820e-02
9.573015570640563965e-02
9.576719999313354492e-02
9.580424427986145020e-02
9.584131836891174316e-02
9.587827324867248535e-02
9.591528773307800293e-02
9.595203399658203125e-02
9.598892927169799805e-02
9.602570533752441406e-02
9.606242179870605469e-02
9.609910845756530762e-02
9.613570570945739746e-02
9.617236256599426270e-02
9.620878100395202637e-02
9.624531865119934082e-02
9.628173708915710449e-02
9.631815552711486816e-02
9.635442495346069336e-02
9.639072418212890625e-02
9.642690420150756836e-02
9.646317362785339355e-02
9.649917483329772949e-02
9.653529524803161621e-02
9.657129645347595215e-02
9.660729765892028809e-02
9.664320945739746094e-02
9.667909145355224609e-02
9.671503305435180664e-02
9.675079584121704102e-02
9.678643941879272461e-02
9.682214260101318359e-02
9.685772657394409180e-02
9.689337015151977539e-02
9.692889451980590820e-02
9.696438908576965332e-02
9.699979424476623535e-02
9.703525900840759277e-02
9.707045555114746094e-02
9.710571169853210449e-02
9.714102745056152344e-02
9.717625379562377930e-02
9.721136093139648438e-02
9.724640846252441406e-02
9.728142619132995605e-02
9.731644392013549805e-02
9.735125303268432617e-02
9.738621115684509277e-02
9.742093086242675781e-02
9.745576977729797363e-02
9.749048948287963867e-02
9.752514958381652832e-02
9.755980968475341797e-02
9.759438037872314453e-02
9.762892127037048340e-02
9.766334295272827148e-02
9.769779443740844727e-02
9.773215651512145996e-02
9.776642918586730957e-02
9.780070185661315918e-02
9.783494472503662109e-02
9.786909818649291992e-02
9.790322184562683105e-02
9.793725609779357910e-02
9.797129034996032715e-02
9.800535440444946289e-02
9.803918004035949707e-02
9.807300567626953125e-02
9.810686111450195312e-02
9.814056754112243652e-02
9.817427396774291992e-02
9.820798039436340332e-02
9.824159741401672363e-02
9.827512502670288086e-02
9.830862283706665039e-02
9.834209084510803223e-02
9.837555885314941406e-02
9.840890765190124512e-02
9.844219684600830078e-02
9.847542643547058105e-02
9.850868582725524902e-02
9.854182600975036621e-02
9.857493638992309570e-02
9.860804677009582520e-02
9.864094853401184082e-02
9.867388010025024414e-02
9.870681166648864746e-02
9.873962402343750000e-02
9.877243638038635254e-02
9.880524873733520508e-02
9.883794188499450684e-02
9.887066483497619629e-02
9.890308976173400879e-02
9.893566370010375977e-02
9.896817803382873535e-02
9.900063276290893555e-02
9.903302788734436035e-02
9.906533360481262207e-02
9.909766912460327148e-02
9.912988543510437012e-02
9.916210174560546875e-02
9.919416904449462891e-02
9.922635555267333984e-02
9.925839304924011230e-02
9.929043054580688477e-02
9.932231903076171875e-02
9.935420751571655273e-02
9.938609600067138672e-02
9.941783547401428223e-02
9.944963455200195312e-02
9.948128461837768555e-02
9.951290488243103027e-02
9.954446554183959961e-02
9.957602620124816895e-02
9.960755705833435059e-02
9.963893890380859375e-02
9.967032074928283691e-02
9.970167279243469238e-02
9.973293542861938477e-02
9.976419806480407715e-02
9.979537129402160645e-02
9.982648491859436035e-02
9.985756874084472656e-02
9.988862276077270508e-02
9.991961717605590820e-02
9.995052218437194824e-02
9.998145699501037598e-02
1.000122129917144775e-01
1.000430583953857422e-01
1.000738143920898438e-01
1.001043915748596191e-01
1.001350581645965576e-01
1.001656055450439453e-01
1.001961529254913330e-01
1.002266705036163330e-01
1.002570986747741699e-01
1.002874076366424561e-01
1.003177762031555176e-01
1.003480553627014160e-01
1.003783047199249268e-01
1.004084944725036621e-01
1.004385650157928467e-01
1.004686653614044189e-01
1.004987061023712158e-01
1.005287170410156250e-01
1.005586087703704834e-01
1.005884706974029541e-01
1.006183028221130371e-01
1.006481349468231201e-01
1.006777882575988770e-01
1.007074415683746338e-01
1.007371544837951660e-01
1.007667183876037598e-01
1.007963120937347412e-01
1.008257865905761719e-01
1.008552312850952148e-01
1.008844971656799316e-01
1.009139120578765869e-01
1.009431183338165283e-01
1.009724140167236328e-01
1.010015904903411865e-01
1.010307669639587402e-01
1.010598540306091309e-01
1.010888516902923584e-01
1.011177897453308105e-01
1.011467278003692627e-01
1.011756658554077148e-01
1.012045741081237793e-01
1.012332737445831299e-01
1.012620031833648682e-01
1.012907326221466064e-01
1.013193130493164062e-01
1.013479232788085938e-01
1.013764441013336182e-01
1.014049947261810303e-01
1.014333963394165039e-01
1.014618575572967529e-01
1.014901399612426758e-01
1.015184819698333740e-01
1.015467047691345215e-01
1.015748381614685059e-01
1.016030013561248779e-01
1.016311049461364746e-01
1.016592085361480713e-01
1.016871333122253418e-01
1.017151772975921631e-01
1.017430424690246582e-01
1.017708778381347656e-01
1.017987430095672607e-01
1.018264591693878174e-01
1.018542051315307617e-01
1.018818020820617676e-01
1.019094884395599365e-01
1.019370555877685547e-01
1.019645333290100098e-01
1.019920408725738525e-01
1.020194590091705322e-01
1.020468473434448242e-01
1.020740568637847900e-01
1.021013855934143066e-01
1.021286547183990479e-01
1.021558344364166260e-01
1.021829545497894287e-01
1.022099852561950684e-01
1.022370159626007080e-01
1.022640466690063477e-01
1.022909879684448242e-01
1.023178696632385254e-01
1.023447215557098389e-01
1.023714840412139893e-01
1.023982167243957520e-01
1.024249494075775146e-01
1.024516224861145020e-01
1.024781465530395508e-01
1.025048196315765381e-01
1.025312840938568115e-01
1.025577485561370850e-01
1.025841236114501953e-01
1.026104986667633057e-01
1.026367843151092529e-01
1.026630699634552002e-01
1.026893556118011475e-01
1.027154922485351562e-01
1.027415990829467773e-01
1.027676761150360107e-01
1.027936935424804688e-01
1.028196811676025391e-01
1.028456389904022217e-01
1.028715670108795166e-01
1.028974354267120361e-01
1.029231846332550049e-01
1.029489040374755859e-01
1.029745936393737793e-01
1.030002832412719727e-01
1.030259132385253906e-01
1.030514836311340332e-01
1.030769348144531250e-01
1.031024456024169922e-01
1.031279265880584717e-01
1.031533181667327881e-01
1.031786203384399414e-01
1.032038927078247070e-01
1.032291352748870850e-01
1.032542884349822998e-01
1.032794415950775146e-01
1.033045649528503418e-01
1.033295691013336182e-01
1.033546328544616699e-01
1.033795475959777832e-01
1.034044921398162842e-01
1.034293174743652344e-01
1.034542620182037354e-01
1.034789383411407471e-01
1.035037040710449219e-01
1.035283803939819336e-01
1.035530269145965576e-01
1.035776138305664062e-01
1.036021709442138672e-01
1.036267280578613281e-01
1.036511659622192383e-01
1.036754846572875977e-01
1.036998927593231201e-01
1.037241816520690918e-01
1.037484705448150635e-01
1.037726998329162598e-01
1.037968993186950684e-01
1.038211286067962646e-01
1.038452088832855225e-01
1.038691997528076172e-01
1.038932502269744873e-01
1.039171516895294189e-01
1.039410531520843506e-01
1.039649844169616699e-01
1.039887964725494385e-01
1.040125787258148193e-01
1.040363311767578125e-01
1.040599942207336426e-01
1.040836870670318604e-01
1.041072309017181396e-01
1.041308343410491943e-01
1.041543185710906982e-01
1.041777431964874268e-01
1.042011678218841553e-01
1.042246818542480469e-01
1.042479574680328369e-01
1.042712628841400146e-01
1.042944788932800293e-01
1.043176949024200439e-01
1.043408811092376709e-01
1.043639779090881348e-01
1.043870151042938232e-01
1.044101715087890625e-01
1.044330894947052002e-01
1.044560670852661133e-01
1.044789254665374756e-01
1.045018732547760010e-01
1.045245826244354248e-01
1.045474112033843994e-01
1.045701205730438232e-01
1.045928001403808594e-01
1.046154499053955078e-01
1.046379804611206055e-01
1.046605706214904785e-01
1.046831309795379639e-01
1.047055721282958984e-01
1.047279536724090576e-01
1.047503352165222168e-01
1.047727167606353760e-01
1.047950685024261475e-01
1.048172414302825928e-01
1.048394739627838135e-01
1.048616766929626465e-01
1.048838198184967041e-01
1.049058437347412109e-01
1.049279570579528809e-01
1.049499511718750000e-01
1.049719154834747314e-01
1.049937605857849121e-01
1.050157248973846436e-01
1.050375401973724365e-01
1.050592958927154541e-01
1.050810515880584717e-01
1.051027476787567139e-01
1.051244437694549561e-01
1.051461100578308105e-01
1.051676869392395020e-01
1.051891446113586426e-01
1.052106320858001709e-01
1.052321493625640869e-01
1.052535772323608398e-01
1.052749156951904297e-01
1.052963137626647949e-01
1.053175330162048340e-01
1.053388118743896484e-01
1.053600609302520752e-01
1.053812205791473389e-01
1.054023504257202148e-01
1.054234504699707031e-01
1.054445505142211914e-01
1.054655015468597412e-01
1.054864227771759033e-01
1.055074036121368408e-01
1.055282950401306152e-01
1.055490970611572266e-01
1.055699884891510010e-01
1.055906713008880615e-01
1.056114733219146729e-01
1.056321263313293457e-01
1.056527793407440186e-01
1.056734025478363037e-01
1.056939065456390381e-01
1.057145297527313232e-01
1.057349443435668945e-01
1.057554185390472412e-01
1.057758331298828125e-01
1.057962179183959961e-01
1.058165431022644043e-01
1.058368086814880371e-01
1.058571040630340576e-01
1.058773100376129150e-01
1.058974564075469971e-01
1.059176027774810791e-01
1.059376895427703857e-01
1.059577167034149170e-01
1.059777736663818359e-01
1.059978008270263672e-01
1.060177087783813477e-01
1.060376167297363281e-01
1.060574352741241455e-01
1.060772836208343506e-01
1.060970723628997803e-01
1.061168015003204346e-01
1.061365604400634766e-01
1.061562895774841309e-01
1.061759293079376221e-01
1.061953902244567871e-01
1.062149703502655029e-01
1.062345504760742188e-01
1.062539815902709961e-01
1.062735319137573242e-01
1.062928736209869385e-01
1.063122451305389404e-01
1.063315868377685547e-01
1.063508391380310059e-01
1.063700318336486816e-01
1.063893139362335205e-01
1.064085364341735840e-01
1.064276397228240967e-01
1.064467728137969971e-01
1.064658164978027344e-01
1.064848601818084717e-01
1.065038740634918213e-01
1.065228283405303955e-01
1.065417826175689697e-01
1.065606474876403809e-01
1.065794825553894043e-01
1.065982878208160400e-01
1.066171526908874512e-01
1.066358089447021484e-01
1.066545546054840088e-01
1.066731810569763184e-01
1.066918671131134033e-01
1.067104637622833252e-01
1.067290306091308594e-01
1.067475080490112305e-01
1.067659854888916016e-01
1.067844331264495850e-01
1.068028509616851807e-01
1.068212985992431641e-01
1.068395674228668213e-01
1.068578660488128662e-01
1.068761944770812988e-01
1.068944036960601807e-01
1.069126427173614502e-01
1.069308221340179443e-01
1.069489419460296631e-01
1.069670319557189941e-01
1.069851517677307129e-01
1.070031523704528809e-01
1.070211231708526611e-01
1.070390939712524414e-01
1.070570349693298340e-01
1.070748865604400635e-01
1.070927977561950684e-01
1.071105897426605225e-01
1.071283519268035889e-01
1.071460843086242676e-01
1.071637868881225586e-01
1.071814596652984619e-01
1.071991324424743652e-01
1.072167456150054932e-01
1.072343587875366211e-01
1.072519123554229736e-01
1.072694063186645508e-01
1.072869002819061279e-01
1.073043644428253174e-01
1.073217988014221191e-01
1.073391735553741455e-01
1.073565185070037842e-01
1.073737740516662598e-01
1.073910892009735107e-01
1.074083149433135986e-01
1.074256300926208496e-01
1.074428260326385498e-01
1.074599027633666992e-01
1.074770390987396240e-01
1.074940860271453857e-01
1.075111627578735352e-01
1.075281500816345215e-01
1.075451970100402832e-01
1.075621247291564941e-01
1.075790524482727051e-01
1.075959205627441406e-01
1.076127886772155762e-01
1.076296567916870117e-01
1.076464354991912842e-01
1.076631247997283936e-01
1.076798737049102783e-01
1.076965928077697754e-01
1.077132225036621094e-01
1.077298820018768311e-01
1.077464520931243896e-01
1.077630519866943359e-01
1.077795624732971191e-01
1.077960729598999023e-01
1.078126728534698486e-01
1.078290641307830811e-01
1.078454256057739258e-01
1.078618466854095459e-01
1.078782081604003906e-01
1.078944504261016846e-01
1.079107522964477539e-01
1.079270541667938232e-01
1.079432666301727295e-01
1.079594492912292480e-01
1.079756021499633789e-01
1.079918146133422852e-01
1.080079376697540283e-01
1.080240011215209961e-01
1.080400347709655762e-01
1.080560982227325439e-01
1.080720126628875732e-01
1.080879867076873779e-01
1.081038713455200195e-01
1.081197261810302734e-01
1.081356406211853027e-01
1.081515252590179443e-01
1.081672608852386475e-01
1.081831157207489014e-01
1.081987917423248291e-01
1.082145273685455322e-01
1.082301735877990723e-01
1.082459092140197754e-01
1.082615852355957031e-01
1.082770824432373047e-01
1.082926988601684570e-01
1.083081662654876709e-01
1.083237230777740479e-01
1.083392500877380371e-01
1.083546876907348633e-01
1.083700954914093018e-01
1.083855330944061279e-01
1.084008216857910156e-01
1.084161996841430664e-01
1.084315478801727295e-01
1.084468364715576172e-01
1.084621250629425049e-01
1.084772944450378418e-01
1.084924340248107910e-01
1.085076332092285156e-01
1.085228323936462402e-01
1.085379421710968018e-01
1.085529923439025879e-01
1.085680723190307617e-01
1.085830628871917725e-01
1.085981428623199463e-01
1.086130738258361816e-01
1.086280047893524170e-01
1.086429655551910400e-01
1.086578667163848877e-01
1.086727082729339600e-01
1.086875498294830322e-01
1.087024211883544922e-01
1.087172031402587891e-01
1.087319552898406982e-01
1.087467074394226074e-01
1.087614297866821289e-01
1.087760627269744873e-01
1.087907254695892334e-01
1.088053882122039795e-01
1.088199913501739502e-01
1.088345348834991455e-01
1.088491082191467285e-01
1.088635921478271484e-01
1.088781058788299561e-01
1.088926196098327637e-01
1.089070439338684082e-01
1.089214384555816650e-01
1.089358627796173096e-01
1.089501678943634033e-01
1.089645624160766602e-01
1.089788675308227539e-01
1.089931428432464600e-01
1.090074181556701660e-01
1.090216934680938721e-01
1.090358793735504150e-01
1.090500652790069580e-01
1.090642511844635010e-01
1.090783774852752686e-01
1.090924739837646484e-01
1.091066002845764160e-01
1.091207265853881836e-01
1.091347336769104004e-01
1.091487109661102295e-01
1.091627180576324463e-01
1.091766655445098877e-01
1.091906130313873291e-01
1.092045605182647705e-01
1.092183887958526611e-01
1.092323064804077148e-01
1.092461347579956055e-01
1.092599332332611084e-01
1.092737615108489990e-01
1.092874705791473389e-01
1.093012690544128418e-01
1.093149781227111816e-01
1.093287169933319092e-01
1.093423664569854736e-01
1.093559861183166504e-01
1.093696057796478271e-01
1.093832850456237793e-01
1.093967854976654053e-01
1.094104051589965820e-01
1.094239056110382080e-01
1.094374358654022217e-01
1.094509363174438477e-01
1.094643473625183105e-01
1.094778478145599365e-01
1.094912886619567871e-01
1.095046699047088623e-01
1.095179915428161621e-01
1.095313727855682373e-01
1.095446646213531494e-01
1.095579862594604492e-01
1.095713376998901367e-01
1.095845103263854980e-01
1.095977425575256348e-01
1.096110343933105469e-01
1.096242368221282959e-01
1.096373796463012695e-01
1.096504926681518555e-01
1.096636354923248291e-01
1.096767783164978027e-01
1.096898317337036133e-01
1.097029149532318115e-01
1.097159385681152344e-01
1.097289621829986572e-01
1.097419559955596924e-01
1.097549498081207275e-01
1.097678840160369873e-01
1.097808182239532471e-01
1.097936928272247314e-01
1.098065674304962158e-01
1.098194420337677002e-01
1.098323166370391846e-01
1.098451614379882812e-01
1.098579764366149902e-01
1.098707318305969238e-01
1.098834872245788574e-01
1.098962128162384033e-01
1.099089682102203369e-01
1.099216639995574951e-01
1.099343299865722656e-01
1.099469959735870361e-01
1.099596619606018066e-01
1.099722981452941895e-01
1.099848151206970215e-01
1.099974215030670166e-01
1.100099682807922363e-01
1.100225150585174561e-01
1.100350320339202881e-01
1.100475490093231201e-01
1.100600063800811768e-01
1.100724935531616211e-01
1.100849211215972900e-01
1.100973784923553467e-01
1.101096868515014648e-01
1.101221740245819092e-01
1.101344227790832520e-01
1.101467907428741455e-01
1.101591587066650391e-01
1.101714372634887695e-01
1.101837158203125000e-01
1.101960241794586182e-01
1.102082729339599609e-01
1.102204024791717529e-01
1.102326214313507080e-01
1.102448701858520508e-01
1.102569997310638428e-01
1.102691292762756348e-01
1.102813184261322021e-01
1.102933585643768311e-01
1.103054881095886230e-01
1.103175282478332520e-01
1.103295981884002686e-01
1.103416681289672852e-01
1.103536784648895264e-01
1.103656589984893799e-01
1.103776693344116211e-01
1.103895902633666992e-01
1.104016005992889404e-01
1.104134619235992432e-01
1.104253828525543213e-01
1.104372739791870117e-01
1.104491651058197021e-01
1.104610264301300049e-01
1.104728877544403076e-01
1.104846596717834473e-01
1.104964613914489746e-01
1.105082333087921143e-01
1.105200052261352539e-01
1.105317473411560059e-01
1.105434894561767578e-01
1.105552315711975098e-01
1.105669140815734863e-01
1.105786561965942383e-01
1.105902493000030518e-01
1.106019318103790283e-01
1.106135249137878418e-01
1.106252074241638184e-01
1.106367707252502441e-01
1.106483340263366699e-01
1.106598973274230957e-01
1.106714308261871338e-01
1.106829643249511719e-01
1.106945276260375977e-01
1.107059717178344727e-01
1.107175052165985107e-01
1.107289195060729980e-01
1.107403934001922607e-01
1.107518076896667480e-01
1.107631623744964600e-01
1.107745766639709473e-01
1.107860207557678223e-01
1.107973754405975342e-01
1.108087003231048584e-01
1.108199954032897949e-01
1.108313500881195068e-01
1.108426153659820557e-01
1.108539402484893799e-01
1.108651757240295410e-01
1.108765006065368652e-01
1.108876764774322510e-01
1.108988821506500244e-01
1.109101176261901855e-01
1.109213232994079590e-01
1.109324693679809570e-01
1.109436452388763428e-01
1.109548211097717285e-01
1.109659075736999512e-01
1.109770238399505615e-01
1.109881699085235596e-01
1.109992563724517822e-01
1.110103428363800049e-01
1.110213696956634521e-01
1.110323369503021240e-01
1.110434234142303467e-01
1.110544800758361816e-01
1.110654473304748535e-01
1.110764741897583008e-01
1.110873818397521973e-01
1.110983490943908691e-01
1.111092269420623779e-01
1.111201941967010498e-01
1.111311018466949463e-01
1.111419498920440674e-01
1.111528277397155762e-01
1.111637353897094727e-01
1.111745238304138184e-01
1.111854612827301025e-01
1.111962795257568359e-01
1.112070679664611816e-01
1.112178564071655273e-01
1.112287044525146484e-01
1.112394332885742188e-01
1.112501919269561768e-01
1.112609207630157471e-01
1.112716495990753174e-01
1.112823784351348877e-01
1.112930476665496826e-01
1.113037467002868652e-01
1.113143861293792725e-01
1.113250851631164551e-01
1.113357245922088623e-01
1.113463044166564941e-01
1.113569736480712891e-01
1.113675832748413086e-01
1.113781929016113281e-01
1.113887429237365723e-01
1.113992929458618164e-01
1.114098429679870605e-01
1.114204227924346924e-01
1.114309728145599365e-01
1.114414036273956299e-01
1.114519536495208740e-01
1.114625036716461182e-01
1.114729344844818115e-01
1.114833354949951172e-01
1.114938259124755859e-01
1.115042567253112793e-01
1.115147173404693604e-01
1.115250587463378906e-01
1.115355491638183594e-01
1.115459203720092773e-01
1.115563213825225830e-01
1.115666925907135010e-01
1.115770339965820312e-01
1.115873754024505615e-01
1.115977168083190918e-01
1.116079986095428467e-01
1.116183102130889893e-01
1.116285920143127441e-01
1.116388738155364990e-01
1.116491556167602539e-01
1.116594374179840088e-01
1.116696894168853760e-01
1.116799116134643555e-01
1.116900742053985596e-01
1.117003262042999268e-01
1.117105185985565186e-01
1.117207109928131104e-01
1.117309033870697021e-01
1.117410063743591309e-01
1.117512285709381104e-01
1.117613613605499268e-01
1.117714643478393555e-01
1.117815673351287842e-01
1.117916703224182129e-01
1.118018329143524170e-01
1.118119060993194580e-01
1.118220388889312744e-01
1.118320226669311523e-01
1.118420660495758057e-01
1.118521690368652344e-01
1.118621826171875000e-01
1.118721663951873779e-01
1.118822395801544189e-01
1.118921935558319092e-01
1.119022071361541748e-01
1.119121015071868896e-01
1.119221150875091553e-01
1.119320988655090332e-01
1.119420528411865234e-01
1.119519770145416260e-01
1.119619011878967285e-01
1.119718253612518311e-01
1.119817197322845459e-01
1.119915843009948730e-01
1.120015084743499756e-01
1.120113432407379150e-01
1.120212376117706299e-01
1.120311021804809570e-01
1.120409369468688965e-01
1.120507717132568359e-01
1.120605766773223877e-01
1.120704114437103271e-01
1.120801866054534912e-01
1.120900511741638184e-01
1.120997965335845947e-01
1.121095120906829834e-01
1.121193170547485352e-01
1.121290624141693115e-01
1.121388077735900879e-01
1.121485829353332520e-01
1.121582388877868652e-01
1.121679842472076416e-01
1.121777296066284180e-01
1.121874153614044189e-01
1.121971011161804199e-01
1.122067868709564209e-01
1.122164130210876465e-01
1.122260987758636475e-01
1.122357249259948730e-01
1.122453510761260986e-01
1.122550368309020996e-01
1.122646629810333252e-01
1.122743189334869385e-01
1.122838854789733887e-01
1.122935116291046143e-01
1.123031079769134521e-01
1.123126149177551270e-01
1.123222112655639648e-01
1.123318076133728027e-01
1.123414039611816406e-01
1.123508512973785400e-01
1.123603880405426025e-01
1.123699843883514404e-01
1.123794615268707275e-01
1.123889684677124023e-01
1.123984754085540771e-01
1.124079823493957520e-01
1.124174594879150391e-01
1.124269366264343262e-01
1.124363839626312256e-01
1.124458611011505127e-01
1.124553680419921875e-01
1.124647557735443115e-01
1.124742329120635986e-01
1.124835610389709473e-01
1.124930381774902344e-01
1.125024557113647461e-01
1.125118434429168701e-01
1.125212311744689941e-01
1.125306487083435059e-01
1.125400066375732422e-01
1.125493943691253662e-01
1.125588119029998779e-01
1.125681400299072266e-01
1.125774085521697998e-01
1.125867664813995361e-01
1.125961244106292725e-01
1.126054823398590088e-01
1.126147210597991943e-01
1.126240789890289307e-01
1.126333773136138916e-01
1.126426458358764648e-01
1.126520037651062012e-01
1.126612424850463867e-01
1.126705408096313477e-01
1.126797199249267578e-01
1.126889884471893311e-01
1.126983463764190674e-01
1.127074956893920898e-01
1.127167642116546631e-01
1.127259433269500732e-01
1.127351820468902588e-01
1.127444505691528320e-01
1.127535998821258545e-01
1.127628087997436523e-01
1.127720177173614502e-01
1.127811968326568604e-01
1.127903461456298828e-01
1.127995252609252930e-01
1.128087043762207031e-01
1.128178238868713379e-01
1.128270030021667480e-01
1.128361225128173828e-01
1.128453016281127930e-01
1.128544211387634277e-01
1.128635108470916748e-01
1.128726303577423096e-01
1.128817498683929443e-01
1.128908991813659668e-01
1.128999888896942139e-01
1.129090487957000732e-01
1.129181087017059326e-01
1.129271984100341797e-01
1.129363179206848145e-01
1.129453480243682861e-01
1.129544079303741455e-01
1.129634976387023926e-01
1.129724681377410889e-01
1.129814982414245605e-01
1.129905879497528076e-01
1.129995882511138916e-01
1.130086183547973633e-01
1.130176186561584473e-01
1.130265891551971436e-01
1.130356490612030029e-01
1.130446493625640869e-01
1.130535900592803955e-01
1.130625605583190918e-01
1.130715608596801758e-01
1.130805611610412598e-01
1.130895018577575684e-01
1.130984723567962646e-01
1.131074130535125732e-01
1.131163537502288818e-01
1.131253242492675781e-01
1.131342947483062744e-01
1.131432056427001953e-01
1.131520569324493408e-01
1.131609976291656494e-01
1.131699085235595703e-01
1.131789088249206543e-01
1.131877303123474121e-01
1.131966710090637207e-01
1.132055222988128662e-01
1.132144331932067871e-01
1.132232844829559326e-01
1.132321953773498535e-01
1.132409870624542236e-01
1.132498979568481445e-01
1.132587790489196777e-01
1.132676303386688232e-01
1.132764518260955811e-01
1.132852733135223389e-01
1.132941246032714844e-01
1.133029758930206299e-01
1.133118569850921631e-01
1.133205592632293701e-01
1.133293807506561279e-01
1.133382320404052734e-01
1.133470237255096436e-01
1.133558154106140137e-01
1.133646965026855469e-01
1.133734285831451416e-01
1.133821904659271240e-01
1.133909523487091064e-01
1.133997738361358643e-01
1.134085357189178467e-01
1.134172379970550537e-01
1.134260296821594238e-01
1.134347617626190186e-01
1.134435534477233887e-01
1.134522557258605957e-01
1.134610474109649658e-01
1.134698390960693359e-01
1.134785115718841553e-01
1.134872138500213623e-01
1.134959459304809570e-01
1.135047078132629395e-01
1.135134696960449219e-01
1.135221719741821289e-01
1.135307550430297852e-01
1.135394871234893799e-01
1.135482192039489746e-01
1.135568320751190186e-01
1.135655045509338379e-01
1.135742962360382080e-01
1.135829687118530273e-01
1.135916113853454590e-01
1.136003434658050537e-01
1.136089563369750977e-01
1.136175990104675293e-01
1.136262714862823486e-01
1.136349141597747803e-01
1.136435866355895996e-01
1.136522591114044189e-01
1.136608719825744629e-01
1.136694848537445068e-01
1.136780977249145508e-01
1.136867702007293701e-01
1.136954128742218018e-01
1.137039661407470703e-01
1.137125492095947266e-01
1.137211918830871582e-01
1.137298643589019775e-01
1.137384176254272461e-01
1.137470006942749023e-01
1.137555539608001709e-01
1.137641966342926025e-01
1.137727797031402588e-01
1.137813627719879150e-01
1.137898862361907959e-01
1.137985289096832275e-01
1.138070821762084961e-01
1.138156950473785400e-01
1.138242483139038086e-01
1.138327717781066895e-01
1.138413250446319580e-01
1.138498783111572266e-01
1.138584315776824951e-01
1.138669550418853760e-01
1.138755083084106445e-01
1.138840317726135254e-01
1.138925552368164062e-01
1.139011085033416748e-01
1.139096319675445557e-01
1.139181852340698242e-01
1.139266788959503174e-01
1.139352321624755859e-01
1.139436960220336914e-01
1.139522492885589600e-01
1.139606833457946777e-01
1.139692664146423340e-01
1.139777600765228271e-01
1.139862537384033203e-01
1.139946877956390381e-01
1.140031814575195312e-01
1.140117049217224121e-01
1.140201687812805176e-01
1.140286922454833984e-01
1.140371561050415039e-01
1.140456199645996094e-01
1.140540540218353271e-01
1.140625476837158203e-01
1.140709817409515381e-01
1.140794456005096436e-01
1.140879094600677490e-01
1.140964031219482422e-01
1.141048669815063477e-01
1.141133010387420654e-01
1.141217052936553955e-01
1.141301691532135010e-01
1.141386032104492188e-01
1.141470670700073242e-01
1.141554713249206543e-01
1.141639351844787598e-01
1.141723394393920898e-01
1.141808032989501953e-01
1.141892075538635254e-01
1.141976416110992432e-01
1.142060756683349609e-01
1.142144501209259033e-01
1.142228543758392334e-01
1.142312586307525635e-01
1.142397224903106689e-01
1.142480969429016113e-01
1.142565011978149414e-01
1.142649054527282715e-01
1.142732799053192139e-01
1.142816841602325439e-01
1.142900586128234863e-01
1.142984926700592041e-01
1.143068373203277588e-01
1.143151819705963135e-01
1.143235862255096436e-01
1.143319904804229736e-01
1.143403351306915283e-01
1.143487393856048584e-01
1.143571138381958008e-01
1.143654584884643555e-01
1.143738031387329102e-01
1.143822073936462402e-01
1.143905520439147949e-01
1.143988966941833496e-01
1.144072413444519043e-01
1.144155859947204590e-01
1.144239306449890137e-01
1.144323050975799561e-01
1.144406199455261230e-01
1.144489645957946777e-01
1.144573688507080078e-01
1.144656240940093994e-01
1.144739985466003418e-01
1.144824028015136719e-01
1.144906580448150635e-01
1.144990026950836182e-01
1.145073175430297852e-01
1.145156919956207275e-01
1.145239174365997314e-01
1.145322918891906738e-01
1.145406663417816162e-01
1.145488917827606201e-01
1.145572662353515625e-01
1.145655214786529541e-01
1.145738661289215088e-01
1.145821809768676758e-01
1.145904660224914551e-01
1.145988404750823975e-01
1.146071255207061768e-01
1.146154403686523438e-01
1.146237254142761230e-01
1.146319806575775146e-01
1.146402955055236816e-01
1.146485805511474609e-01
1.146569252014160156e-01
1.146651506423950195e-01
1.146734654903411865e-01
1.146817803382873535e-01
1.146900057792663574e-01
1.146982908248901367e-01
1.147065758705139160e-01
1.147148907184600830e-01
1.147231459617614746e-01
1.147314310073852539e-01
1.147396862506866455e-01
1.147479712963104248e-01
1.147562563419342041e-01
1.147644817829132080e-01
1.147727668285369873e-01
1.147810518741607666e-01
1.147892773151397705e-01
1.147975921630859375e-01
1.148058176040649414e-01
1.148141324520111084e-01
1.148223280906677246e-01
1.148306131362915039e-01
1.148388683795928955e-01
1.148470938205718994e-01
1.148554086685180664e-01
1.148635745048522949e-01
1.148718595504760742e-01
1.148801147937774658e-01
1.148883402347564697e-01
1.148965656757354736e-01
1.149047911167144775e-01
1.149130463600158691e-01
1.149212419986724854e-01
1.149295568466186523e-01
1.149377524852752686e-01
1.149459779262542725e-01
1.149542331695556641e-01
1.149624288082122803e-01
1.149706542491912842e-01
1.149789392948150635e-01
1.149871647357940674e-01
1.149953603744506836e-01
1.150036156177520752e-01
1.150118410587310791e-01
1.150200366973876953e-01
1.150282621383666992e-01
1.150364875793457031e-01
1.150447130203247070e-01
1.150529682636260986e-01
1.150611937046051025e-01
1.150693595409393311e-01
1.150776147842407227e-01
1.150858104228973389e-01
1.150940060615539551e-01
1.151022613048553467e-01
1.151104867458343506e-01
1.151186823844909668e-01
1.151268482208251953e-01
1.151351034641265869e-01
1.151432394981384277e-01
1.151514351367950439e-01
1.151597499847412109e-01
1.151678860187530518e-01
1.151760816574096680e-01
1.151843070983886719e-01
1.151925325393676758e-01
1.152007281780242920e-01
1.152088642120361328e-01
1.152170598506927490e-01
1.152253150939941406e-01
1.152335107326507568e-01
1.152417063713073730e-01
1.152498722076416016e-01
1.152580678462982178e-01
1.152662634849548340e-01
1.152743995189666748e-01
1.152826845645904541e-01
1.152908504009246826e-01
1.152990460395812988e-01
1.153072416782379150e-01
1.153154075145721436e-01
1.153236031532287598e-01
1.153317689895629883e-01
1.153399944305419922e-01
1.153481602668762207e-01
1.153563559055328369e-01
1.153644919395446777e-01
1.153727173805236816e-01
1.153808832168579102e-01
1.153890788555145264e-01
1.153972744941711426e-01
1.154053807258605957e-01
1.154136061668395996e-01
1.154217422008514404e-01
1.154299676418304443e-01
1.154381632804870605e-01
1.154462695121765137e-01
1.154545247554779053e-01
1.154626905918121338e-01
1.154708564281463623e-01
1.154789924621582031e-01
1.154871582984924316e-01
1.154953539371490479e-01
1.155034899711608887e-01
1.155117452144622803e-01
1.155198812484741211e-01
1.155280768871307373e-01
1.155362427234649658e-01
1.155443787574768066e-01
1.155525743961334229e-01
1.155607700347900391e-01
1.155689358711242676e-01
1.155770719051361084e-01
1.155852079391479492e-01
1.155934035778045654e-01
1.156016290187835693e-01
1.156097352504730225e-01
1.156179010868072510e-01
1.156260967254638672e-01
1.156342327594757080e-01
1.156423985958099365e-01
1.156505942344665527e-01
1.156587302684783936e-01
1.156668663024902344e-01
1.156750917434692383e-01
1.156832277774810791e-01
1.156913638114929199e-01
1.156995892524719238e-01
1.157077252864837646e-01
1.157159209251403809e-01
1.157240867614746094e-01
1.157321631908416748e-01
1.157403588294982910e-01
1.157485246658325195e-01
1.157567501068115234e-01
1.157649159431457520e-01
1.157730519771575928e-01
1.157812476158142090e-01
1.157893836498260498e-01
1.157974898815155029e-01
1.158057451248168945e-01
1.158138811588287354e-01
1.158219873905181885e-01
1.158302128314971924e-01
1.158383786678314209e-01
1.158465445041656494e-01
1.158546805381774902e-01
1.158628463745117188e-01
1.158709824085235596e-01
1.158791780471801758e-01
1.158873438835144043e-01
1.158955097198486328e-01
1.159037351608276367e-01
1.159118115901947021e-01
1.159199774265289307e-01
1.159282326698303223e-01
1.159363090991973877e-01
1.159445345401763916e-01
1.159526109695434570e-01
1.159608066082000732e-01
1.159689724445343018e-01
1.159771382808685303e-01
1.159852743148803711e-01
1.159934699535369873e-01
1.160016059875488281e-01
1.160097718238830566e-01
1.160179972648620605e-01
1.160261034965515137e-01
1.160342693328857422e-01
1.160424649715423584e-01
1.160506010055541992e-01
1.160588264465332031e-01
1.160669326782226562e-01
1.160750985145568848e-01
1.160832345485687256e-01
1.160914599895477295e-01
1.160995662212371826e-01
1.161078214645385742e-01
1.161159276962280273e-01
1.161241233348846436e-01
1.161323189735412598e-01
1.161404550075531006e-01
1.161486208438873291e-01
1.161567866802215576e-01
1.161649823188781738e-01
1.161730885505676270e-01
1.161812841892242432e-01
1.161894798278808594e-01
1.161976158618927002e-01
1.162057518959045410e-01
1.162140071392059326e-01
1.162221431732177734e-01
1.162303388118743896e-01
1.162385642528533936e-01
1.162467002868652344e-01
1.162548363208770752e-01
1.162630915641784668e-01
1.162712275981903076e-01
1.162794232368469238e-01
1.162875592708587646e-01
1.162957251071929932e-01
1.163039207458496094e-01
1.163121163845062256e-01
1.163202524185180664e-01
1.163284778594970703e-01
1.163366138935089111e-01
1.163448691368103027e-01
1.163530051708221436e-01
1.163612008094787598e-01
1.163693368434906006e-01
1.163775622844696045e-01
1.163857877254486084e-01
1.163939833641052246e-01
1.164021193981170654e-01
1.164103150367736816e-01
1.164185106754302979e-01
1.164266467094421387e-01
1.164349019527435303e-01
1.164430379867553711e-01
1.164512336254119873e-01
1.164594590663909912e-01
1.164676845073699951e-01
1.164758503437042236e-01
1.164839565753936768e-01
1.164922416210174561e-01
1.165004074573516846e-01
1.165086328983306885e-01
1.165167987346649170e-01
1.165250241756439209e-01
1.165331900119781494e-01
1.165413856506347656e-01
1.165496110916137695e-01
1.165577769279479980e-01
1.165660023689270020e-01
1.165741980075836182e-01
1.165823936462402344e-01
1.165906190872192383e-01
1.165988147258758545e-01
1.166070401668548584e-01
1.166152358055114746e-01
1.166234016418457031e-01
1.166315972805023193e-01
1.166398823261260986e-01
1.166481077671051025e-01
1.166562438011169434e-01
1.166644394397735596e-01
1.166726648807525635e-01
1.166808903217315674e-01
1.166891455650329590e-01
1.166973710060119629e-01
1.167055368423461914e-01
1.167137324810028076e-01
1.167219579219818115e-01
1.167302429676055908e-01
1.167384684085845947e-01
1.167467236518859863e-01
1.167548894882202148e-01
1.167631447315216064e-01
1.167713403701782227e-01
1.167795658111572266e-01
1.167878210544586182e-01
1.167960166931152344e-01
1.168042719364166260e-01
1.168124377727508545e-01
1.168207228183746338e-01
1.168289482593536377e-01
1.168372035026550293e-01
1.168453991413116455e-01
1.168536841869354248e-01
1.168619096279144287e-01
1.168701350688934326e-01
1.168783605098724365e-01
1.168866157531738281e-01
1.168949007987976074e-01
1.169031560420989990e-01
1.169113516807556152e-01
1.169196069240570068e-01
1.169278025627136230e-01
1.169361174106597900e-01
1.169444024562835693e-01
1.169526278972625732e-01
1.169608533382415771e-01
1.169691681861877441e-01
1.169774532318115234e-01
1.169856190681457520e-01
1.169938743114471436e-01
1.170021593570709229e-01
1.170104444026947021e-01
1.170186400413513184e-01
1.170269548892974854e-01
1.170352101325988770e-01
1.170434951782226562e-01
1.170517802238464355e-01
1.170600652694702148e-01
1.170683503150939941e-01
1.170766353607177734e-01
1.170849204063415527e-01
1.170931458473205566e-01
1.171014308929443359e-01
1.171096563339233398e-01
1.171180009841918945e-01
1.171262860298156738e-01
1.171345114707946777e-01
1.171428561210632324e-01
1.171511411666870117e-01
1.171593964099884033e-01
1.171677112579345703e-01
1.171760261058807373e-01
1.171842813491821289e-01
1.171925961971282959e-01
1.172008812427520752e-01
1.172091960906982422e-01
1.172174811363220215e-01
1.172257661819458008e-01
1.172341108322143555e-01
1.172424554824829102e-01
1.172507107257843018e-01
1.172590255737304688e-01
1.172674000263214111e-01
1.172757148742675781e-01
1.172839701175689697e-01
1.172923147678375244e-01
1.173006296157836914e-01
1.173089146614074707e-01
1.173172593116760254e-01
1.173255145549774170e-01
1.173339188098907471e-01
1.173422634601593018e-01
1.173505783081054688e-01
1.173588931560516357e-01
1.173672080039978027e-01
1.173755526542663574e-01
1.173838675022125244e-01
1.173922419548034668e-01
1.174005866050720215e-01
1.174088716506958008e-01
1.174172759056091309e-01
1.174256205558776855e-01
1.174339652061462402e-01
1.174423396587371826e-01
1.174506247043609619e-01
1.174589991569519043e-01
1.174674034118652344e-01
1.174757182598114014e-01
1.174840629100799561e-01
1.174924373626708984e-01
1.175008118152618408e-01
1.175091564655303955e-01
1.175175309181213379e-01
1.175258755683898926e-01
1.175342202186584473e-01
1.175426840782165527e-01
1.175509393215179443e-01
1.175594031810760498e-01
1.175677776336669922e-01
1.175761818885803223e-01
1.175846159458160400e-01
1.175929605960845947e-01
1.176013350486755371e-01
1.176097691059112549e-01
1.176180839538574219e-01
1.176264882087707520e-01
1.176349222660064697e-01
1.176432967185974121e-01
1.176516711711883545e-01
1.176601052284240723e-01
1.176685690879821777e-01
1.176769733428955078e-01
1.176853477954864502e-01
1.176937818527221680e-01
1.177021265029907227e-01
1.177106201648712158e-01
1.177190244197845459e-01
1.177274286746978760e-01
1.177358627319335938e-01
1.177442669868469238e-01
1.177527308464050293e-01
1.177611947059631348e-01
1.177695691585540771e-01
1.177779734134674072e-01
1.177864074707031250e-01
1.177949309349060059e-01
1.178033351898193359e-01
1.178117990493774414e-01
1.178202033042907715e-01
1.178287267684936523e-01
1.178371310234069824e-01
1.178455948829650879e-01
1.178540289402008057e-01
1.178624629974365234e-01
1.178709566593170166e-01
1.178794503211975098e-01
1.178879439830780029e-01
1.178964376449584961e-01
1.179049015045166016e-01
1.179132759571075439e-01
1.179217994213104248e-01
1.179302930831909180e-01
1.179387569427490234e-01
1.179472208023071289e-01
1.179556846618652344e-01
1.179642081260681152e-01
1.179727613925933838e-01
1.179812252521514893e-01
1.179896891117095947e-01
1.179981827735900879e-01
1.180067360401153564e-01
1.180151998996734619e-01
1.180237531661987305e-01
1.180322170257568359e-01
1.180406808853149414e-01
1.180492341518402100e-01
1.180578172206878662e-01
1.180662810802459717e-01
1.180748045444488525e-01
1.180833578109741211e-01
1.180919110774993896e-01
1.181004345417022705e-01
1.181089580059051514e-01
1.181175112724304199e-01
1.181260049343109131e-01
1.181345880031585693e-01
1.181431412696838379e-01
1.181517243385314941e-01
1.181602776050567627e-01
1.181687712669372559e-01
1.181773543357849121e-01
1.181858777999877930e-01
1.181944310665130615e-01
1.182030141353607178e-01
1.182116568088531494e-01
1.182201802730560303e-01
1.182287931442260742e-01
1.182373762130737305e-01
1.182458996772766113e-01
1.182544827461242676e-01
1.182631552219390869e-01
1.182717382907867432e-01
1.182802915573120117e-01
1.182888448238372803e-01
1.182974874973297119e-01
1.183060705661773682e-01
1.183146536350250244e-01
1.183233559131622314e-01
1.183318793773651123e-01
1.183405220508575439e-01
1.183491349220275879e-01
1.183578073978424072e-01
1.183663904666900635e-01
1.183750331401824951e-01
1.183836162090301514e-01
1.183922588825225830e-01
1.184009611606597900e-01
1.184095740318298340e-01
1.184181869029998779e-01
1.184268593788146973e-01
1.184355020523071289e-01
1.184441447257995605e-01
1.184528470039367676e-01
1.184614300727844238e-01
1.184701025485992432e-01
1.184788048267364502e-01
1.184874773025512695e-01
1.184961497783660889e-01
1.185047924518585205e-01
1.185134649276733398e-01
1.185221970081329346e-01
1.185308694839477539e-01
1.185395419597625732e-01
1.185482144355773926e-01
1.185569167137145996e-01
1.185656785964965820e-01
1.185743808746337891e-01
1.185830235481262207e-01
1.185917258262634277e-01
1.186004579067230225e-01
1.186092197895050049e-01
1.186178922653198242e-01
1.186266541481018066e-01
1.186354160308837891e-01
1.186441481113433838e-01
1.186528205871582031e-01
1.186615228652954102e-01
1.186703145503997803e-01
1.186790466308593750e-01
1.186878085136413574e-01
1.186965405941009521e-01
1.187053024768829346e-01
1.187140941619873047e-01
1.187227964401245117e-01
1.187315881252288818e-01
1.187403500080108643e-01
1.187491416931152344e-01
1.187579333782196045e-01
1.187666952610015869e-01
1.187754571437835693e-01
1.187842786312103271e-01
1.187930703163146973e-01
1.188018620014190674e-01
1.188106834888458252e-01
1.188194453716278076e-01
1.188282668590545654e-01
1.188370883464813232e-01
1.188459098339080811e-01
1.188547313213348389e-01
1.188635230064392090e-01
1.188723742961883545e-01
1.188811659812927246e-01
1.188900172710418701e-01
1.188988387584686279e-01
1.189077496528625488e-01
1.189165413379669189e-01
1.189254224300384521e-01
1.189343035221099854e-01
1.189430654048919678e-01
1.189519762992858887e-01
1.189607679843902588e-01
1.189696788787841797e-01
1.189785897731781006e-01
1.189874410629272461e-01
1.189963817596435547e-01
1.190052330493927002e-01
1.190140843391418457e-01
1.190230250358581543e-01
1.190319061279296875e-01
1.190408170223236084e-01
1.190497279167175293e-01
1.190586090087890625e-01
1.190675497055053711e-01
1.190764009952545166e-01
1.190854012966156006e-01
1.190943121910095215e-01
1.191031932830810547e-01
1.191121339797973633e-01
1.191210746765136719e-01
1.191300749778747559e-01
1.191389560699462891e-01
1.191478967666625977e-01
1.191568970680236816e-01
1.191658973693847656e-01
1.191748678684234619e-01
1.191837489604949951e-01
1.191928088665008545e-01
1.192018091678619385e-01
1.192107200622558594e-01
1.192196905612945557e-01
1.192287206649780273e-01
1.192377209663391113e-01
1.192467212677001953e-01
1.192556619644165039e-01
1.192647218704223633e-01
1.192737221717834473e-01
1.192827224731445312e-01
1.192917823791503906e-01
1.193008124828338623e-01
1.193098425865173340e-01
1.193188130855560303e-01
1.193278729915618896e-01
1.193368732929229736e-01
1.193459630012512207e-01
1.193549931049346924e-01
1.193640530109405518e-01
1.193731427192687988e-01
1.193822026252746582e-01
1.193913221359252930e-01
1.194003224372863770e-01
1.194094121456146240e-01
1.194185614585876465e-01
1.194275915622711182e-01
1.194366812705993652e-01
1.194458007812500000e-01
1.194548904895782471e-01
1.194640100002288818e-01
1.194731891155242920e-01
1.194822490215301514e-01
1.194913983345031738e-01
1.195005178451538086e-01
1.195095479488372803e-01
1.195187568664550781e-01
1.195279061794281006e-01
1.195370852947235107e-01
1.195461750030517578e-01
1.195553243160247803e-01
1.195645630359649658e-01
1.195736527442932129e-01
1.195828616619110107e-01
1.195920109748840332e-01
1.196012198925018311e-01
1.196103692054748535e-01
1.196195781230926514e-01
1.196287870407104492e-01
1.196379661560058594e-01
1.196471452713012695e-01
1.196564137935638428e-01
1.196655929088592529e-01
1.196748018264770508e-01
1.196840703487396240e-01
1.196932792663574219e-01
1.197025179862976074e-01
1.197117269039154053e-01
1.197209656238555908e-01
1.197302639484405518e-01
1.197395026683807373e-01
1.197488009929656982e-01
1.197580099105834961e-01
1.197673380374908447e-01
1.197766065597534180e-01
1.197858452796936035e-01
1.197951436042785645e-01
1.198044121265411377e-01
1.198137104511260986e-01
1.198230683803558350e-01
1.198323071002960205e-01
1.198416352272033691e-01
1.198509931564331055e-01
1.198602914810180664e-01
1.198695600032806396e-01
1.198789477348327637e-01
1.198883056640625000e-01
1.198976337909698486e-01
1.199069917201995850e-01
1.199163198471069336e-01
1.199257373809814453e-01
1.199350655078887939e-01
1.199443936347961426e-01
1.199538707733154297e-01
1.199631690979003906e-01
1.199726164340972900e-01
1.199819743633270264e-01
1.199913918972015381e-01
1.200008094310760498e-01
1.200102269649505615e-01
1.200196444988250732e-01
1.200290024280548096e-01
1.200384497642517090e-01
1.200478971004486084e-01
1.200573146343231201e-01
1.200667619705200195e-01
1.200762391090393066e-01
1.200856566429138184e-01
1.200951635837554932e-01
1.201046109199523926e-01
1.201140880584716797e-01
1.201236248016357422e-01
1.201330125331878662e-01
1.201425790786743164e-01
1.201520264148712158e-01
1.201615631580352783e-01
1.201710104942321777e-01
1.201805472373962402e-01
1.201900541782379150e-01
1.201996505260467529e-01
1.202090978622436523e-01
1.202186644077301025e-01
1.202281713485717773e-01
1.202377676963806152e-01
1.202473044395446777e-01
1.202568709850311279e-01
1.202664375305175781e-01
1.202760338783264160e-01
1.202856302261352539e-01
1.202951967716217041e-01
1.203047633171081543e-01
1.203143596649169922e-01
1.203239858150482178e-01
1.203335821628570557e-01
1.203432381153106689e-01
1.203528344631195068e-01
1.203624606132507324e-01
1.203720569610595703e-01
1.203817427158355713e-01
1.203913688659667969e-01
1.204009950160980225e-01
1.204106509685516357e-01
1.204203367233276367e-01
1.204299628734588623e-01
1.204396486282348633e-01
1.204493641853332520e-01
1.204590499401092529e-01
1.204687356948852539e-01
1.204784512519836426e-01
1.204881966114044189e-01
1.204979419708251953e-01
1.205075681209564209e-01
1.205173432826995850e-01
1.205270290374755859e-01
1.205367743968963623e-01
1.205465495586395264e-01
1.205562949180603027e-01
1.205660104751586914e-01
1.205757856369018555e-01
1.205855906009674072e-01
1.205953359603881836e-01
1.206051409244537354e-01
1.206148564815521240e-01
1.206247210502624512e-01
1.206345558166503906e-01
1.206443011760711670e-01
1.206541657447814941e-01
1.206639409065246582e-01
1.206738054752349854e-01
1.206836402416229248e-01
1.206935048103332520e-01
1.207033395767211914e-01
1.207132041454315186e-01
1.207231283187866211e-01
1.207329630851745605e-01
1.207427978515625000e-01
1.207527220249176025e-01
1.207625865936279297e-01
1.207725107669830322e-01
1.207823753356933594e-01
1.207922995090484619e-01
1.208022236824035645e-01
1.208121776580810547e-01
1.208220720291137695e-01
1.208319962024688721e-01
1.208420395851135254e-01
1.208519339561462402e-01
1.208618879318237305e-01
1.208718419075012207e-01
1.208818554878234863e-01
1.208918392658233643e-01
1.209018230438232422e-01
1.209118366241455078e-01
1.209217905998229980e-01
1.209318041801452637e-01
1.209418177604675293e-01
1.209518611431121826e-01
1.209619045257568359e-01
1.209719181060791016e-01
1.209819316864013672e-01
1.209920048713684082e-01
1.210020780563354492e-01
1.210121512413024902e-01
1.210222244262695312e-01
1.210322976112365723e-01
1.210423707962036133e-01
1.210524737834930420e-01
1.210625469684600830e-01
1.210726499557495117e-01
1.210828125476837158e-01
1.210929453372955322e-01
1.211031079292297363e-01
1.211132407188415527e-01
1.211233437061309814e-01
1.211335062980651855e-01
1.211436986923217773e-01
1.211538016796112061e-01
1.211639940738677979e-01
1.211742162704467773e-01
1.211844086647033691e-01
1.211945414543151855e-01
1.212048232555389404e-01
1.212150156497955322e-01
1.212252080440521240e-01
1.212354600429534912e-01
1.212456822395324707e-01
1.212559044361114502e-01
1.212661862373352051e-01
1.212764978408813477e-01
1.212866902351379395e-01
1.212969422340393066e-01
1.213072538375854492e-01
1.213175654411315918e-01
1.213278770446777344e-01
1.213381588459014893e-01
1.213485002517700195e-01
1.213587522506713867e-01
1.213691234588623047e-01
1.213794350624084473e-01
1.213898062705993652e-01
1.214001178741455078e-01
1.214105188846588135e-01
1.214208602905273438e-01
1.214312314987182617e-01
1.214416027069091797e-01
1.214520335197448730e-01
1.214624047279357910e-01
1.214728653430938721e-01
1.214832365512847900e-01
1.214936673641204834e-01
1.215040683746337891e-01
1.215144991874694824e-01
1.215249598026275635e-01
1.215354204177856445e-01
1.215459406375885010e-01
1.215564012527465820e-01
1.215668618679046631e-01
1.215773820877075195e-01
1.215878427028656006e-01
1.215983331203460693e-01
1.216088235378265381e-01
1.216194033622741699e-01
1.216298937797546387e-01
1.216404736042022705e-01
1.216510236263275146e-01
1.216616034507751465e-01
1.216721534729003906e-01
1.216827332973480225e-01
1.216932833194732666e-01
1.217038631439208984e-01
1.217144131660461426e-01
1.217250525951385498e-01
1.217356622219085693e-01
1.217462718486785889e-01
1.217569112777709961e-01
1.217675805091857910e-01
1.217781901359558105e-01
1.217888295650482178e-01
1.217995285987854004e-01
1.218102276325225830e-01
1.218208372592926025e-01
1.218315660953521729e-01
1.218422353267669678e-01
1.218529641628265381e-01
1.218636929988861084e-01
1.218744516372680664e-01
1.218851506710052490e-01
1.218958497047424316e-01
1.219066083431243896e-01
1.219173669815063477e-01
1.219281554222106934e-01
1.219389438629150391e-01
1.219496428966522217e-01
1.219605505466461182e-01
1.219713091850280762e-01
1.219820976257324219e-01
1.219929158687591553e-01
1.220037043094635010e-01
1.220145821571350098e-01
1.220254600048065186e-01
1.220362782478332520e-01
1.220471262931823730e-01
1.220580339431762695e-01
1.220689415931701660e-01
1.220798194408416748e-01
1.220906972885131836e-01
1.221016049385070801e-01
1.221125125885009766e-01
1.221233904361724854e-01
1.221343874931335449e-01
1.221453547477722168e-01
1.221562623977661133e-01
1.221672594547271729e-01
1.221782267093658447e-01
1.221891641616821289e-01
1.222001314163208008e-01
1.222111582756042480e-01
1.222222149372100830e-01
1.222332119941711426e-01
1.222442388534545898e-01
1.222553253173828125e-01
1.222663521766662598e-01
1.222773790359497070e-01
1.222884654998779297e-01
1.222995221614837646e-01
1.223105788230895996e-01
1.223216950893402100e-01
1.223327815532684326e-01
1.223439276218414307e-01
1.223550140857696533e-01
1.223662197589874268e-01
1.223773062229156494e-01
1.223884522914886475e-01
1.223995983600616455e-01
1.224107444286346436e-01
1.224219501018524170e-01
1.224331259727478027e-01
1.224443614482879639e-01
1.224555373191833496e-01
1.224667131900787354e-01
1.224780380725860596e-01
1.224892437458038330e-01
1.225004494190216064e-01
1.225117743015289307e-01
1.225229799747467041e-01
1.225342750549316406e-01
1.225455701351165771e-01
1.225568652153015137e-01
1.225681602954864502e-01
1.225794255733489990e-01
1.225908100605010986e-01
1.226021647453308105e-01
1.226134896278381348e-01
1.226247847080230713e-01
1.226361691951751709e-01
1.226475536823272705e-01
1.226589679718017578e-01
1.226703524589538574e-01
1.226817369461059570e-01
1.226931512355804443e-01
1.227045655250549316e-01
1.227160394191741943e-01
1.227274835109710693e-01
1.227389276027679443e-01
1.227503716945648193e-01
1.227618455886840820e-01
1.227732896804809570e-01
1.227847933769226074e-01
1.227963864803314209e-01
1.228078007698059082e-01
1.228194236755371094e-01
1.228309273719787598e-01
1.228424906730651855e-01
1.228539943695068359e-01
1.228654682636260986e-01
1.228771805763244629e-01
1.228887140750885010e-01
1.229003369808197021e-01
1.229119300842285156e-01
1.229235827922821045e-01
1.229351758956909180e-01
1.229467988014221191e-01
1.229584515094757080e-01
1.229700744152069092e-01
1.229818165302276611e-01
1.229934692382812500e-01
1.230051815509796143e-01
1.230168640613555908e-01
1.230285763740539551e-01
1.230402588844299316e-01
1.230520009994506836e-01
1.230638027191162109e-01
1.230754852294921875e-01
1.230873465538024902e-01
1.230990886688232422e-01
1.231108605861663818e-01
1.231226027011871338e-01
1.231344640254974365e-01
1.231462657451629639e-01
1.231580972671508789e-01
1.231699883937835693e-01
1.231818199157714844e-01
1.231936216354370117e-01
1.232054829597473145e-01
1.232174336910247803e-01
1.232293546199798584e-01
1.232412457466125488e-01
1.232531368732452393e-01
1.232650876045227051e-01
1.232769489288330078e-01
1.232889592647552490e-01
1.233009099960327148e-01
1.233128905296325684e-01
1.233248710632324219e-01
1.233368813991546631e-01
1.233488619327545166e-01
1.233608722686767578e-01
1.233729422092437744e-01
1.233850121498107910e-01
1.233969926834106445e-01
1.234090626239776611e-01
1.234211325645446777e-01
1.234332323074340820e-01
1.234453320503234863e-01
1.234574615955352783e-01
1.234695613384246826e-01
1.234816610813140869e-01
1.234938204288482666e-01
1.235060095787048340e-01
1.235180795192718506e-01
1.235302686691284180e-01
1.235424876213073730e-01
1.235546469688415527e-01
1.235668957233428955e-01
1.235790848731994629e-01
1.235913336277008057e-01
1.236035823822021484e-01
1.236158311367034912e-01
1.236281096935272217e-01
1.236403882503509521e-01
1.236526966094970703e-01
1.236649751663208008e-01
1.236772835254669189e-01
1.236896216869354248e-01
1.237019300460815430e-01
1.237142980098724365e-01
1.237266063690185547e-01
1.237390041351318359e-01
1.237514019012451172e-01
1.237637996673583984e-01
1.237761974334716797e-01
1.237885951995849609e-01
1.238010525703430176e-01
1.238134801387786865e-01
1.238259375095367432e-01
1.238383948802947998e-01
1.238509118556976318e-01
1.238633394241333008e-01
1.238759160041809082e-01
1.238884031772613525e-01
1.239009201526641846e-01
1.239134371280670166e-01
1.239259541034698486e-01
1.239385604858398438e-01
1.239511370658874512e-01
1.239637434482574463e-01
1.239763200283050537e-01
1.239889562129974365e-01
1.240015625953674316e-01
1.240141689777374268e-01
1.240268051624298096e-01
1.240394711494445801e-01
1.240521967411041260e-01
1.240648329257965088e-01
1.240775585174560547e-01
1.240902543067932129e-01
1.241029202938079834e-01
1.241157054901123047e-01
1.241284608840942383e-01
1.241412162780761719e-01
1.241539716720581055e-01
1.241667270660400391e-01
1.241795718669891357e-01
1.241923272609710693e-01
1.242051422595977783e-01
1.242180168628692627e-01
1.242308318614959717e-01
1.242437362670898438e-01
1.242565512657165527e-01
1.242694854736328125e-01
1.242823898792266846e-01
1.242952644824981689e-01
1.243082284927368164e-01
1.243211328983306885e-01
1.243340373039245605e-01
1.243469417095184326e-01
1.243600249290466309e-01
1.243729889392852783e-01
1.243860423564910889e-01
1.243990361690521240e-01
1.244120001792907715e-01
1.244250833988189697e-01
1.244381070137023926e-01
1.244511902332305908e-01
1.244642138481140137e-01
1.244772970676422119e-01
1.244903504848480225e-01
1.245035231113433838e-01
1.245166659355163574e-01
1.245297491550445557e-01
1.245429515838623047e-01
1.245560944080352783e-01
1.245692670345306396e-01
1.245824694633483887e-01
1.245956420898437500e-01
1.246089339256286621e-01
1.246221661567687988e-01
1.246354579925537109e-01
1.246486306190490723e-01
1.246619224548339844e-01
1.246752142906188965e-01
1.246884763240814209e-01
1.247017681598663330e-01
1.247150897979736328e-01
1.247284412384033203e-01
1.247417628765106201e-01
1.247551441192626953e-01
1.247685551643371582e-01
1.247819364070892334e-01
1.247953474521636963e-01
1.248087584972381592e-01
1.248221397399902344e-01
1.248356103897094727e-01
1.248490512371063232e-01
1.248625516891479492e-01
1.248760223388671875e-01
1.248895227909088135e-01
1.249030530452728271e-01
1.249165832996368408e-01
1.249300837516784668e-01
1.249436438083648682e-01
1.249571740627288818e-01
1.249707341194152832e-01
1.249843537807464600e-01
1.249979734420776367e-01
1.250115633010864258e-01
1.250253021717071533e-01
1.250388920307159424e-01
1.250525712966918945e-01
1.250662505626678467e-01
1.250799596309661865e-01
1.250935792922973633e-01
1.251073181629180908e-01
1.251211166381835938e-01
1.251348257064819336e-01
1.251486539840698242e-01
1.251623928546905518e-01
1.251762211322784424e-01
1.251899600028991699e-01
1.252036988735198975e-01
1.252176165580749512e-01
1.252314150333404541e-01
1.252453029155731201e-01
1.252591907978057861e-01
1.252730786800384521e-01
1.252869069576263428e-01
1.253008544445037842e-01
1.253148019313812256e-01
1.253287196159362793e-01
1.253426671028137207e-01
1.253566741943359375e-01
1.253706514835357666e-01
1.253846883773803711e-01
1.253986954689025879e-01
1.254127025604248047e-01
1.254267394542694092e-01
1.254407763481140137e-01
1.254548430442810059e-01
1.254689693450927734e-01
1.254830658435821533e-01
1.254971623420715332e-01
1.255112588405609131e-01
1.255254745483398438e-01
1.255396604537963867e-01
1.255537867546081543e-01
1.255679428577423096e-01
1.255821585655212402e-01
1.255964338779449463e-01
1.256106495857238770e-01
1.256248652935028076e-01
1.256391406059265137e-01
1.256534159183502197e-01
1.256677508354187012e-01
1.256820261478424072e-01
1.256962716579437256e-01
1.257106661796569824e-01
1.257250010967254639e-01
1.257393360137939453e-01
1.257537007331848145e-01
1.257681250572204590e-01
1.257825493812561035e-01
1.257969737052917480e-01
1.258114576339721680e-01
1.258259713649749756e-01
1.258403658866882324e-01
1.258548498153686523e-01
1.258693337440490723e-01
1.258838772773742676e-01
1.258983910083770752e-01
1.259129941463470459e-01
1.259275376796722412e-01
1.259420514106750488e-01
1.259566545486450195e-01
1.259712874889373779e-01
1.259858906269073486e-01
1.260005533695220947e-01
1.260152459144592285e-01
1.260298490524291992e-01
1.260445713996887207e-01
1.260592639446258545e-01
1.260739862918853760e-01
1.260887384414672852e-01
1.261034309864044189e-01
1.261182129383087158e-01
1.261329948902130127e-01
1.261478066444396973e-01
1.261625885963439941e-01
