8.626993298530578613e-01
8.626254200935363770e-01
8.625514507293701172e-01
8.624776005744934082e-01
8.624035120010375977e-01
8.623296022415161133e-01
8.622556328773498535e-01
8.621816635131835938e-01
8.621076941490173340e-01
8.620336055755615234e-01
8.619597554206848145e-01
8.618857860565185547e-01
8.618117570877075195e-01
8.617377281188964844e-01
8.616636991500854492e-01
8.615898489952087402e-01
8.615157604217529297e-01
8.614417314529418945e-01
8.613678216934204102e-01
8.612937331199645996e-01
8.612197637557983398e-01
8.611456751823425293e-01
8.610717058181762695e-01
8.609976768493652344e-01
8.609236478805541992e-01
8.608495593070983887e-01
8.607755303382873535e-01
8.607015609741210938e-01
8.606275320053100586e-01
8.605535030364990234e-01
8.604794740676879883e-01
8.604053854942321777e-01
8.603312969207763672e-01
8.602573275566101074e-01
8.601832985877990723e-01
8.601090908050537109e-01
8.600352406501770020e-01
8.599611520767211914e-01
8.598871231079101562e-01
8.598129749298095703e-01
8.597389459609985352e-01
8.596649169921875000e-01
8.595908880233764648e-01
8.595168590545654297e-01
8.594427108764648438e-01
8.593687415122985840e-01
8.592945933341979980e-01
8.592206239700317383e-01
8.591465950012207031e-01
8.590724468231201172e-01
8.589984178543090820e-01
8.589243888854980469e-01
8.588502407073974609e-01
8.587762117385864258e-01
8.587021827697753906e-01
8.586280941963195801e-01
8.585540652275085449e-01
8.584799766540527344e-01
8.584058880805969238e-01
8.583318591117858887e-01
8.582578301429748535e-01
8.581837415695190430e-01
8.581097126007080078e-01
8.580356836318969727e-01
8.579615354537963867e-01
8.578875064849853516e-01
8.578134179115295410e-01
8.577394485473632812e-01
8.576654195785522461e-01
8.575912714004516602e-01
8.575172424316406250e-01
8.574432730674743652e-01
8.573691844940185547e-01
8.572951555252075195e-01
8.572211265563964844e-01
8.571470975875854492e-01
8.570730090141296387e-01
8.569989800453186035e-01
8.569250106811523438e-01
8.568509221076965332e-01
8.567769527435302734e-01
8.567029237747192383e-01
8.566288948059082031e-01
8.565548658370971680e-01
8.564808368682861328e-01
8.564068078994750977e-01
8.563328385353088379e-01
8.562588691711425781e-01
8.561847209930419922e-01
8.561108112335205078e-01
8.560367822647094727e-01
8.559628725051879883e-01
8.558888435363769531e-01
8.558148741722106934e-01
8.557409048080444336e-01
8.556669354438781738e-01
8.555929064750671387e-01
8.555189371109008789e-01
8.554449677467346191e-01
8.553710579872131348e-01
8.552970886230468750e-01
8.552230596542358398e-01
8.551492691040039062e-01
8.550752401351928711e-01
8.550012707710266113e-01
8.549273610115051270e-01
8.548533916473388672e-01
8.547796010971069336e-01
8.547056913375854492e-01
8.546317815780639648e-01
8.545578718185424805e-01
8.544838428497314453e-01
8.544099330902099609e-01
8.543361425399780273e-01
8.542623519897460938e-01
8.541884422302246094e-01
8.541146516799926758e-01
8.540406823158264160e-01
8.539668321609497070e-01
8.538930416107177734e-01
8.538190722465515137e-01
8.537452220916748047e-01
8.536714315414428711e-01
8.535977005958557129e-01
8.535237312316894531e-01
8.534500002861022949e-01
8.533761501312255859e-01
8.533024787902832031e-01
8.532286882400512695e-01
8.531547784805297852e-01
8.530810475349426270e-01
8.530073165893554688e-01
8.529335260391235352e-01
8.528597950935363770e-01
8.527861237525939941e-01
8.527123928070068359e-01
8.526387214660644531e-01
8.525649309158325195e-01
8.524912595748901367e-01
8.524175882339477539e-01
8.523439168930053711e-01
8.522701263427734375e-01
8.521965742111206055e-01
8.521229028701782227e-01
8.520492315292358398e-01
8.519755601882934570e-01
8.519020080566406250e-01
8.518283367156982422e-01
8.517546653747558594e-01
8.516811132431030273e-01
8.516075611114501953e-01
8.515339493751525879e-01
8.514604568481445312e-01
8.513867855072021484e-01
8.513133525848388672e-01
8.512396812438964844e-01
8.511662483215332031e-01
8.510926961898803711e-01
8.510191440582275391e-01
8.509457707405090332e-01
8.508721590042114258e-01
8.507987260818481445e-01
8.507251739501953125e-01
8.506518602371215820e-01
8.505784273147583008e-01
8.505048751831054688e-01
8.504315018653869629e-01
8.503582477569580078e-01
8.502847552299499512e-01
8.502113223075866699e-01
8.501380681991577148e-01
8.500646352767944336e-01
8.499913215637207031e-01
8.499180078506469727e-01
8.498445749282836914e-01
8.497713208198547363e-01
8.496979475021362305e-01
8.496247529983520508e-01
8.495515584945678711e-01
8.494783639907836914e-01
8.494050502777099609e-01
8.493317365646362305e-01
8.492585420608520508e-01
8.491854071617126465e-01
8.491121530532836914e-01
8.490389585494995117e-01
8.489658832550048828e-01
8.488928079605102539e-01
8.488196134567260742e-01
8.487464189529418945e-01
8.486732840538024902e-01
8.486002683639526367e-01
8.485271930694580078e-01
8.484541773796081543e-01
8.483810424804687500e-01
8.483080863952636719e-01
8.482351303100585938e-01
8.481620550155639648e-01
8.480889797210693359e-01
8.480161428451538086e-01
8.479432463645935059e-01
8.478702902793884277e-01
8.477973937988281250e-01
8.477244973182678223e-01
8.476517200469970703e-01
8.475787043571472168e-01
8.475059270858764648e-01
8.474330902099609375e-01
8.473601341247558594e-01
8.472874164581298828e-01
8.472145795822143555e-01
8.471418619155883789e-01
8.470690250396728516e-01
8.469963669776916504e-01
8.469235897064208984e-01
8.468508720397949219e-01
8.467783331871032715e-01
8.467056155204772949e-01
8.466330170631408691e-01
8.465603590011596680e-01
8.464877605438232422e-01
8.464150428771972656e-01
8.463425636291503906e-01
8.462699651718139648e-01
8.461974859237670898e-01
8.461249470710754395e-01
8.460525274276733398e-01
8.459800481796264648e-01
8.459075689315795898e-01
8.458350896835327148e-01
8.457627296447753906e-01
8.456903100013732910e-01
8.456178307533264160e-01
8.455455303192138672e-01
8.454732894897460938e-01
8.454009294509887695e-01
8.453286290168762207e-01
8.452563285827636719e-01
8.451840877532958984e-01
8.451118469238281250e-01
8.450397253036499023e-01
8.449674248695373535e-01
8.448952436447143555e-01
8.448231220245361328e-01
8.447508811950683594e-01
8.446788787841796875e-01
8.446066379547119141e-01
8.445346355438232422e-01
8.444626331329345703e-01
8.443905711174011230e-01
8.443186283111572266e-01
8.442466259002685547e-01
8.441747426986694336e-01
8.441027402877807617e-01
8.440307974815368652e-01
8.439589738845825195e-01
8.438870906829833984e-01
8.438150882720947266e-01
8.437433242797851562e-01
8.436715602874755859e-01
8.435997366905212402e-01
8.435280323028564453e-01
8.434563875198364258e-01
8.433846235275268555e-01
8.433128595352172852e-01
8.432412147521972656e-01
8.431695103645324707e-01
8.430981040000915527e-01
8.430263996124267578e-01
8.429548144340515137e-01
8.428833484649658203e-01
8.428118228912353516e-01
8.427404165267944336e-01
8.426687717437744141e-01
8.425974845886230469e-01
8.425260782241821289e-01
8.424546122550964355e-01
8.423832058906555176e-01
8.423118591308593750e-01
8.422406315803527832e-01
8.421694040298461914e-01
8.420979976654052734e-01
8.420269489288330078e-01
8.419557213783264160e-01
8.418844938278198242e-01
8.418132662773132324e-01
8.417422175407409668e-01
8.416711091995239258e-01
8.416000604629516602e-01
8.415288925170898438e-01
8.414578437805175781e-01
8.413870334625244141e-01
8.413159847259521484e-01
8.412449955940246582e-01
8.411741256713867188e-01
8.411033153533935547e-01
8.410323858261108398e-01
8.409615755081176758e-01
8.408907651901245117e-01
8.408200144767761230e-01
8.407492637634277344e-01
8.406784534454345703e-01
8.406078219413757324e-01
8.405373096466064453e-01
8.404666185379028320e-01
8.403958082199096680e-01
8.403254747390747070e-01
8.402549028396606445e-01
8.401843309402465820e-01
8.401137590408325195e-01
8.400434255599975586e-01
8.399730920791625977e-01
8.399024009704589844e-01
8.398322463035583496e-01
8.397618532180786133e-01
8.396916389465332031e-01
8.396213054656982422e-01
8.395510911941528320e-01
8.394808769226074219e-01
8.394106626510620117e-01
8.393405675888061523e-01
8.392704725265502930e-01
8.392003774642944336e-01
8.391303420066833496e-01
8.390603065490722656e-01
8.389903306961059570e-01
8.389203548431396484e-01
8.388504981994628906e-01
8.387805819511413574e-01
8.387105464935302734e-01
8.386408686637878418e-01
8.385710716247558594e-01
8.385012149810791016e-01
8.384315371513366699e-01
8.383618593215942383e-01
8.382921814918518066e-01
8.382225036621093750e-01
8.381528854370117188e-01
8.380833864212036133e-01
8.380138874053955078e-01
8.379443883895874023e-01
8.378748297691345215e-01
8.378055095672607422e-01
8.377360701560974121e-01
8.376666903495788574e-01
8.375973701477050781e-01
8.375280499458312988e-01
8.374588489532470703e-01
8.373895883560180664e-01
8.373205065727233887e-01
8.372513055801391602e-01
8.371821045875549316e-01
8.371130824089050293e-01
8.370440006256103516e-01
8.369750380516052246e-01
8.369060754776000977e-01
8.368370532989501953e-01
8.367681503295898438e-01
8.366993665695190430e-01
8.366305828094482422e-01
8.365616202354431152e-01
8.364928960800170898e-01
8.364241123199462891e-01
8.363555669784545898e-01
8.362867832183837891e-01
8.362182378768920898e-01
8.361496925354003906e-01
8.360811471939086914e-01
8.360126018524169922e-01
8.359441757202148438e-01
8.358756899833679199e-01
8.358073234558105469e-01
8.357390165328979492e-01
8.356705904006958008e-01
8.356024026870727539e-01
8.355342149734497070e-01
8.354659080505371094e-01
8.353977203369140625e-01
8.353297710418701172e-01
8.352615833282470703e-01
8.351936340332031250e-01
8.351256251335144043e-01
8.350576162338256836e-01
8.349897265434265137e-01
8.349218368530273438e-01
8.348539471626281738e-01
8.347861766815185547e-01
8.347183465957641602e-01
8.346505761146545410e-01
8.345829844474792480e-01
8.345153331756591797e-01
8.344477415084838867e-01
8.343801498413085938e-01
8.343125581741333008e-01
8.342452049255371094e-01
8.341777324676513672e-01
8.341103196144104004e-01
8.340429067611694336e-01
8.339756727218627930e-01
8.339083194732666016e-01
8.338410854339599609e-01
8.337739706039428711e-01
8.337067961692810059e-01
8.336396217346191406e-01
8.335725069046020508e-01
8.335055112838745117e-01
8.334385156631469727e-01
8.333716988563537598e-01
8.333047628402709961e-01
8.332378864288330078e-01
8.331710100173950195e-01
8.331043720245361328e-01
8.330375552177429199e-01
8.329709768295288086e-01
8.329042196273803711e-01
8.328376412391662598e-01
8.327710628509521484e-01
8.327045440673828125e-01
8.326381444931030273e-01
8.325717449188232422e-01
8.325053453445434570e-01
8.324389457702636719e-01
8.323727846145629883e-01
8.323063850402832031e-01
8.322403430938720703e-01
8.321741223335266113e-01
8.321080207824707031e-01
8.320419192314147949e-01
8.319759368896484375e-01
8.319100141525268555e-01
8.318439722061157227e-01
8.317781686782836914e-01
8.317122459411621094e-01
8.316464424133300781e-01
8.315806388854980469e-01
8.315150737762451172e-01
8.314493894577026367e-01
8.313838243484497070e-01
8.313182592391967773e-01
8.312527537345886230e-01
8.311872482299804688e-01
8.311217427253723145e-01
8.310564756393432617e-01
8.309911489486694336e-01
8.309258222579956055e-01
8.308606147766113281e-01
8.307954072952270508e-01
8.307302594184875488e-01
8.306653499603271484e-01
8.306001424789428711e-01
8.305351734161376953e-01
8.304701447486877441e-01
8.304053544998168945e-01
8.303405046463012695e-01
8.302756547927856445e-01
8.302110433578491211e-01
8.301461935043334961e-01
8.300815820693969727e-01
8.300169110298156738e-01
8.299524188041687012e-01
8.298878669738769531e-01
8.298234343528747559e-01
8.297590017318725586e-01
8.296946287155151367e-01
8.296303749084472656e-01
8.295661211013793945e-01
8.295018672943115234e-01
8.294376134872436523e-01
8.293735980987548828e-01
8.293095827102661133e-01
8.292455673217773438e-01
8.291816115379333496e-01
8.291175365447998047e-01
8.290537595748901367e-01
8.289899826049804688e-01
8.289262056350708008e-01
8.288624882698059082e-01
8.287988901138305664e-01
8.287352323532104492e-01
8.286716938018798828e-01
8.286081552505493164e-01
8.285447359085083008e-01
8.284813165664672852e-01
8.284179568290710449e-01
8.283547163009643555e-01
8.282915353775024414e-01
8.282283544540405273e-01
8.281651735305786133e-01
8.281021118164062500e-01
8.280390501022338867e-01
8.279761075973510742e-01
8.279131054878234863e-01
8.278502225875854492e-01
8.277873992919921875e-01
8.277246952056884766e-01
8.276619315147399902e-01
8.275992870330810547e-01
8.275365829467773438e-01
8.274741172790527344e-01
8.274116516113281250e-01
8.273491859436035156e-01
8.272867798805236816e-01
8.272244930267333984e-01
8.271621465682983398e-01
8.270999193191528320e-01
8.270378112792968750e-01
8.269756436347961426e-01
8.269135951995849609e-01
8.268514871597290039e-01
8.267896771430969238e-01
8.267277479171752930e-01
8.266658782958984375e-01
8.266041278839111328e-01
8.265422582626342773e-01
8.264806866645812988e-01
8.264189958572387695e-01
8.263574838638305664e-01
8.262959122657775879e-01
8.262344598770141602e-01
8.261730074882507324e-01
8.261116743087768555e-01
8.260504603385925293e-01
8.259890675544738770e-01
8.259280920028686523e-01
8.258668780326843262e-01
8.258059024810791016e-01
8.257448673248291016e-01
8.256839513778686523e-01
8.256229162216186523e-01
8.255621194839477539e-01
8.255013227462768555e-01
8.254405856132507324e-01
8.253799676895141602e-01
8.253194093704223633e-01
8.252588510513305664e-01
8.251982927322387695e-01
8.251378536224365234e-01
8.250774145126342773e-01
8.250172138214111328e-01
8.249567747116088867e-01
8.248966932296752930e-01
8.248366117477416992e-01
8.247764706611633301e-01
8.247164487838745117e-01
8.246564865112304688e-01
8.245965242385864258e-01
8.245366811752319336e-01
8.244768381118774414e-01
8.244171142578125000e-01
8.243575692176818848e-01
8.242978453636169434e-01
8.242383003234863281e-01
8.241788148880004883e-01
8.241194486618041992e-01
8.240599632263183594e-01
8.240006566047668457e-01
8.239414691925048828e-01
8.238822221755981445e-01
8.238230943679809570e-01
8.237639665603637695e-01
8.237049579620361328e-01
8.236460089683532715e-01
8.235871791839599609e-01
8.235282301902770996e-01
8.234696388244628906e-01
8.234108090400695801e-01
8.233520984649658203e-01
8.232935667037963867e-01
8.232350349426269531e-01
8.231765031814575195e-01
8.231180906295776367e-01
8.230597376823425293e-01
8.230013847351074219e-01
8.229432106018066406e-01
8.228850364685058594e-01
8.228269219398498535e-01
8.227689266204833984e-01
8.227108716964721680e-01
8.226529359817504883e-01
8.225951194763183594e-01
8.225373029708862305e-01
8.224796056747436523e-01
8.224219083786010742e-01
8.223643302917480469e-01
8.223067522048950195e-01
8.222491741180419922e-01
8.221917152404785156e-01
8.221343755722045898e-01
8.220772147178649902e-01
8.220199346542358398e-01
8.219627141952514648e-01
8.219056129455566406e-01
8.218486309051513672e-01
8.217915296554565430e-01
8.217346668243408203e-01
8.216777443885803223e-01
8.216209411621093750e-01
8.215642571449279785e-01
8.215076327323913574e-01
8.214509487152099609e-01
8.213944435119628906e-01
8.213379979133605957e-01
8.212816715240478516e-01
8.212252855300903320e-01
8.211688399314880371e-01
8.211127519607543945e-01
8.210564851760864258e-01
8.210004568099975586e-01
8.209444284439086914e-01
8.208884596824645996e-01
8.208326101303100586e-01
8.207767009735107422e-01
8.207209110260009766e-01
8.206651210784912109e-01
8.206096291542053223e-01
8.205539584159851074e-01
8.204984068870544434e-01
8.204430341720581055e-01
8.203876614570617676e-01
8.203322887420654297e-01
8.202770948410034180e-01
8.202219009399414062e-01
8.201668262481689453e-01
8.201116919517517090e-01
8.200567364692687988e-01
8.200016617774963379e-01
8.199468851089477539e-01
8.198920488357543945e-01
8.198373317718505859e-01
8.197826743125915527e-01
8.197280168533325195e-01
8.196735382080078125e-01
8.196190595626831055e-01
8.195647001266479492e-01
8.195103406906127930e-01
8.194560408592224121e-01
8.194018006324768066e-01
8.193477392196655273e-01
8.192936182022094727e-01
8.192396163940429688e-01
8.191857337951660156e-01
8.191317915916442871e-01
8.190780282020568848e-01
8.190242052078247070e-01
8.189705610275268555e-01
8.189169168472290039e-01
8.188633918762207031e-01
8.188099265098571777e-01
8.187566399574279785e-01
8.187031745910644531e-01
8.186500072479248047e-01
8.185967803001403809e-01
8.185436725616455078e-01
8.184905648231506348e-01
8.184375762939453125e-01
8.183845877647399902e-01
8.183318376541137695e-01
8.182789683341979980e-01
8.182263374328613281e-01
8.181735277175903320e-01
8.181209564208984375e-01
8.180684447288513184e-01
8.180159330368041992e-01
8.179635405540466309e-01
8.179112672805786133e-01
8.178590536117553711e-01
8.178068399429321289e-01
8.177545666694641113e-01
8.177026510238647461e-01
8.176506757736206055e-01
8.175987601280212402e-01
8.175469636917114258e-01
8.174952268600463867e-01
8.174433708190917969e-01
8.173918128013610840e-01
8.173402547836303711e-01
8.172886371612548828e-01
8.172371983528137207e-01
8.171858787536621094e-01
8.171346187591552734e-01
8.170833587646484375e-01
8.170320987701416016e-01
8.169810771942138672e-01
8.169300556182861328e-01
8.168790936470031738e-01
8.168282508850097656e-01
8.167773485183715820e-01
8.167266249656677246e-01
8.166760206222534180e-01
8.166253566741943359e-01
8.165746927261352539e-01
8.165243268013000488e-01
8.164739608764648438e-01
8.164236545562744141e-01
8.163732290267944336e-01
8.163230419158935547e-01
8.162730336189270020e-01
8.162229061126708984e-01
8.161729574203491211e-01
8.161230087280273438e-01
8.160731792449951172e-01
8.160233497619628906e-01
8.159736990928649902e-01
8.159240484237670898e-01
8.158744573593139648e-01
8.158249855041503906e-01
8.157756328582763672e-01
8.157261610031127930e-01
8.156769275665283203e-01
8.156276941299438477e-01
8.155785202980041504e-01
8.155293464660644531e-01
8.154804706573486328e-01
8.154314756393432617e-01
8.153825998306274414e-01
8.153337240219116211e-01
8.152850866317749023e-01
8.152364492416381836e-01
8.151878118515014648e-01
8.151392936706542969e-01
8.150907754898071289e-01
8.150423765182495117e-01
8.149941563606262207e-01
8.149459362030029297e-01
8.148977756500244141e-01
8.148496150970458984e-01
8.148014545440673828e-01
8.147535324096679688e-01
8.147056102752685547e-01
8.146579265594482422e-01
8.146101236343383789e-01
8.145624399185180664e-01
8.145148754119873047e-01
8.144671916961669922e-01
8.144198656082153320e-01
8.143724203109741211e-01
8.143250942230224609e-01
8.142778873443603516e-01
8.142306804656982422e-01
8.141835331916809082e-01
8.141365051269531250e-01
8.140895366668701172e-01
8.140426278114318848e-01
8.139958381652832031e-01
8.139489889144897461e-01
8.139022588729858398e-01
8.138557672500610352e-01
8.138091564178466797e-01
8.137626647949218750e-01
8.137162923812866211e-01
8.136699199676513672e-01
8.136237263679504395e-01
8.135774135589599609e-01
8.135312795639038086e-01
8.134852647781372070e-01
8.134392499923706055e-01
8.133933544158935547e-01
8.133474588394165039e-01
8.133017420768737793e-01
8.132560253143310547e-01
8.132103681564331055e-01
8.131647706031799316e-01
8.131193518638610840e-01
8.130738735198974609e-01
8.130285739898681641e-01
8.129831552505493164e-01
8.129380941390991211e-01
8.128930330276489258e-01
8.128479719161987305e-01
8.128027915954589844e-01
8.127580881118774414e-01
8.127130866050720215e-01
8.126682043075561523e-01
8.126235008239746094e-01
8.125789761543273926e-01
8.125343322753906250e-01
8.124898672103881836e-01
8.124454021453857422e-01
8.124011158943176270e-01
8.123567104339599609e-01
8.123125433921813965e-01
8.122683167457580566e-01
8.122243881225585938e-01
8.121803402900695801e-01
8.121364116668701172e-01
8.120924830436706543e-01
8.120486140251159668e-01
8.120049238204956055e-01
8.119612932205200195e-01
8.119177222251892090e-01
8.118742704391479492e-01
8.118307590484619141e-01
8.117874860763549805e-01
8.117440938949584961e-01
8.117009401321411133e-01
8.116576671600341797e-01
8.116146326065063477e-01
8.115715980529785156e-01
8.115286827087402344e-01
8.114857673645019531e-01
8.114429712295532227e-01
8.114002943038940430e-01
8.113576173782348633e-01
8.113149404525756836e-01
8.112725019454956055e-01
8.112300634384155273e-01
8.111876845359802246e-01
8.111453652381896973e-01
8.111031055450439453e-01
8.110609054565429688e-01
8.110188245773315430e-01
8.109768629074096680e-01
8.109348416328430176e-01
8.108929395675659180e-01
8.108511567115783691e-01
8.108093738555908203e-01
8.107677698135375977e-01
8.107260465621948242e-01
8.106845617294311523e-01
8.106430768966674805e-01
8.106015920639038086e-01
8.105603456497192383e-01
8.105190992355346680e-01
8.104779720306396484e-01
8.104368448257446289e-01
8.103957176208496094e-01
8.103547096252441406e-01
8.103138208389282227e-01
8.102730512619018555e-01
8.102321624755859375e-01
8.101915121078491211e-01
8.101509809494018555e-01
8.101104497909545898e-01
8.100698590278625488e-01
8.100294470787048340e-01
8.099890947341918945e-01
8.099489212036132812e-01
8.099086880683898926e-01
8.098685145378112793e-01
8.098284602165222168e-01
8.097884654998779297e-01
8.097486495971679688e-01
8.097086548805236816e-01
8.096688985824584961e-01
8.096292018890380859e-01
8.095895051956176758e-01
8.095498681068420410e-01
8.095103502273559570e-01
8.094708919525146484e-01
8.094315528869628906e-01
8.093922138214111328e-01
8.093529939651489258e-01
8.093138933181762695e-01
8.092746734619140625e-01
8.092356920242309570e-01
8.091968297958374023e-01
8.091578483581542969e-01
8.091189861297607422e-01
8.090803027153015137e-01
8.090416193008422852e-01
8.090030550956726074e-01
8.089644312858581543e-01
8.089259266853332520e-01
8.088874816894531250e-01
8.088492155075073242e-01
8.088109493255615234e-01
8.087727427482604980e-01
8.087345957756042480e-01
8.086965084075927734e-01
8.086584806442260742e-01
8.086206316947937012e-01
8.085827231407165527e-01
8.085448741912841797e-01
8.085072040557861328e-01
8.084696531295776367e-01
8.084319829940795898e-01
8.083944916725158691e-01
8.083570003509521484e-01
8.083196878433227539e-01
8.082822561264038086e-01
8.082451224327087402e-01
8.082078695297241211e-01
8.081707954406738281e-01
8.081337213516235352e-01
8.080967068672180176e-01
8.080598115921020508e-01
8.080229759216308594e-01
8.079861998558044434e-01
8.079494833946228027e-01
8.079128265380859375e-01
8.078762888908386230e-01
8.078398704528808594e-01
8.078033924102783203e-01
8.077670335769653320e-01
8.077307343482971191e-01
8.076944351196289062e-01
8.076583147048950195e-01
8.076221346855163574e-01
8.075860738754272461e-01
8.075500726699829102e-01
8.075143098831176758e-01
8.074784278869628906e-01
8.074426651000976562e-01
8.074069023132324219e-01
8.073713779449462891e-01
8.073357343673706055e-01
8.073002099990844727e-01
8.072646856307983398e-01
8.072293996810913086e-01
8.071941733360290527e-01
8.071588277816772461e-01
8.071236610412597656e-01
8.070885539054870605e-01
8.070535659790039062e-01
8.070185780525207520e-01
8.069836497306823730e-01
8.069487810134887695e-01
8.069140315055847168e-01
8.068794012069702148e-01
8.068447113037109375e-01
8.068100214004516602e-01
8.067755699157714844e-01
8.067411184310913086e-01
8.067066669464111328e-01
8.066725730895996094e-01
8.066382408142089844e-01
8.066040277481079102e-01
8.065698146820068359e-01
8.065358400344848633e-01
8.065018057823181152e-01
8.064678907394409180e-01
8.064340353012084961e-01
8.064001798629760742e-01
8.063664436340332031e-01
8.063327670097351074e-01
8.062992095947265625e-01
8.062655925750732422e-01
8.062320947647094727e-01
8.061988353729248047e-01
8.061653971672058105e-01
8.061321377754211426e-01
8.060989379882812500e-01
8.060657978057861328e-01
8.060326576232910156e-01
8.059996366500854492e-01
8.059666156768798828e-01
8.059337139129638672e-01
8.059009313583374023e-01
8.058680295944213867e-01
8.058353662490844727e-01
8.058027029037475586e-01
8.057701587677001953e-01
8.057376742362976074e-01
8.057051897048950195e-01
8.056728243827819824e-01
8.056403994560241699e-01
8.056081533432006836e-01
8.055759668350219727e-01
8.055437803268432617e-01
8.055117130279541016e-01
8.054797053337097168e-01
8.054478168487548828e-01
8.054158687591552734e-01
8.053840398788452148e-01
8.053522706031799316e-01
8.053203821182250977e-01
8.052889108657836914e-01
8.052572607994079590e-01
8.052258491516113281e-01
8.051942586898803711e-01
8.051629066467285156e-01
8.051314949989318848e-01
8.051002025604248047e-01
8.050689697265625000e-01
8.050378561019897461e-01
8.050067424774169922e-01
8.049758076667785645e-01
8.049447536468505859e-01
8.049137592315673828e-01
8.048829436302185059e-01
8.048522472381591797e-01
8.048214316368103027e-01
8.047908544540405273e-01
8.047601580619812012e-01
8.047295808792114258e-01
8.046990633010864258e-01
8.046687245368957520e-01
8.046383261680603027e-01
8.046081066131591797e-01
8.045778274536132812e-01
8.045476675033569336e-01
8.045175075531005859e-01
8.044874072074890137e-01
8.044574260711669922e-01
8.044273853302001953e-01
8.043974041938781738e-01
8.043676614761352539e-01
8.043378591537475586e-01
8.043081760406494141e-01
8.042784333229064941e-01
8.042489290237426758e-01
8.042193651199340820e-01
8.041899204254150391e-01
8.041604757308959961e-01
8.041312098503112793e-01
8.041018247604370117e-01
8.040726184844970703e-01
8.040434122085571289e-01
8.040142655372619629e-01
8.039851188659667969e-01
8.039561510086059570e-01
8.039271235466003418e-01
8.038982748985290527e-01
8.038694858551025391e-01
8.038406968116760254e-01
8.038120269775390625e-01
8.037832975387573242e-01
8.037546277046203613e-01
8.037260770797729492e-01
8.036975860595703125e-01
8.036690950393676758e-01
8.036407828330993652e-01
8.036124706268310547e-01
8.035840988159179688e-01
8.035559654235839844e-01
8.035278320312500000e-01
8.034997582435607910e-01
8.034715652465820312e-01
8.034436702728271484e-01
8.034156560897827148e-01
8.033878803253173828e-01
8.033599853515625000e-01
8.033322095870971680e-01
8.033045530319213867e-01
8.032768964767456055e-01
8.032492399215698242e-01
8.032217025756835938e-01
8.031941652297973633e-01
8.031667470932006836e-01
8.031393289566040039e-01
8.031120300292968750e-01
8.030847907066345215e-01
8.030576109886169434e-01
8.030304312705993652e-01
8.030033111572265625e-01
8.029762506484985352e-01
8.029492497444152832e-01
8.029223680496215820e-01
8.028954267501831055e-01
8.028686046600341797e-01
8.028417825698852539e-01
8.028150200843811035e-01
8.027883768081665039e-01
8.027617931365966797e-01
8.027351498603820801e-01
8.027086257934570312e-01
8.026821613311767578e-01
8.026558160781860352e-01
8.026294708251953125e-01
8.026030659675598145e-01
8.025768995285034180e-01
8.025507330894470215e-01
8.025244474411010742e-01
8.024984002113342285e-01
8.024722933769226074e-01
8.024464249610900879e-01
8.024204969406127930e-01
8.023945093154907227e-01
8.023687005043029785e-01
8.023428916931152344e-01
8.023172616958618164e-01
8.022915720939636230e-01
8.022658824920654297e-01
8.022402524948120117e-01
8.022148013114929199e-01
8.021893501281738281e-01
8.021639585494995117e-01
8.021385669708251953e-01
8.021131753921508789e-01
8.020879030227661133e-01
8.020627498626708984e-01
8.020375370979309082e-01
8.020123243331909180e-01
8.019873499870300293e-01
8.019623160362243652e-01
8.019373416900634766e-01
8.019124269485473633e-01
8.018875718116760254e-01
8.018627166748046875e-01
8.018379211425781250e-01
8.018132448196411133e-01
8.017885684967041016e-01
8.017638921737670898e-01
8.017393350601196289e-01
8.017147779464721680e-01
8.016903400421142578e-01
8.016659021377563477e-01
8.016414642333984375e-01
8.016172051429748535e-01
8.015928864479064941e-01
8.015686869621276855e-01
8.015444278717041016e-01
8.015203475952148438e-01
8.014962077140808105e-01
8.014721870422363281e-01
8.014481663703918457e-01
8.014242649078369141e-01
8.014003634452819824e-01
8.013764619827270508e-01
8.013526797294616699e-01
8.013288974761962891e-01
8.013051748275756836e-01
8.012815713882446289e-01
8.012579083442687988e-01
8.012343645095825195e-01
8.012107610702514648e-01
8.011872768402099609e-01
8.011638522148132324e-01
8.011404275894165039e-01
8.011171817779541016e-01
8.010938167572021484e-01
8.010705709457397461e-01
8.010474443435668945e-01
8.010241985321044922e-01
8.010011315345764160e-01
8.009780645370483398e-01
8.009550571441650391e-01
8.009320497512817383e-01
8.009092211723327637e-01
8.008862137794494629e-01
8.008633852005004883e-01
8.008405566215515137e-01
8.008178472518920898e-01
8.007950782775878906e-01
8.007725477218627930e-01
8.007497787475585938e-01
8.007272481918334961e-01
8.007047176361083984e-01
8.006821870803833008e-01
8.006597757339477539e-01
8.006374239921569824e-01
8.006150126457214355e-01
8.005927801132202148e-01
8.005704879760742188e-01
8.005481958389282227e-01
8.005260229110717773e-01
8.005038499832153320e-01
8.004817962646484375e-01
8.004597425460815430e-01
8.004377484321594238e-01
8.004158139228820801e-01
8.003938198089599609e-01
8.003718852996826172e-01
8.003501296043395996e-01
8.003282546997070312e-01
8.003065586090087891e-01
8.002847433090209961e-01
8.002631664276123047e-01
8.002415895462036133e-01
8.002198338508605957e-01
8.001984357833862305e-01
8.001767992973327637e-01
8.001552820205688477e-01
8.001339435577392578e-01
8.001126050949096680e-01
8.000911474227905273e-01
8.000698685646057129e-01
8.000485301017761230e-01
8.000273108482360840e-01
8.000061511993408203e-01
7.999850511550903320e-01
7.999639511108398438e-01
7.999428510665893555e-01
7.999218106269836426e-01
7.999008893966674805e-01
7.998799085617065430e-01
7.998589873313903809e-01
7.998380661010742188e-01
7.998173236846923828e-01
7.997964620590209961e-01
7.997757196426391602e-01
7.997549772262573242e-01
7.997343540191650391e-01
7.997137308120727539e-01
7.996931076049804688e-01
7.996725440025329590e-01
7.996519804000854492e-01
7.996314764022827148e-01
7.996110320091247559e-01
7.995907068252563477e-01
7.995703220367431641e-01
7.995500564575195312e-01
7.995296716690063477e-01
7.995094060897827148e-01
7.994892597198486328e-01
7.994689941406250000e-01
7.994489073753356934e-01
7.994288206100463867e-01
7.994087338447570801e-01
7.993886470794677734e-01
7.993687391281127930e-01
7.993487119674682617e-01
7.993288040161132812e-01
7.993088960647583008e-01
7.992891073226928711e-01
7.992692589759826660e-01
7.992494702339172363e-01
7.992297410964965820e-01
7.992100715637207031e-01
7.991902828216552734e-01
7.991707324981689453e-01
7.991510629653930664e-01
7.991315126419067383e-01
7.991119623184204102e-01
7.990925312042236328e-01
7.990731000900268555e-01
7.990536093711853027e-01
7.990342974662780762e-01
7.990148663520812988e-01
7.989956140518188477e-01
7.989763021469116211e-01
7.989569902420043945e-01
7.989377975463867188e-01
7.989186048507690430e-01
7.988994121551513672e-01
7.988803386688232422e-01
7.988612651824951172e-01
7.988421916961669922e-01
7.988232374191284180e-01
7.988042831420898438e-01
7.987852692604064941e-01
7.987663745880126953e-01
7.987474203109741211e-01
7.987286448478698730e-01
7.987098097801208496e-01
7.986910343170166016e-01
7.986721992492675781e-01
7.986534833908081055e-01
7.986348867416381836e-01
7.986161708831787109e-01
7.985975742340087891e-01
7.985789775848388672e-01
7.985605001449584961e-01
7.985419034957885742e-01
7.985234260559082031e-01
7.985049486160278320e-01
7.984865903854370117e-01
7.984681129455566406e-01
7.984497547149658203e-01
7.984313964843750000e-01
7.984130382537841797e-01
7.983947992324829102e-01
7.983765602111816406e-01
7.983584403991699219e-01
7.983402013778686523e-01
7.983220815658569336e-01
7.983039617538452148e-01
7.982858419418334961e-01
7.982677221298217773e-01
7.982497215270996094e-01
7.982317209243774414e-01
7.982138395309448242e-01
7.981957793235778809e-01
7.981778979301452637e-01
7.981600761413574219e-01
7.981421947479248047e-01
7.981244325637817383e-01
7.981065511703491211e-01
7.980887293815612793e-01
7.980710268020629883e-01
7.980533838272094727e-01
7.980356216430664062e-01
7.980179786682128906e-01
7.980003356933593750e-01
7.979828715324401855e-01
7.979651689529418945e-01
7.979476451873779297e-01
7.979301214218139648e-01
7.979127168655395508e-01
7.978951930999755859e-01
7.978777885437011719e-01
7.978605031967163086e-01
7.978430986404418945e-01
7.978256940841674805e-01
7.978084087371826172e-01
7.977911233901977539e-01
7.977738380432128906e-01
7.977566123008728027e-01
7.977395057678222656e-01
7.977222204208374023e-01
7.977050542831420898e-01
7.976878881454467773e-01
7.976707816123962402e-01
7.976537942886352539e-01
7.976367473602294922e-01
7.976197004318237305e-01
7.976027727127075195e-01
7.975857257843017578e-01
7.975688576698303223e-01
7.975519895553588867e-01
7.975350022315979004e-01
7.975181341171264648e-01
7.975012660026550293e-01
7.974844574928283691e-01
7.974677085876464844e-01
7.974509000778198242e-01
7.974342107772827148e-01
7.974175214767456055e-01
7.974008321762084961e-01
7.973841428756713867e-01
7.973674535751342773e-01
7.973508834838867188e-01
7.973343133926391602e-01
7.973177433013916016e-01
7.973012328147888184e-01
7.972847223281860352e-01
7.972682118415832520e-01
7.972517609596252441e-01
7.972353100776672363e-01
7.972188591957092285e-01
7.972024679183959961e-01
7.971860766410827637e-01
7.971697449684143066e-01
7.971534132957458496e-01
7.971371412277221680e-01
7.971208095550537109e-01
7.971046566963195801e-01
7.970883846282958984e-01
7.970721721649169922e-01
7.970559597015380859e-01
7.970397472381591797e-01
7.970236539840698242e-01
7.970075607299804688e-01
7.969914674758911133e-01
7.969753742218017578e-01
7.969593405723571777e-01
7.969432473182678223e-01
7.969272732734680176e-01
7.969113588333129883e-01
7.968953847885131836e-01
7.968794107437133789e-01
7.968634963035583496e-01
7.968475818634033203e-01
7.968317270278930664e-01
7.968158721923828125e-01
7.968000173568725586e-01
7.967842817306518555e-01
7.967684268951416016e-01
7.967527508735656738e-01
7.967369556427001953e-01
7.967212200164794922e-01
7.967054843902587891e-01
7.966898083686828613e-01
7.966741919517517090e-01
7.966585159301757812e-01
7.966429591178894043e-01
7.966272830963134766e-01
7.966117262840270996e-01
7.965961694717407227e-01
7.965806722640991211e-01
7.965650558471679688e-01
7.965496182441711426e-01
7.965341806411743164e-01
7.965186834335327148e-01
7.965032458305358887e-01
7.964878082275390625e-01
7.964723706245422363e-01
7.964569330215454102e-01
7.964416146278381348e-01
7.964262962341308594e-01
7.964109778404235840e-01
7.963955998420715332e-01
7.963804006576538086e-01
7.963650822639465332e-01
7.963497638702392578e-01
7.963346242904663086e-01
7.963193655014038086e-01
7.963042259216308594e-01
7.962890267372131348e-01
7.962739467620849609e-01
7.962588071823120117e-01
7.962435483932495117e-01
7.962285280227661133e-01
7.962134480476379395e-01
7.961983680725097656e-01
7.961833477020263672e-01
7.961683273315429688e-01
7.961532473564147949e-01
7.961382865905761719e-01
7.961233258247375488e-01
7.961083650588989258e-01
7.960934638977050781e-01
7.960784435272216797e-01
7.960636019706726074e-01
7.960487008094787598e-01
7.960338592529296875e-01
7.960189580917358398e-01
7.960040569305419922e-01
7.959892749786376953e-01
7.959744334220886230e-01
7.959596514701843262e-01
7.959449291229248047e-01
7.959301471710205078e-01
7.959154248237609863e-01
7.959007024765014648e-01
7.958860397338867188e-01
7.958713173866271973e-01
7.958565950393676758e-01
7.958419322967529297e-01
7.958272695541381836e-01
7.958127260208129883e-01
7.957980632781982422e-01
7.957835197448730469e-01
7.957688570022583008e-01
7.957543134689331055e-01
7.957398295402526855e-01
7.957252264022827148e-01
7.957107424736022949e-01
7.956962585449218750e-01
7.956817150115966797e-01
7.956672310829162598e-01
7.956527471542358398e-01
7.956383228302001953e-01
7.956238985061645508e-01
7.956094741821289062e-01
7.955951094627380371e-01
7.955807447433471680e-01
7.955663204193115234e-01
7.955520153045654297e-01
7.955377101898193359e-01
7.955234050750732422e-01
7.955089807510375977e-01
7.954946756362915039e-01
7.954804301261901855e-01
7.954661846160888672e-01
7.954518198966979980e-01
7.954376935958862305e-01
7.954235076904296875e-01
7.954092025756835938e-01
7.953950166702270508e-01
7.953808307647705078e-01
7.953666448593139648e-01
7.953524589538574219e-01
7.953383326530456543e-01
7.953242063522338867e-01
7.953100204467773438e-01
7.952960133552551270e-01
7.952818274497985840e-01
7.952678203582763672e-01
7.952536940574645996e-01
7.952395677566528320e-01
7.952256202697753906e-01
7.952115535736083984e-01
7.951974868774414062e-01
7.951835393905639648e-01
7.951695919036865234e-01
7.951556444168090820e-01
7.951416373252868652e-01
7.951277494430541992e-01
7.951138019561767578e-01
7.950997948646545410e-01
7.950859069824218750e-01
7.950720191001892090e-01
7.950580716133117676e-01
7.950441241264343262e-01
7.950302362442016602e-01
7.950164079666137695e-01
7.950026392936706543e-01
7.949888110160827637e-01
7.949749231338500977e-01
7.949610948562622070e-01
7.949473261833190918e-01
7.949334383010864258e-01
7.949197292327880859e-01
7.949059605598449707e-01
7.948921918869018555e-01
7.948784828186035156e-01
7.948647737503051758e-01
7.948510646820068359e-01
7.948372960090637207e-01
7.948236465454101562e-01
7.948099374771118164e-01
7.947962284088134766e-01
7.947826385498046875e-01
7.947689294815063477e-01
7.947552204132080078e-01
7.947416305541992188e-01
7.947280406951904297e-01
7.947143912315368652e-01
7.947007417678833008e-01
7.946872115135192871e-01
7.946736812591552734e-01
7.946599721908569336e-01
7.946464419364929199e-01
7.946329116821289062e-01
7.946193218231201172e-01
7.946057915687561035e-01
7.945922613143920898e-01
7.945787906646728516e-01
7.945652008056640625e-01
7.945517897605895996e-01
7.945383191108703613e-01
7.945247888565063477e-01
7.945113182067871094e-01
7.944978475570678711e-01
7.944844961166381836e-01
7.944710254669189453e-01
7.944575548171997070e-01
7.944440841674804688e-01
7.944306731224060059e-01
7.944172620773315430e-01
7.944039106369018555e-01
7.943905591964721680e-01
7.943771481513977051e-01
7.943637371063232422e-01
7.943505048751831055e-01
7.943370938301086426e-01
7.943238019943237305e-01
7.943104505538940430e-01
7.942970991134643555e-01
7.942838072776794434e-01
7.942705154418945312e-01
7.942571640014648438e-01
7.942438721656799316e-01
7.942306995391845703e-01
7.942173480987548828e-01
7.942040562629699707e-01
7.941908240318298340e-01
7.941775321960449219e-01
7.941642999649047852e-01
7.941511273384094238e-01
7.941378355026245117e-01
7.941246032714843750e-01
7.941114902496337891e-01
7.940982580184936523e-01
7.940850853919982910e-01
7.940719127655029297e-01
7.940586805343627930e-01
7.940455675125122070e-01
7.940323352813720703e-01
7.940192222595214844e-01
7.940060496330261230e-01
7.939929962158203125e-01
7.939797639846801758e-01
7.939666509628295898e-01
7.939535379409790039e-01
7.939404249191284180e-01
7.939273118972778320e-01
7.939142584800720215e-01
7.939012050628662109e-01
7.938880920410156250e-01
7.938749790191650391e-01
7.938619852066040039e-01
7.938488721847534180e-01
7.938358783721923828e-01
7.938227653503417969e-01
7.938097715377807617e-01
7.937967181205749512e-01
7.937837839126586914e-01
7.937706708908081055e-01
7.937576770782470703e-01
7.937446832656860352e-01
7.937316894531250000e-01
7.937186360359191895e-01
7.937057018280029297e-01
7.936927080154418945e-01
7.936797142028808594e-01
7.936667799949645996e-01
7.936538457870483398e-01
7.936408519744873047e-01
7.936279773712158203e-01
7.936149835586547852e-01
7.936019897460937500e-01
7.935891151428222656e-01
7.935761213302612305e-01
7.935632467269897461e-01
7.935503721237182617e-01
7.935374379158020020e-01
7.935245037078857422e-01
7.935116291046142578e-01
7.934987545013427734e-01
7.934858798980712891e-01
7.934730052947998047e-01
7.934601306915283203e-01
7.934472560882568359e-01
7.934343814849853516e-01
7.934215068817138672e-01
7.934087514877319336e-01
7.933958768844604492e-01
7.933830022811889648e-01
7.933701872825622559e-01
7.933573722839355469e-01
7.933445572853088379e-01
7.933317422866821289e-01
7.933189272880554199e-01
7.933061122894287109e-01
7.932933568954467773e-01
7.932804822921752930e-01
7.932677268981933594e-01
7.932549118995666504e-01
7.932420969009399414e-01
7.932293415069580078e-01
7.932166457176208496e-01
7.932038307189941406e-01
7.931910753250122070e-01
7.931783199310302734e-01
7.931656241416931152e-01
7.931528091430664062e-01
7.931400537490844727e-01
7.931273579597473145e-01
7.931146025657653809e-01
7.931019067764282227e-01
7.930891513824462891e-01
7.930763959884643555e-01
7.930637598037719727e-01
7.930510044097900391e-01
7.930382490158081055e-01
7.930256128311157227e-01
7.930128574371337891e-01
7.930001616477966309e-01
7.929875254631042480e-01
7.929748296737670898e-01
7.929621934890747070e-01
7.929494976997375488e-01
7.929368019104003906e-01
7.929241657257080078e-01
7.929115295410156250e-01
7.928987741470336914e-01
7.928861379623413086e-01
7.928735017776489258e-01
7.928608655929565430e-01
7.928481698036193848e-01
7.928355932235717773e-01
7.928230166435241699e-01
7.928103208541870117e-01
7.927976846694946289e-01
7.927850484848022461e-01
7.927725315093994141e-01
7.927597761154174805e-01
7.927472591400146484e-01
7.927346229553222656e-01
7.927219867706298828e-01
7.927094697952270508e-01
7.926968336105346680e-01
7.926841378211975098e-01
7.926715612411499023e-01
7.926590442657470703e-01
7.926464080810546875e-01
7.926338911056518555e-01
7.926212549209594727e-01
7.926087379455566406e-01
7.925961017608642578e-01
7.925835251808166504e-01
7.925709486007690430e-01
7.925584316253662109e-01
7.925458550453186035e-01
7.925332784652709961e-01
7.925207614898681641e-01
7.925081253051757812e-01
7.924956679344177246e-01
7.924830913543701172e-01
7.924705743789672852e-01
7.924580574035644531e-01
7.924455404281616211e-01
7.924330234527587891e-01
7.924205064773559570e-01
7.924079895019531250e-01
7.923954725265502930e-01
7.923828959465026855e-01
7.923703193664550781e-01
7.923578619956970215e-01
7.923454046249389648e-01
7.923328280448913574e-01
7.923203706741333008e-01
7.923078536987304688e-01
7.922953367233276367e-01
7.922828197479248047e-01
7.922703027725219727e-01
7.922579050064086914e-01
7.922453880310058594e-01
7.922329306602478027e-01
7.922203540802001953e-01
7.922079563140869141e-01
7.921954393386840820e-01
7.921829819679260254e-01
7.921704649925231934e-01
7.921580076217651367e-01
7.921454906463623047e-01
7.921330928802490234e-01
7.921205759048461914e-01
7.921081781387329102e-01
7.920956611633300781e-01
7.920832037925720215e-01
7.920708656311035156e-01
7.920583486557006836e-01
7.920458912849426270e-01
7.920334339141845703e-01
7.920210361480712891e-01
7.920085191726684570e-01
7.919961214065551758e-01
7.919836044311523438e-01
7.919712066650390625e-01
7.919588088989257812e-01
7.919463515281677246e-01
7.919338941574096680e-01
7.919214367866516113e-01
7.919090986251831055e-01
7.918965816497802734e-01
7.918841838836669922e-01
7.918717861175537109e-01
7.918593883514404297e-01
7.918469905853271484e-01
7.918345928192138672e-01
7.918221950531005859e-01
7.918097376823425293e-01
7.917972803115844727e-01
7.917848825454711914e-01
7.917724847793579102e-01
7.917600870132446289e-01
7.917476892471313477e-01
7.917352914810180664e-01
7.917228937149047852e-01
7.917104959487915039e-01
7.916980981826782227e-01
7.916857004165649414e-01
7.916733026504516602e-01
7.916609048843383789e-01
7.916485071182250977e-01
7.916361689567565918e-01
7.916237711906433105e-01
7.916114330291748047e-01
7.915990352630615234e-01
7.915866374969482422e-01
7.915742397308349609e-01
7.915619015693664551e-01
7.915494441986083984e-01
7.915371656417846680e-01
7.915247678756713867e-01
7.915123701095581055e-01
7.914999723434448242e-01
7.914875745773315430e-01
7.914752364158630371e-01
7.914628982543945312e-01
7.914505004882812500e-01
7.914382219314575195e-01
7.914258241653442383e-01
7.914134263992309570e-01
7.914010286331176758e-01
7.913887500762939453e-01
7.913762927055358887e-01
7.913639545440673828e-01
7.913516163825988770e-01
7.913392782211303711e-01
7.913269996643066406e-01
7.913146018981933594e-01
7.913022041320800781e-01
7.912899255752563477e-01
7.912775278091430664e-01
7.912652492523193359e-01
7.912528514862060547e-01
7.912405133247375488e-01
7.912281155586242676e-01
7.912157773971557617e-01
7.912034988403320312e-01
7.911911606788635254e-01
7.911788225173950195e-01
7.911664843559265137e-01
7.911541461944580078e-01
7.911417484283447266e-01
7.911294698715209961e-01
7.911170721054077148e-01
7.911047935485839844e-01
7.910925149917602539e-01
7.910801172256469727e-01
7.910677194595336914e-01
7.910554409027099609e-01
7.910431623458862305e-01
7.910308837890625000e-01
7.910184860229492188e-01
7.910060882568359375e-01
7.909938097000122070e-01
7.909815311431884766e-01
7.909692525863647461e-01
7.909568548202514648e-01
7.909445762634277344e-01
7.909322381019592285e-01
7.909198999404907227e-01
7.909076213836669922e-01
7.908952236175537109e-01
7.908829450607299805e-01
7.908706665039062500e-01
7.908582687377929688e-01
7.908459901809692383e-01
7.908337116241455078e-01
7.908213138580322266e-01
7.908091545104980469e-01
7.907966971397399902e-01
7.907843589782714844e-01
7.907720804214477539e-01
7.907598614692687988e-01
7.907474637031555176e-01
7.907352447509765625e-01
7.907228469848632812e-01
7.907105684280395508e-01
7.906982898712158203e-01
7.906859517097473145e-01
7.906736135482788086e-01
7.906613349914550781e-01
7.906490564346313477e-01
7.906367182731628418e-01
7.906243801116943359e-01
7.906121015548706055e-01
7.905998229980468750e-01
7.905875444412231445e-01
7.905752658843994141e-01
7.905628681182861328e-01
7.905505895614624023e-01
7.905383110046386719e-01
7.905260324478149414e-01
7.905136942863464355e-01
7.905013561248779297e-01
7.904891967773437500e-01
7.904768586158752441e-01
7.904645204544067383e-01
7.904521822929382324e-01
7.904399037361145020e-01
7.904276847839355469e-01
7.904152870178222656e-01
7.904030084609985352e-01
7.903907299041748047e-01
7.903784513473510742e-01
7.903661727905273438e-01
7.903538942337036133e-01
7.903415560722351074e-01
7.903292775154113770e-01
7.903169393539428711e-01
7.903046607971191406e-01
7.902923822402954102e-01
7.902801036834716797e-01
7.902678251266479492e-01
7.902554273605346680e-01
7.902432680130004883e-01
7.902309298515319824e-01
7.902186512947082520e-01
7.902063131332397461e-01
7.901940345764160156e-01
7.901817560195922852e-01
7.901694774627685547e-01
7.901571989059448242e-01
7.901448607444763184e-01
7.901325225830078125e-01
7.901203036308288574e-01
7.901079654693603516e-01
7.900956869125366211e-01
7.900834679603576660e-01
7.900711297988891602e-01
7.900588512420654297e-01
7.900465726852416992e-01
7.900342345237731934e-01
7.900220155715942383e-01
7.900096774101257324e-01
7.899974584579467773e-01
7.899851202964782715e-01
7.899727821350097656e-01
7.899605035781860352e-01
7.899482846260070801e-01
7.899360656738281250e-01
7.899236679077148438e-01
7.899113893508911133e-01
7.898991107940673828e-01
7.898868322372436523e-01
7.898745536804199219e-01
7.898622751235961914e-01
7.898499965667724609e-01
7.898377180099487305e-01
7.898254394531250000e-01
7.898130416870117188e-01
7.898008823394775391e-01
7.897884845733642578e-01
7.897762656211853027e-01
7.897639274597167969e-01
7.897517681121826172e-01
7.897393703460693359e-01
7.897270917892456055e-01
7.897148132324218750e-01
7.897025346755981445e-01
7.896902561187744141e-01
7.896779775619506836e-01
7.896656990051269531e-01
7.896533608436584473e-01
7.896411418914794922e-01
7.896288037300109863e-01
7.896165847778320312e-01
7.896042466163635254e-01
7.895919084548950195e-01
7.895797491073608398e-01
7.895673513412475586e-01
7.895550727844238281e-01
7.895427942276000977e-01
7.895305156707763672e-01
7.895182371139526367e-01
7.895059585571289062e-01
7.894936800003051758e-01
7.894814014434814453e-01
7.894691228866577148e-01
7.894568443298339844e-01
7.894445657730102539e-01
7.894322872161865234e-01
7.894200086593627930e-01
7.894076704978942871e-01
7.893953323364257812e-01
7.893830537796020508e-01
7.893707752227783203e-01
7.893584966659545898e-01
7.893462777137756348e-01
7.893339395523071289e-01
7.893216609954833984e-01
7.893093824386596680e-01
7.892971038818359375e-01
7.892848253250122070e-01
7.892725467681884766e-01
7.892602086067199707e-01
7.892479300498962402e-01
7.892357110977172852e-01
7.892233729362487793e-01
7.892110347747802734e-01
7.891988158226013184e-01
7.891865968704223633e-01
7.891741991043090820e-01
7.891619205474853516e-01
7.891496419906616211e-01
7.891373634338378906e-01
7.891250848770141602e-01
7.891128063201904297e-01
7.891005277633666992e-01
7.890882492065429688e-01
7.890759706497192383e-01
7.890635728836059570e-01
7.890513539314270020e-01
7.890390157699584961e-01
7.890267372131347656e-01
7.890144586563110352e-01
7.890021800994873047e-01
7.889899015426635742e-01
7.889776229858398438e-01
7.889653444290161133e-01
7.889530658721923828e-01
7.889407277107238770e-01
7.889283895492553711e-01
7.889161705970764160e-01
7.889038324356079102e-01
7.888915538787841797e-01
7.888792753219604492e-01
7.888669967651367188e-01
7.888546586036682129e-01
7.888423800468444824e-01
7.888301014900207520e-01
7.888177633285522461e-01
7.888054847717285156e-01
7.887932062149047852e-01
7.887809276580810547e-01
7.887686491012573242e-01
7.887563705444335938e-01
7.887440919876098633e-01
7.887317538261413574e-01
7.887194752693176270e-01
7.887071371078491211e-01
7.886948585510253906e-01
7.886825203895568848e-01
7.886703014373779297e-01
7.886579632759094238e-01
7.886457443237304688e-01
7.886333465576171875e-01
7.886210680007934570e-01
7.886087894439697266e-01
7.885965108871459961e-01
7.885841727256774902e-01
7.885718345642089844e-01
7.885595560073852539e-01
7.885472774505615234e-01
7.885349988937377930e-01
7.885226607322692871e-01
7.885104417800903320e-01
7.884980440139770508e-01
7.884857654571533203e-01
7.884734869003295898e-01
7.884612083435058594e-01
7.884489297866821289e-01
7.884365916252136230e-01
7.884243726730346680e-01
7.884119749069213867e-01
7.883996963500976562e-01
7.883874177932739258e-01
7.883750200271606445e-01
7.883627414703369141e-01
7.883505225181579590e-01
7.883381843566894531e-01
7.883259057998657227e-01
7.883135676383972168e-01
7.883012294769287109e-01
7.882889509201049805e-01
7.882766723632812500e-01
7.882643342018127441e-01
7.882521152496337891e-01
7.882397174835205078e-01
7.882274389266967773e-01
7.882151603698730469e-01
7.882028818130493164e-01
7.881904840469360352e-01
7.881782054901123047e-01
7.881659269332885742e-01
7.881536483764648438e-01
7.881412506103515625e-01
7.881289720535278320e-01
7.881166934967041016e-01
7.881044149398803711e-01
7.880921363830566406e-01
7.880797386169433594e-01
7.880674600601196289e-01
7.880551815032958984e-01
7.880428433418273926e-01
7.880305647850036621e-01
7.880182266235351562e-01
7.880058884620666504e-01
7.879936099052429199e-01
7.879812717437744141e-01
7.879689931869506836e-01
7.879567146301269531e-01
7.879443168640136719e-01
7.879320383071899414e-01
7.879197597503662109e-01
7.879073619842529297e-01
7.878950834274291992e-01
7.878828048706054688e-01
7.878704667091369629e-01
7.878581285476684570e-01
7.878459095954895020e-01
7.878335118293762207e-01
7.878211736679077148e-01
7.878088951110839844e-01
7.877965569496154785e-01
7.877842187881469727e-01
7.877719402313232422e-01
7.877596616744995117e-01
7.877473235130310059e-01
7.877349853515625000e-01
7.877227067947387695e-01
7.877103090286254883e-01
7.876980304718017578e-01
7.876856923103332520e-01
7.876734137535095215e-01
7.876610755920410156e-01
7.876486778259277344e-01
7.876363992691040039e-01
7.876240611076354980e-01
7.876117229461669922e-01
7.875995635986328125e-01
7.875871658325195312e-01
7.875748872756958008e-01
7.875624895095825195e-01
7.875502109527587891e-01
7.875378131866455078e-01
7.875254750251770020e-01
7.875131368637084961e-01
7.875008583068847656e-01
7.874885797500610352e-01
7.874762415885925293e-01
7.874639034271240234e-01
7.874515652656555176e-01
7.874392271041870117e-01
7.874269485473632812e-01
7.874145507812500000e-01
7.874022722244262695e-01
7.873898744583129883e-01
7.873775959014892578e-01
7.873652577400207520e-01
7.873529195785522461e-01
7.873406410217285156e-01
7.873282432556152344e-01
7.873159050941467285e-01
7.873036265373229980e-01
7.872912883758544922e-01
7.872789502143859863e-01
7.872666120529174805e-01
7.872542738914489746e-01
7.872419357299804688e-01
7.872296571731567383e-01
7.872173786163330078e-01
7.872049808502197266e-01
7.871925830841064453e-01
7.871803641319274902e-01
7.871679663658142090e-01
7.871556878089904785e-01
7.871432304382324219e-01
7.871309518814086914e-01
7.871186137199401855e-01
7.871062755584716797e-01
7.870939373970031738e-01
7.870815992355346680e-01
7.870692610740661621e-01
7.870569229125976562e-01
7.870446443557739258e-01
7.870322465896606445e-01
7.870198488235473633e-01
7.870076298713684082e-01
7.869951725006103516e-01
7.869828939437866211e-01
7.869704961776733398e-01
7.869582176208496094e-01
7.869458794593811035e-01
7.869334816932678223e-01
7.869211435317993164e-01
7.869088053703308105e-01
7.868964672088623047e-01
7.868841290473937988e-01
7.868717312812805176e-01
7.868594527244567871e-01
7.868471145629882812e-01
7.868347764015197754e-01
7.868223786354064941e-01
7.868100404739379883e-01
7.867976427078247070e-01
7.867853641510009766e-01
7.867730259895324707e-01
7.867606878280639648e-01
7.867483496665954590e-01
7.867360115051269531e-01
7.867235541343688965e-01
7.867112159729003906e-01
7.866989374160766602e-01
7.866865396499633789e-01
7.866741418838500977e-01
7.866618037223815918e-01
7.866494655609130859e-01
7.866370677947998047e-01
7.866247296333312988e-01
7.866124510765075684e-01
7.866001129150390625e-01
7.865877151489257812e-01
7.865753173828125000e-01
7.865629196166992188e-01
7.865506410598754883e-01
7.865382432937622070e-01
7.865258455276489258e-01
7.865135669708251953e-01
7.865011692047119141e-01
7.864888310432434082e-01
7.864764928817749023e-01
7.864640951156616211e-01
7.864516973495483398e-01
7.864394187927246094e-01
7.864270210266113281e-01
7.864146232604980469e-01
7.864022850990295410e-01
7.863899469375610352e-01
7.863775491714477539e-01
7.863652110099792480e-01
7.863528132438659668e-01
7.863404750823974609e-01
7.863280773162841797e-01
7.863156795501708984e-01
7.863033413887023926e-01
7.862909436225891113e-01
7.862786054611206055e-01
7.862662672996520996e-01
7.862538695335388184e-01
7.862415313720703125e-01
7.862291336059570312e-01
7.862168550491333008e-01
7.862043976783752441e-01
7.861919999122619629e-01
7.861796617507934570e-01
7.861673235893249512e-01
7.861549854278564453e-01
7.861424684524536133e-01
7.861301898956298828e-01
7.861177921295166016e-01
7.861053347587585449e-01
7.860929965972900391e-01
7.860806584358215332e-01
7.860682606697082520e-01
7.860559225082397461e-01
7.860435247421264648e-01
7.860311269760131836e-01
7.860187292098999023e-01
7.860063910484313965e-01
7.859939932823181152e-01
7.859816551208496094e-01
7.859691977500915527e-01
7.859567999839782715e-01
7.859444618225097656e-01
7.859320044517517090e-01
7.859196662902832031e-01
7.859072685241699219e-01
7.858948707580566406e-01
7.858825325965881348e-01
7.858700752258300781e-01
7.858576774597167969e-01
7.858453392982482910e-01
7.858328819274902344e-01
7.858204841613769531e-01
7.858081459999084473e-01
7.857958078384399414e-01
7.857833504676818848e-01
7.857710123062133789e-01
7.857586145401000977e-01
7.857462167739868164e-01
7.857337594032287598e-01
7.857213616371154785e-01
7.857089638710021973e-01
7.856966257095336914e-01
7.856842279434204102e-01
7.856717705726623535e-01
7.856593728065490723e-01
7.856469750404357910e-01
7.856346368789672852e-01
7.856221795082092285e-01
7.856097221374511719e-01
7.855973839759826660e-01
7.855849862098693848e-01
7.855725288391113281e-01
7.855602502822875977e-01
7.855477333068847656e-01
7.855353355407714844e-01
7.855229377746582031e-01
7.855105400085449219e-01
7.854980230331420898e-01
7.854857444763183594e-01
7.854732871055603027e-01
7.854609489440917969e-01
7.854485511779785156e-01
7.854360342025756836e-01
7.854236364364624023e-01
7.854111790657043457e-01
7.853988409042358398e-01
7.853863835334777832e-01
7.853739857673645020e-01
7.853615283966064453e-01
7.853492498397827148e-01
7.853367328643798828e-01
7.853243350982666016e-01
7.853119373321533203e-01
7.852995395660400391e-01
7.852870225906372070e-01
7.852746248245239258e-01
7.852622270584106445e-01
7.852497696876525879e-01
7.852374315261840820e-01
7.852249145507812500e-01
7.852124571800231934e-01
7.851999998092651367e-01
7.851876020431518555e-01
7.851752042770385742e-01
7.851628065109252930e-01
7.851504087448120117e-01
7.851379513740539551e-01
7.851254940032958984e-01
7.851130962371826172e-01
7.851005792617797852e-01
7.850881814956665039e-01
7.850757241249084473e-01
7.850633263587951660e-01
7.850508689880371094e-01
7.850384116172790527e-01
7.850259542465209961e-01
7.850134372711181641e-01
7.850010395050048828e-01
7.849887013435363770e-01
7.849761843681335449e-01
7.849637866020202637e-01
7.849513292312622070e-01
7.849388122558593750e-01
7.849264144897460938e-01
7.849140167236328125e-01
7.849015593528747559e-01
7.848891019821166992e-01
7.848765850067138672e-01
7.848641872406005859e-01
7.848517298698425293e-01
7.848392724990844727e-01
7.848268151283264160e-01
7.848143577575683594e-01
7.848019599914550781e-01
7.847894430160522461e-01
7.847769856452941895e-01
7.847645878791809082e-01
7.847521305084228516e-01
7.847396135330200195e-01
7.847270965576171875e-01
7.847146987915039062e-01
7.847021818161010742e-01
7.846897840499877930e-01
7.846772670745849609e-01
7.846647500991821289e-01
7.846522927284240723e-01
7.846399545669555664e-01
7.846273183822631836e-01
7.846149206161499023e-01
7.846025228500366211e-01
7.845900058746337891e-01
7.845775485038757324e-01
7.845650315284729004e-01
7.845525145530700684e-01
7.845400571823120117e-01
7.845276594161987305e-01
7.845152020454406738e-01
7.845026254653930664e-01
7.844901084899902344e-01
7.844777107238769531e-01
7.844651937484741211e-01
7.844527363777160645e-01
7.844402194023132324e-01
7.844277620315551758e-01
7.844152450561523438e-01
7.844028472900390625e-01
7.843902707099914551e-01
7.843778133392333984e-01
7.843652963638305664e-01
7.843527793884277344e-01
7.843402624130249023e-01
7.843277454376220703e-01
7.843152284622192383e-01
7.843027710914611816e-01
7.842903137207031250e-01
7.842777967453002930e-01
7.842653393745422363e-01
7.842527627944946289e-01
7.842402458190917969e-01
7.842277884483337402e-01
7.842152714729309082e-01
7.842027544975280762e-01
7.841902375221252441e-01
7.841777801513671875e-01
7.841652631759643555e-01
7.841526865959167480e-01
7.841402292251586914e-01
7.841277122497558594e-01
7.841151952743530273e-01
7.841026782989501953e-01
7.840901613235473633e-01
7.840775847434997559e-01
7.840650677680969238e-01
7.840525507926940918e-01
7.840399742126464844e-01
7.840275168418884277e-01
7.840149402618408203e-01
7.840024232864379883e-01
7.839899063110351562e-01
7.839773893356323242e-01
7.839648723602294922e-01
7.839523553848266602e-01
7.839398384094238281e-01
7.839272022247314453e-01
7.839146852493286133e-01
7.839021682739257812e-01
7.838896512985229492e-01
7.838770151138305664e-01
7.838646173477172852e-01
7.838520407676696777e-01
7.838394641876220703e-01
7.838268876075744629e-01
7.838143706321716309e-01
7.838017344474792480e-01
7.837892770767211914e-01
7.837767004966735840e-01
7.837641239166259766e-01
7.837516069412231445e-01
7.837389707565307617e-01
7.837265133857727051e-01
7.837139368057250977e-01
7.837013602256774902e-01
7.836887836456298828e-01
7.836761474609375000e-01
7.836636900901794434e-01
7.836511135101318359e-01
7.836384773254394531e-01
7.836259603500366211e-01
7.836133241653442383e-01
7.836007475852966309e-01
7.835882902145385742e-01
7.835756540298461914e-01
7.835630178451538086e-01
7.835505008697509766e-01
7.835378646850585938e-01
7.835252285003662109e-01
7.835127115249633789e-01
7.835001349449157715e-01
7.834875583648681641e-01
7.834749221801757812e-01
7.834623456001281738e-01
7.834497690200805664e-01
7.834371924400329590e-01
7.834246158599853516e-01
7.834119796752929688e-01
7.833993434906005859e-01
7.833868265151977539e-01
7.833741903305053711e-01
7.833615541458129883e-01
7.833490371704101562e-01
7.833364009857177734e-01
7.833237051963806152e-01
7.833111286163330078e-01
7.832984924316406250e-01
7.832859754562377930e-01
7.832733392715454102e-01
7.832606434822082520e-01
7.832480669021606445e-01
7.832354307174682617e-01
7.832227945327758789e-01
7.832101583480834961e-01
7.831976413726806641e-01
7.831850051879882812e-01
7.831722497940063477e-01
7.831596732139587402e-01
7.831469774246215820e-01
7.831344008445739746e-01
7.831217050552368164e-01
7.831090688705444336e-01
7.830965518951416016e-01
7.830837965011596680e-01
7.830711603164672852e-01
7.830585241317749023e-01
7.830459475517272949e-01
7.830332517623901367e-01
7.830205559730529785e-01
7.830079793930053711e-01
7.829952836036682129e-01
7.829827070236206055e-01
7.829699516296386719e-01
7.829573154449462891e-01
7.829446792602539062e-01
7.829319238662719727e-01
7.829192876815795898e-01
7.829066514968872070e-01
7.828939557075500488e-01
7.828812599182128906e-01
7.828686237335205078e-01
7.828559875488281250e-01
7.828432321548461914e-01
7.828305363655090332e-01
7.828179001808166504e-01
7.828053236007690430e-01
7.827925682067871094e-01
7.827798128128051758e-01
7.827670574188232422e-01
7.827545404434204102e-01
7.827417850494384766e-01
7.827290296554565430e-01
7.827163934707641602e-01
7.827036380767822266e-01
7.826909422874450684e-01
7.826782464981079102e-01
7.826654911041259766e-01
7.826528549194335938e-01
7.826400995254516602e-01
7.826274037361145020e-01
7.826147079467773438e-01
7.826019525527954102e-01
7.825892567634582520e-01
7.825765609741210938e-01
7.825638055801391602e-01
7.825510501861572266e-01
7.825384140014648438e-01
7.825255393981933594e-01
7.825128436088562012e-01
7.825001478195190430e-01
7.824873924255371094e-01
7.824747562408447266e-01
7.824618816375732422e-01
7.824491262435913086e-01
7.824364900588989258e-01
7.824236154556274414e-01
7.824108600616455078e-01
7.823981046676635742e-01
7.823854684829711914e-01
7.823727130889892578e-01
7.823599576950073242e-01
7.823472023010253906e-01
7.823343276977539062e-01
7.823216319084167480e-01
7.823088169097900391e-01
7.822960615158081055e-01
7.822833061218261719e-01
7.822704911231994629e-01
7.822577357292175293e-01
7.822449207305908203e-01
7.822321653366088867e-01
7.822194099426269531e-01
7.822065353393554688e-01
7.821937799453735352e-01
7.821810245513916016e-01
7.821682095527648926e-01
7.821553349494934082e-01
7.821426391601562500e-01
7.821297645568847656e-01
7.821170687675476074e-01
7.821041345596313477e-01
7.820913791656494141e-01
7.820785045623779297e-01
7.820657491683959961e-01
7.820529341697692871e-01
7.820400595664978027e-01
7.820273637771606445e-01
7.820144891738891602e-01
7.820016145706176758e-01
7.819887995719909668e-01
7.819759845733642578e-01
7.819631099700927734e-01
7.819502353668212891e-01
7.819374203681945801e-01
7.819246053695678711e-01
7.819117307662963867e-01
7.818989157676696777e-01
7.818860411643981934e-01
7.818732261657714844e-01
7.818604111671447754e-01
7.818474769592285156e-01
7.818346023559570312e-01
7.818217873573303223e-01
7.818088531494140625e-01
7.817960381507873535e-01
7.817832231521606445e-01
7.817702293395996094e-01
7.817573547363281250e-01
7.817444801330566406e-01
7.817316055297851562e-01
7.817187309265136719e-01
7.817058563232421875e-01
7.816929221153259277e-01
7.816800475120544434e-01
7.816671729087829590e-01
7.816543579101562500e-01
7.816413640975952148e-01
7.816284894943237305e-01
7.816155552864074707e-01
7.816026210784912109e-01
7.815897464752197266e-01
7.815768122673034668e-01
7.815638184547424316e-01
7.815509438514709473e-01
7.815380096435546875e-01
7.815250754356384277e-01
7.815122008323669434e-01
7.814992070198059082e-01
7.814862728118896484e-01
7.814733982086181641e-01
7.814602851867675781e-01
7.814474105834960938e-01
7.814345359802246094e-01
7.814215421676635742e-01
7.814085483551025391e-01
7.813956737518310547e-01
7.813826799392700195e-01
7.813696861267089844e-01
7.813566923141479492e-01
7.813436985015869141e-01
7.813308238983154297e-01
7.813178300857543945e-01
7.813048362731933594e-01
7.812918424606323242e-01
7.812788486480712891e-01
7.812658548355102539e-01
7.812528014183044434e-01
7.812398672103881836e-01
7.812268137931823730e-01
7.812138199806213379e-01
7.812008857727050781e-01
7.811878323554992676e-01
7.811747789382934570e-01
7.811617851257324219e-01
7.811487913131713867e-01
7.811356782913208008e-01
7.811228036880493164e-01
7.811096906661987305e-01
7.810966372489929199e-01
7.810835838317871094e-01
7.810705900192260742e-01
7.810574769973754883e-01
7.810445427894592285e-01
7.810314297676086426e-01
7.810184359550476074e-01
7.810053825378417969e-01
7.809922695159912109e-01
7.809792757034301758e-01
7.809661626815795898e-01
7.809530496597290039e-01
7.809400558471679688e-01
7.809269428253173828e-01
7.809138298034667969e-01
7.809007763862609863e-01
7.808877229690551758e-01
7.808746099472045898e-01
7.808614969253540039e-01
7.808484435081481934e-01
7.808353304862976074e-01
7.808222174644470215e-01
7.808090448379516602e-01
7.807959318161010742e-01
7.807829380035400391e-01
7.807697057723999023e-01
7.807566523551940918e-01
7.807434797286987305e-01
7.807304263114929199e-01
7.807172536849975586e-01
7.807041406631469727e-01
7.806910276412963867e-01
7.806777954101562500e-01
7.806646823883056641e-01
7.806515097618103027e-01
7.806383967399597168e-01
7.806252241134643555e-01
7.806120514869689941e-01
7.805988788604736328e-01
7.805857658386230469e-01
7.805725336074829102e-01
7.805594205856323242e-01
7.805461883544921875e-01
7.805330753326416016e-01
7.805197834968566895e-01
7.805067300796508789e-01
7.804933786392211914e-01
7.804802060127258301e-01
7.804670333862304688e-01
7.804538011550903320e-01
7.804406881332397461e-01
7.804274559020996094e-01
7.804142236709594727e-01
7.804009318351745605e-01
7.803877592086791992e-01
7.803745269775390625e-01
7.803612947463989258e-01
7.803480625152587891e-01
7.803348302841186523e-01
7.803214788436889648e-01
7.803082466125488281e-01
7.802950143814086914e-01
7.802817821502685547e-01
7.802685499191284180e-01
7.802551984786987305e-01
7.802419662475585938e-01
7.802287936210632324e-01
7.802154421806335449e-01
7.802021503448486328e-01
7.801889181137084961e-01
7.801755666732788086e-01
7.801623344421386719e-01
7.801489830017089844e-01
7.801356911659240723e-01
7.801222801208496094e-01
7.801090478897094727e-01
7.800958156585693359e-01
7.800824046134948730e-01
7.800691127777099609e-01
7.800557613372802734e-01
7.800424695014953613e-01
7.800291776657104492e-01
7.800158262252807617e-01
7.800024747848510742e-01
7.799890041351318359e-01
7.799757122993469238e-01
7.799624204635620117e-01
7.799490690231323242e-01
7.799356579780578613e-01
7.799222469329833984e-01
7.799088954925537109e-01
7.798956036567687988e-01
7.798821330070495605e-01
7.798687815666198730e-01
7.798553705215454102e-01
7.798420190811157227e-01
7.798285484313964844e-01
7.798151969909667969e-01
7.798017263412475586e-01
7.797883749008178711e-01
7.797749638557434082e-01
7.797614336013793945e-01
7.797480821609497070e-01
7.797346115112304688e-01
7.797212600708007812e-01
7.797077298164367676e-01
7.796943187713623047e-01
7.796809673309326172e-01
7.796674370765686035e-01
7.796539068222045898e-01
7.796405553817749023e-01
7.796270251274108887e-01
7.796134948730468750e-01
7.796001434326171875e-01
7.795866131782531738e-01
7.795730829238891602e-01
7.795596718788146973e-01
7.795461416244506836e-01
7.795326709747314453e-01
7.795190811157226562e-01
7.795056104660034180e-01
7.794921398162841797e-01
7.794786691665649414e-01
7.794651389122009277e-01
7.794516086578369141e-01
7.794380187988281250e-01
7.794244289398193359e-01
7.794108986854553223e-01
7.793973684310913086e-01
7.793838977813720703e-01
7.793703079223632812e-01
7.793568372726440430e-01
7.793432474136352539e-01
7.793296575546264648e-01
7.793160676956176758e-01
7.793024778366088867e-01
7.792888283729553223e-01
7.792752981185913086e-01
7.792617082595825195e-01
7.792481184005737305e-01
7.792345285415649414e-01
7.792208194732666016e-01
7.792072296142578125e-01
7.791936397552490234e-01
7.791799902915954590e-01
7.791663408279418945e-01
7.791527509689331055e-01
7.791390419006347656e-01
7.791254520416259766e-01
7.791117429733276367e-01
7.790981531143188477e-01
7.790844440460205078e-01
7.790708541870117188e-01
7.790572047233581543e-01
7.790434360504150391e-01
7.790297865867614746e-01
7.790161371231079102e-01
7.790024280548095703e-01
7.789887189865112305e-01
7.789750099182128906e-01
7.789613604545593262e-01
7.789475917816162109e-01
7.789338827133178711e-01
7.789201736450195312e-01
7.789064049720764160e-01
7.788927555084228516e-01
7.788789868354797363e-01
7.788652777671813965e-01
7.788515090942382812e-01
7.788377404212951660e-01
7.788239717483520508e-01
7.788102626800537109e-01
7.787964344024658203e-01
7.787827253341674805e-01
7.787688970565795898e-01
7.787551283836364746e-01
7.787413597106933594e-01
7.787275314331054688e-01
7.787137031555175781e-01
7.786998748779296875e-01
7.786861658096313477e-01
7.786723375320434570e-01
7.786585092544555664e-01
7.786445617675781250e-01
7.786308526992797852e-01
7.786170244216918945e-01
7.786031365394592285e-01
7.785892486572265625e-01
7.785754203796386719e-01
7.785615921020507812e-01
7.785476446151733398e-01
7.785338163375854492e-01
7.785198688507080078e-01
7.785060405731201172e-01
7.784922122955322266e-01
7.784783840179443359e-01
7.784644365310668945e-01
7.784504890441894531e-01
7.784365415573120117e-01
7.784225940704345703e-01
7.784086465835571289e-01
7.783948183059692383e-01
7.783808708190917969e-01
7.783669233322143555e-01
7.783529758453369141e-01
7.783390283584594727e-01
7.783250808715820312e-01
7.783110737800598145e-01
7.782971858978271484e-01
7.782831192016601562e-01
7.782691717147827148e-01
7.782551050186157227e-01
7.782412171363830566e-01
7.782271504402160645e-01
7.782132625579833984e-01
7.781991958618164062e-01
7.781851291656494141e-01
7.781710624694824219e-01
7.781571149826049805e-01
7.781430482864379883e-01
7.781289815902709961e-01
7.781150341033935547e-01
7.781009674072265625e-01
7.780867815017700195e-01
7.780727744102478027e-01
7.780587673187255859e-01
7.780446410179138184e-01
7.780306339263916016e-01
7.780165076255798340e-01
7.780023813247680664e-01
7.779883146286010742e-01
7.779741287231445312e-01
7.779601216316223145e-01
7.779459953308105469e-01
7.779317498207092285e-01
7.779177427291870117e-01
7.779035568237304688e-01
7.778894901275634766e-01
7.778753042221069336e-01
7.778611183166503906e-01
7.778469920158386230e-01
7.778327465057373047e-01
7.778185606002807617e-01
7.778044342994689941e-01
7.777902483940124512e-01
7.777760624885559082e-01
7.777618169784545898e-01
7.777476310729980469e-01
7.777333855628967285e-01
7.777191996574401855e-01
7.777049541473388672e-01
7.776907682418823242e-01
7.776764631271362305e-01
7.776622772216796875e-01
7.776479721069335938e-01
7.776337862014770508e-01
7.776194810867309570e-01
7.776051759719848633e-01
7.775909304618835449e-01
7.775766849517822266e-01
7.775623798370361328e-01
7.775480747222900391e-01
7.775337696075439453e-01
7.775194644927978516e-01
7.775051593780517578e-01
7.774908542633056641e-01
7.774765491485595703e-01
7.774621248245239258e-01
7.774478197097778320e-01
7.774335145950317383e-01
7.774190902709960938e-01
7.774047851562500000e-01
7.773903608322143555e-01
7.773760557174682617e-01
7.773616313934326172e-01
7.773472070693969727e-01
7.773328423500061035e-01
7.773184776306152344e-01
7.773040533065795898e-01
7.772896289825439453e-01
7.772752046585083008e-01
7.772607207298278809e-01
7.772463560104370117e-01
7.772318720817565918e-01
7.772175073623657227e-01
7.772029638290405273e-01
7.771885395050048828e-01
7.771740555763244629e-01
7.771595716476440430e-01
7.771450281143188477e-01
7.771305441856384277e-01
7.771160602569580078e-01
7.771015167236328125e-01
7.770870923995971680e-01
7.770725488662719727e-01
7.770580053329467773e-01
7.770434617996215820e-01
7.770289778709411621e-01
7.770143747329711914e-01
7.769998311996459961e-01
7.769852876663208008e-01
7.769706845283508301e-01
7.769560813903808594e-01
7.769415974617004395e-01
7.769269943237304688e-01
7.769123911857604980e-01
7.768977880477905273e-01
7.768831253051757812e-01
7.768685817718505859e-01
7.768539190292358398e-01
7.768392562866210938e-01
7.768246531486511230e-01
7.768099904060363770e-01
7.767953872680664062e-01
7.767806649208068848e-01
7.767659425735473633e-01
7.767512798309326172e-01
7.767366170883178711e-01
7.767219543457031250e-01
7.767071723937988281e-01
7.766926288604736328e-01
7.766778469085693359e-01
7.766631245613098145e-01
7.766483426094055176e-01
7.766336202621459961e-01
7.766189575195312500e-01
7.766041755676269531e-01
7.765893936157226562e-01
7.765746116638183594e-01
7.765598297119140625e-01
7.765451073646545410e-01
7.765303850173950195e-01
7.765154838562011719e-01
7.765007019042968750e-01
7.764859199523925781e-01
7.764710187911987305e-01
7.764562368392944336e-01
7.764414548873901367e-01
7.764265537261962891e-01
7.764117121696472168e-01
7.763968706130981445e-01
7.763820886611938477e-01
7.763671278953552246e-01
7.763522267341613770e-01
7.763373851776123047e-01
7.763225436210632324e-01
7.763075828552246094e-01
7.762926816940307617e-01
7.762777805328369141e-01
7.762628793716430664e-01
7.762479186058044434e-01
7.762329578399658203e-01
7.762179970741271973e-01
7.762030363082885742e-01
7.761880755424499512e-01
7.761730551719665527e-01
7.761582136154174805e-01
7.761431932449340820e-01
7.761281728744506836e-01
7.761131525039672852e-01
7.760981321334838867e-01
7.760831713676452637e-01
7.760680913925170898e-01
7.760530114173889160e-01
7.760380506515502930e-01
7.760229706764221191e-01
7.760078907012939453e-01
7.759928703308105469e-01
7.759778499603271484e-01
7.759625911712646484e-01
7.759475708007812500e-01
7.759325504302978516e-01
7.759174108505249023e-01
7.759022712707519531e-01
7.758871912956237793e-01
7.758719921112060547e-01
7.758568525314331055e-01
7.758417725563049316e-01
7.758265733718872070e-01
7.758114337921142578e-01
7.757962942123413086e-01
7.757810354232788086e-01
7.757658958435058594e-01
7.757507562637329102e-01
7.757354974746704102e-01
7.757202982902526855e-01
7.757050991058349609e-01
7.756898403167724609e-01
7.756745815277099609e-01
7.756593227386474609e-01
7.756440639495849609e-01
7.756288051605224609e-01
7.756135463714599609e-01
7.755982875823974609e-01
7.755829691886901855e-01
7.755677700042724609e-01
7.755523920059204102e-01
7.755371332168579102e-01
7.755217552185058594e-01
7.755063772201538086e-01
7.754911184310913086e-01
7.754757404327392578e-01
7.754603624343872070e-01
7.754449844360351562e-01
7.754296064376831055e-01
7.754142284393310547e-01
7.753988504409790039e-01
7.753834724426269531e-01
7.753680944442749023e-01
7.753525972366333008e-01
7.753372788429260254e-01
7.753218412399291992e-01
7.753063440322875977e-01
7.752909660339355469e-01
7.752754688262939453e-01
7.752599716186523438e-01
7.752445340156555176e-01
7.752290368080139160e-01
7.752135992050170898e-01
7.751979827880859375e-01
7.751825451850891113e-01
7.751669883728027344e-01
7.751514911651611328e-01
7.751359343528747559e-01
7.751203775405883789e-01
7.751048207283020020e-01
