8.615734577178955078e-01
8.615051507949829102e-01
8.614370822906494141e-01
8.613689541816711426e-01
8.613007664680480957e-01
8.612323403358459473e-01
8.611642122268676758e-01
8.610959053039550781e-01
8.610275983810424805e-01
8.609592914581298828e-01
8.608909845352172852e-01
8.608226180076599121e-01
8.607542514801025391e-01
8.606859445571899414e-01
8.606175184249877930e-01
8.605491518974304199e-01
8.604806661605834961e-01
8.604123592376708984e-01
8.603437542915344238e-01
8.602753281593322754e-01
8.602067828178405762e-01
8.601382970809936523e-01
8.600696921348571777e-01
8.600011467933654785e-01
8.599327802658081055e-01
8.598641157150268555e-01
8.597955703735351562e-01
8.597270250320434570e-01
8.596582412719726562e-01
8.595897555351257324e-01
8.595209121704101562e-01
8.594523668289184570e-01
8.593835830688476562e-01
8.593148589134216309e-01
8.592461347579956055e-01
8.591774106025695801e-01
8.591086864471435547e-01
8.590398430824279785e-01
8.589711189270019531e-01
8.589023351669311523e-01
8.588334918022155762e-01
8.587646484375000000e-01
8.586958050727844238e-01
8.586269617080688477e-01
8.585580587387084961e-01
8.584892749786376953e-01
8.584203720092773438e-01
8.583512902259826660e-01
8.582823276519775391e-01
8.582134246826171875e-01
8.581444621086120605e-01
8.580754995346069336e-01
8.580063581466674805e-01
8.579375147819519043e-01
8.578684329986572266e-01
8.577993512153625488e-01
8.577303886413574219e-01
8.576611876487731934e-01
8.575922250747680664e-01
8.575230836868286133e-01
8.574540019035339355e-01
8.573848009109497070e-01
8.573155999183654785e-01
8.572465777397155762e-01
8.571773767471313477e-01
8.571081757545471191e-01
8.570389747619628906e-01
8.569697737693786621e-01
8.569005131721496582e-01
8.568311929702758789e-01
8.567619323730468750e-01
8.566927313804626465e-01
8.566234111785888672e-01
8.565541505813598633e-01
8.564848303794860840e-01
8.564153909683227539e-01
8.563461303710937500e-01
8.562766909599304199e-01
8.562073707580566406e-01
8.561379909515380859e-01
8.560687303543090820e-01
8.559992313385009766e-01
8.559299111366271973e-01
8.558603525161743164e-01
8.557909131050109863e-01
8.557213544845581055e-01
8.556520938873291016e-01
8.555825352668762207e-01
8.555129766464233398e-01
8.554435968399047852e-01
8.553739786148071289e-01
8.553045392036437988e-01
8.552348613739013672e-01
8.551652431488037109e-01
8.550957441329956055e-01
8.550261259078979492e-01
8.549565672874450684e-01
8.548870086669921875e-01
8.548173308372497559e-01
8.547477722167968750e-01
8.546780943870544434e-01
8.546084165573120117e-01
8.545387387275695801e-01
8.544691801071166992e-01
8.543993234634399414e-01
8.543296456336975098e-01
8.542600870132446289e-01
8.541902899742126465e-01
8.541204929351806641e-01
8.540506362915039062e-01
8.539810776710510254e-01
8.539112806320190430e-01
8.538414239883422852e-01
8.537716865539550781e-01
8.537019491195678711e-01
8.536320924758911133e-01
8.535622358322143555e-01
8.534924983978271484e-01
8.534225821495056152e-01
8.533527851104736328e-01
8.532828092575073242e-01
8.532130122184753418e-01
8.531430959701538086e-01
8.530732393264770508e-01
8.530033826828002930e-01
8.529334068298339844e-01
8.528634309768676758e-01
8.527935743331909180e-01
8.527237176895141602e-01
8.526536226272583008e-01
8.525837659835815430e-01
8.525138497352600098e-01
8.524437546730041504e-01
8.523738384246826172e-01
8.523038625717163086e-01
8.522337675094604492e-01
8.521637916564941406e-01
8.520938158035278320e-01
8.520237207412719727e-01
8.519538044929504395e-01
8.518837690353393555e-01
8.518136143684387207e-01
8.517435789108276367e-01
8.516734838485717773e-01
8.516033887863159180e-01
8.515332937240600586e-01
8.514631986618041992e-01
8.513931035995483398e-01
8.513230085372924805e-01
8.512528538703918457e-01
8.511827588081359863e-01
8.511127233505249023e-01
8.510425090789794922e-01
8.509724140167236328e-01
8.509020805358886719e-01
8.508320450782775879e-01
8.507618904113769531e-01
8.506917357444763184e-01
8.506215810775756836e-01
8.505513668060302734e-01
8.504812121391296387e-01
8.504109382629394531e-01
8.503407835960388184e-01
8.502706289291381836e-01
8.502002954483032227e-01
8.501300811767578125e-01
8.500597476959228516e-01
8.499896526336669922e-01
8.499195575714111328e-01
8.498491644859313965e-01
8.497789502143859863e-01
8.497087359428405762e-01
8.496384024620056152e-01
8.495681285858154297e-01
8.494979143142700195e-01
8.494275808334350586e-01
8.493573665618896484e-01
8.492869734764099121e-01
8.492167592048645020e-01
8.491464257240295410e-01
8.490760922431945801e-01
8.490058183670043945e-01
8.489354848861694336e-01
8.488651514053344727e-01
8.487948179244995117e-01
8.487246036529541016e-01
8.486542701721191406e-01
8.485839962959289551e-01
8.485136032104492188e-01
8.484432101249694824e-01
8.483729362487792969e-01
8.483026027679443359e-01
8.482323288917541504e-01
8.481619358062744141e-01
8.480914235115051270e-01
8.480210900306701660e-01
8.479508161544799805e-01
8.478804826736450195e-01
8.478101491928100586e-01
8.477398157119750977e-01
8.476694822311401367e-01
8.475990295410156250e-01
8.475286960601806641e-01
8.474583625793457031e-01
8.473879694938659668e-01
8.473175764083862305e-01
8.472472429275512695e-01
8.471769094467163086e-01
8.471064567565917969e-01
8.470361232757568359e-01
8.469656705856323242e-01
8.468953967094421387e-01
8.468248844146728516e-01
8.467546701431274414e-01
8.466840982437133789e-01
8.466138839721679688e-01
8.465433716773986816e-01
8.464729785919189453e-01
8.464026451110839844e-01
8.463322520256042480e-01
8.462618589401245117e-01
8.461915254592895508e-01
8.461210727691650391e-01
8.460507392883300781e-01
8.459802865982055664e-01
8.459099531173706055e-01
8.458396196365356445e-01
8.457691669464111328e-01
8.456988334655761719e-01
8.456283807754516602e-01
8.455581665039062500e-01
8.454878330230712891e-01
8.454173803329467773e-01
8.453470468521118164e-01
8.452765941619873047e-01
8.452063202857971191e-01
8.451359272003173828e-01
8.450655937194824219e-01
8.449951410293579102e-01
8.449248671531677246e-01
8.448545932769775391e-01
8.447841405868530273e-01
8.447138667106628418e-01
8.446434736251831055e-01
8.445731401443481445e-01
8.445028066635131836e-01
8.444324135780334473e-01
8.443621397018432617e-01
8.442918062210083008e-01
8.442214727401733398e-01
8.441510796546936035e-01
8.440808653831481934e-01
8.440105319023132324e-01
8.439403176307678223e-01
8.438699841499328613e-01
8.437997102737426758e-01
8.437294363975524902e-01
8.436590433120727539e-01
8.435888886451721191e-01
8.435185551643371582e-01
8.434483408927917480e-01
8.433779478073120117e-01
8.433077931404113770e-01
8.432375788688659668e-01
8.431672453880310059e-01
8.430970311164855957e-01
8.430267572402954102e-01
8.429566025733947754e-01
8.428863286972045898e-01
8.428161740303039551e-01
8.427460193634033203e-01
8.426757454872131348e-01
8.426055312156677246e-01
8.425353765487670898e-01
8.424652218818664551e-01
8.423950672149658203e-01
8.423248529434204102e-01
8.422546982765197754e-01
8.421845436096191406e-01
8.421144485473632812e-01
8.420443534851074219e-01
8.419742584228515625e-01
8.419041633605957031e-01
8.418340682983398438e-01
8.417639732360839844e-01
8.416938185691833496e-01
8.416237235069274902e-01
8.415537476539611816e-01
8.414835929870605469e-01
8.414136171340942383e-01
8.413435816764831543e-01
8.412736058235168457e-01
8.412035107612609863e-01
8.411334753036499023e-01
8.410634994506835938e-01
8.409935235977172852e-01
8.409234881401062012e-01
8.408535718917846680e-01
8.407835960388183594e-01
8.407137989997863770e-01
8.406437039375305176e-01
8.405737876892089844e-01
8.405039310455322266e-01
8.404339551925659180e-01
8.403642177581787109e-01
8.402943015098571777e-01
8.402245044708251953e-01
8.401545286178588867e-01
8.400846719741821289e-01
8.400149941444396973e-01
8.399449586868286133e-01
8.398752808570861816e-01
8.398056030273437500e-01
8.397356867790222168e-01
8.396660089492797852e-01
8.395962119102478027e-01
8.395265340805053711e-01
8.394567966461181641e-01
8.393871188163757324e-01
8.393174409866333008e-01
8.392478227615356445e-01
8.391780853271484375e-01
8.391084671020507812e-01
8.390388488769531250e-01
8.389692306518554688e-01
8.388995528221130371e-01
8.388299942016601562e-01
8.387604951858520508e-01
8.386909365653991699e-01
8.386213779449462891e-01
8.385518789291381836e-01
8.384823799133300781e-01
8.384128808975219727e-01
8.383433818817138672e-01
8.382738828659057617e-01
8.382045030593872070e-01
8.381351232528686523e-01
8.380656242370605469e-01
8.379963040351867676e-01
8.379268646240234375e-01
8.378574848175048828e-01
8.377882242202758789e-01
8.377189636230468750e-01
8.376495838165283203e-01
8.375803232192993164e-01
8.375110626220703125e-01
8.374417424201965332e-01
8.373725414276123047e-01
8.373033404350280762e-01
8.372342586517333984e-01
8.371649980545043945e-01
8.370958566665649414e-01
8.370267152786254883e-01
8.369576334953308105e-01
8.368885517120361328e-01
8.368194103240966797e-01
8.367505073547363281e-01
8.366813659667968750e-01
8.366124033927917480e-01
8.365434408187866211e-01
8.364744186401367188e-01
8.364055156707763672e-01
8.363366127014160156e-01
8.362677693367004395e-01
8.361988067626953125e-01
8.361300230026245117e-01
8.360611200332641602e-01
8.359922766685485840e-01
8.359234333038330078e-01
8.358547687530517578e-01
8.357859849929809570e-01
8.357172012329101562e-01
8.356484770774841309e-01
8.355798721313476562e-01
8.355113267898559570e-01
8.354425430297851562e-01
8.353738784790039062e-01
8.353053331375122070e-01
8.352367877960205078e-01
8.351682424545288086e-01
8.350998163223266602e-01
8.350312113761901855e-01
8.349627256393432617e-01
8.348943591117858887e-01
8.348258733749389648e-01
8.347576856613159180e-01
8.346892595291137695e-01
8.346207737922668457e-01
8.345525860786437988e-01
8.344843387603759766e-01
8.344159126281738281e-01
8.343477249145507812e-01
8.342795968055725098e-01
8.342113494873046875e-01
8.341432213783264160e-01
8.340750336647033691e-01
8.340070247650146484e-01
8.339390158653259277e-01
8.338708877563476562e-01
8.338028192520141602e-01
8.337348699569702148e-01
8.336669206619262695e-01
8.335989713668823242e-01
8.335310816764831543e-01
8.334631919860839844e-01
8.333953022956848145e-01
8.333274722099304199e-01
8.332597613334655762e-01
8.331918716430664062e-01
8.331242799758911133e-01
8.330565690994262695e-01
8.329888582229614258e-01
8.329212665557861328e-01
8.328535556793212891e-01
8.327859640121459961e-01
8.327184915542602539e-01
8.326509594917297363e-01
8.325834870338439941e-01
8.325159549713134766e-01
8.324484825134277344e-01
8.323811888694763184e-01
8.323137760162353516e-01
8.322464227676391602e-01
8.321791887283325195e-01
8.321118354797363281e-01
8.320446014404296875e-01
8.319773674011230469e-01
8.319103121757507324e-01
8.318431377410888672e-01
8.317760825157165527e-01
8.317090272903442383e-01
8.316420316696166992e-01
8.315749168395996094e-01
8.315079212188720703e-01
8.314409852027893066e-01
8.313740491867065430e-01
8.313072919845581055e-01
8.312405347824096680e-01
8.311735391616821289e-01
8.311069011688232422e-01
8.310402035713195801e-01
8.309733867645263672e-01
8.309067487716674805e-01
8.308401107788085938e-01
8.307735919952392578e-01
8.307069540023803711e-01
8.306405544281005859e-01
8.305739164352416992e-01
8.305075168609619141e-01
8.304411172866821289e-01
8.303747177124023438e-01
8.303084969520568848e-01
8.302421569824218750e-01
8.301757574081420898e-01
8.301097154617309570e-01
8.300434350967407227e-01
8.299773931503295898e-01
8.299112319946289062e-01
8.298450708389282227e-01
8.297790884971618652e-01
8.297131657600402832e-01
8.296470642089843750e-01
8.295812606811523438e-01
8.295153379440307617e-01
8.294495344161987305e-01
8.293836712837219238e-01
8.293179273605346680e-01
8.292522430419921875e-01
8.291865587234497070e-01
8.291208744049072266e-01
8.290553092956542969e-01
8.289897441864013672e-01
8.289242982864379883e-01
8.288587331771850586e-01
8.287932872772216797e-01
8.287279605865478516e-01
8.286626338958740234e-01
8.285972476005554199e-01
8.285320997238159180e-01
8.284667730331420898e-01
8.284015655517578125e-01
8.283364772796630859e-01
8.282713294029235840e-01
8.282063007354736328e-01
8.281413316726684570e-01
8.280762434005737305e-01
8.280113935470581055e-01
8.279465436935424805e-01
8.278818130493164062e-01
8.278168439865112305e-01
8.277520537376403809e-01
8.276873826980590820e-01
8.276227712631225586e-01
8.275581002235412598e-01
8.274935483932495117e-01
8.274289369583129883e-01
8.273646235466003418e-01
8.272999525070190430e-01
8.272356986999511719e-01
8.271712660789489746e-01
8.271070718765258789e-01
8.270428180694580078e-01
8.269785642623901367e-01
8.269144296646118164e-01
8.268502950668334961e-01
8.267862796783447266e-01
8.267222046852111816e-01
8.266581892967224121e-01
8.265943527221679688e-01
8.265304565429687500e-01
8.264665603637695312e-01
8.264027833938598633e-01
8.263391256332397461e-01
8.262752890586853027e-01
8.262116909027099609e-01
8.261482119560241699e-01
8.260846138000488281e-01
8.260211348533630371e-01
8.259576559066772461e-01
8.258941769599914551e-01
8.258309364318847656e-01
8.257676362991333008e-01
8.257043957710266113e-01
8.256411552429199219e-01
8.255779743194580078e-01
8.255150318145751953e-01
8.254517912864685059e-01
8.253887891769409180e-01
8.253259658813476562e-01
8.252630233764648438e-01
8.252000808715820312e-01
8.251373767852783203e-01
8.250746130943298340e-01
8.250119686126708984e-01
8.249492645263671875e-01
8.248867988586425781e-01
8.248242139816284180e-01
8.247616887092590332e-01
8.246992230415344238e-01
8.246368169784545898e-01
8.245745897293090820e-01
8.245122432708740234e-01
8.244501352310180664e-01
8.243879675865173340e-01
8.243258595466613770e-01
8.242636919021606445e-01
8.242018222808837891e-01
8.241398334503173828e-01
8.240778446197509766e-01
8.240162134170532227e-01
8.239542245864868164e-01
8.238924741744995117e-01
8.238309621810913086e-01
8.237692117691040039e-01
8.237076997756958008e-01
8.236461877822875977e-01
8.235846757888793945e-01
8.235233426094055176e-01
8.234620094299316406e-01
8.234007358551025391e-01
8.233394622802734375e-01
8.232782483100891113e-01
8.232171535491943359e-01
8.231560587882995605e-01
8.230950832366943359e-01
8.230342268943786621e-01
8.229732513427734375e-01
8.229125142097473145e-01
8.228516578674316406e-01
8.227909207344055176e-01
8.227303028106689453e-01
8.226696252822875977e-01
8.226092457771301270e-01
8.225486278533935547e-01
8.224883079528808594e-01
8.224279880523681641e-01
8.223676085472106934e-01
8.223072886466979980e-01
8.222472071647644043e-01
8.221870064735412598e-01
8.221269249916076660e-01
8.220669031143188477e-01
8.220070004463195801e-01
8.219470977783203125e-01
8.218872547149658203e-01
8.218275904655456543e-01
8.217678070068359375e-01
8.217082023620605469e-01
8.216485381126403809e-01
8.215890526771545410e-01
8.215295672416687012e-01
8.214700818061828613e-01
8.214107751846313477e-01
8.213514089584350586e-01
8.212923407554626465e-01
8.212331533432006836e-01
8.211740255355834961e-01
8.211150169372558594e-01
8.210560083389282227e-01
8.209971189498901367e-01
8.209382891654968262e-01
8.208795785903930664e-01
8.208206892013549805e-01
8.207620978355407715e-01
8.207034468650817871e-01
8.206449151039123535e-01
8.205865025520324707e-01
8.205280900001525879e-01
8.204697966575622559e-01
8.204115033149719238e-01
8.203532099723815918e-01
8.202952146530151367e-01
8.202371597290039062e-01
8.201791048049926758e-01
8.201210498809814453e-01
8.200632333755493164e-01
8.200054168701171875e-01
8.199477195739746094e-01
8.198899626731872559e-01
8.198323249816894531e-01
8.197748661041259766e-01
8.197172284126281738e-01
8.196599483489990234e-01
8.196025490760803223e-01
8.195452690124511719e-01
8.194879889488220215e-01
8.194309473037719727e-01
8.193736672401428223e-01
8.193166851997375488e-01
8.192597627639770508e-01
8.192027807235717773e-01
8.191459774971008301e-01
8.190891742706298828e-01
8.190325498580932617e-01
8.189759254455566406e-01
8.189194202423095703e-01
8.188628554344177246e-01
8.188065290451049805e-01
8.187500834465026855e-01
8.186937570571899414e-01
8.186376094818115234e-01
8.185814619064331055e-01
8.185254335403442383e-01
8.184692859649658203e-01
8.184134960174560547e-01
8.183575868606567383e-01
8.183017969131469727e-01
8.182460069656372070e-01
8.181903362274169922e-01
8.181347846984863281e-01
8.180792331695556641e-01
8.180238008499145508e-01
8.179684877395629883e-01
8.179130554199218750e-01
8.178579211235046387e-01
8.178027272224426270e-01
8.177475929260253906e-01
8.176925778388977051e-01
8.176376223564147949e-01
8.175827264785766602e-01
8.175279498100280762e-01
8.174731731414794922e-01
8.174185752868652344e-01
8.173638582229614258e-01
8.173092603683471680e-01
8.172549009323120117e-01
8.172004818916320801e-01
8.171461820602416992e-01
8.170919418334960938e-01
8.170377016067504883e-01
8.169836997985839844e-01
8.169296979904174805e-01
8.168756961822509766e-01
8.168217539787292480e-01
8.167679309844970703e-01
8.167142868041992188e-01
8.166605234146118164e-01
8.166068792343139648e-01
8.165534138679504395e-01
8.164999485015869141e-01
8.164466023445129395e-01
8.163933753967285156e-01
8.163400292396545410e-01
8.162869215011596680e-01
8.162338137626647949e-01
8.161808848381042480e-01
8.161280155181884766e-01
8.160749673843383789e-01
8.160222172737121582e-01
8.159695863723754883e-01
8.159168958663940430e-01
8.158643245697021484e-01
8.158119320869445801e-01
8.157594799995422363e-01
8.157071471214294434e-01
8.156548738479614258e-01
8.156027793884277344e-01
8.155506253242492676e-01
8.154984712600708008e-01
8.154467344284057617e-01
8.153946995735168457e-01
8.153429031372070312e-01
8.152911663055419922e-01
8.152394890785217285e-01
8.151879906654357910e-01
8.151364326477050781e-01
8.150849938392639160e-01
8.150336742401123047e-01
8.149825334548950195e-01
8.149311542510986328e-01
8.148800134658813477e-01
8.148289918899536133e-01
8.147780895233154297e-01
8.147271275520324707e-01
8.146762847900390625e-01
8.146256208419799805e-01
8.145748376846313477e-01
8.145243525505065918e-01
8.144739270210266113e-01
8.144233226776123047e-01
8.143730759620666504e-01
8.143227100372314453e-01
8.142725229263305664e-01
8.142223954200744629e-01
8.141723871231079102e-01
8.141224384307861328e-01
8.140726089477539062e-01
8.140227198600769043e-01
8.139729499816894531e-01
8.139233589172363281e-01
8.138736486434936523e-01
8.138241767883300781e-01
8.137747049331665039e-01
8.137253522872924805e-01
8.136762380599975586e-01
8.136270046234130859e-01
8.135778307914733887e-01
8.135288953781127930e-01
8.134799003601074219e-01
8.134310841560363770e-01
8.133822679519653320e-01
8.133335113525390625e-01
8.132849335670471191e-01
8.132363557815551758e-01
8.131878376007080078e-01
8.131394386291503906e-01
8.130910992622375488e-01
8.130429387092590332e-01
8.129948377609252930e-01
8.129466772079467773e-01
8.128987550735473633e-01
8.128508329391479492e-01
8.128029108047485352e-01
8.127552270889282227e-01
8.127074241638183594e-01
8.126598596572875977e-01
8.126122951507568359e-01
8.125648498535156250e-01
8.125174641609191895e-01
8.124701976776123047e-01
8.124229907989501953e-01
8.123759031295776367e-01
8.123288154602050781e-01
8.122819662094116211e-01
8.122349381446838379e-01
8.121882081031799316e-01
8.121414184570312500e-01
8.120948076248168945e-01
8.120483160018920898e-01
8.120018243789672852e-01
8.119553923606872559e-01
8.119090795516967773e-01
8.118628263473510742e-01
8.118166327476501465e-01
8.117705583572387695e-01
8.117245435714721680e-01
8.116786479949951172e-01
8.116327524185180664e-01
8.115869760513305664e-01
8.115413188934326172e-01
8.114957213401794434e-01
8.114502429962158203e-01
8.114048838615417480e-01
8.113594055175781250e-01
8.113142251968383789e-01
8.112689256668090820e-01
8.112238645553588867e-01
8.111789226531982422e-01
8.111339211463928223e-01
8.110889792442321777e-01
8.110442161560058594e-01
8.109995126724243164e-01
8.109549283981323242e-01
8.109102249145507812e-01
8.108658790588378906e-01
8.108215332031250000e-01
8.107771873474121094e-01
8.107330799102783203e-01
8.106888532638549805e-01
8.106447458267211914e-01
8.106007575988769531e-01
8.105569481849670410e-01
8.105131387710571289e-01
8.104693889617919922e-01
8.104257583618164062e-01
8.103821277618408203e-01
8.103387355804443359e-01
8.102952241897583008e-01
8.102519512176513672e-01
8.102086782455444336e-01
8.101656436920166016e-01
8.101224899291992188e-01
8.100795149803161621e-01
8.100365400314331055e-01
8.099937438964843750e-01
8.099510669708251953e-01
8.099083900451660156e-01
8.098657131195068359e-01
8.098232150077819824e-01
8.097808361053466797e-01
8.097384572029113770e-01
8.096961975097656250e-01
8.096539974212646484e-01
8.096119165420532227e-01
8.095698952674865723e-01
8.095280528068542480e-01
8.094861507415771484e-01
8.094443678855895996e-01
8.094026446342468262e-01
8.093609809875488281e-01
8.093194961547851562e-01
8.092781305313110352e-01
8.092367053031921387e-01
8.091953992843627930e-01
8.091542720794677734e-01
8.091130852699279785e-01
8.090720176696777344e-01
8.090311288833618164e-01
8.089901804924011230e-01
8.089494109153747559e-01
8.089088201522827148e-01
8.088681697845458984e-01
8.088275790214538574e-01
8.087871074676513672e-01
8.087466955184936523e-01
8.087064027786254883e-01
8.086662292480468750e-01
8.086259365081787109e-01
8.085860013961791992e-01
8.085460066795349121e-01
8.085061311721801758e-01
8.084663152694702148e-01
8.084264993667602539e-01
8.083869218826293945e-01
8.083473443984985352e-01
8.083078861236572266e-01
8.082684278488159180e-01
8.082290887832641602e-01
8.081898689270019531e-01
8.081506490707397461e-01
8.081116080284118652e-01
8.080725669860839844e-01
8.080337047576904297e-01
8.079948425292968750e-01
8.079560399055480957e-01
8.079174160957336426e-01
8.078787326812744141e-01
8.078403472900390625e-01
8.078018426895141602e-01
8.077634572982788086e-01
8.077251315116882324e-01
8.076869249343872070e-01
8.076488971710205078e-01
8.076108098030090332e-01
8.075728416442871094e-01
8.075350522994995117e-01
8.074972629547119141e-01
8.074595928192138672e-01
8.074219226837158203e-01
8.073843717575073242e-01
8.073468208312988281e-01
8.073095083236694336e-01
8.072721958160400391e-01
8.072349429130554199e-01
8.071978092193603516e-01
8.071607351303100586e-01
8.071237802505493164e-01
8.070868253707885742e-01
8.070500493049621582e-01
8.070132732391357422e-01
8.069766163825988770e-01
8.069399595260620117e-01
8.069034814834594727e-01
8.068670630455017090e-01
8.068306446075439453e-01
8.067942857742309570e-01
8.067581653594970703e-01
8.067221045494079590e-01
8.066861033439636230e-01
8.066501617431640625e-01
8.066142201423645020e-01
8.065784573554992676e-01
8.065427541732788086e-01
8.065071105957031250e-01
8.064715862274169922e-01
8.064359426498413086e-01
8.064006567001342773e-01
8.063653111457824707e-01
8.063300848007202148e-01
8.062949180603027344e-01
8.062598705291748047e-01
8.062247633934020996e-01
8.061898350715637207e-01
8.061550259590148926e-01
8.061202764511108398e-01
8.060855865478515625e-01
8.060508966445922852e-01
8.060163855552673340e-01
8.059819936752319336e-01
8.059475421905517578e-01
8.059132695198059082e-01
8.058789968490600586e-01
8.058449029922485352e-01
8.058108687400817871e-01
8.057768344879150391e-01
8.057429790496826172e-01
8.057090044021606445e-01
8.056752681732177734e-01
8.056416511535644531e-01
8.056080341339111328e-01
8.055744171142578125e-01
8.055409789085388184e-01
8.055076599121093750e-01
8.054743409156799316e-01
8.054411411285400391e-01
8.054080009460449219e-01
8.053748607635498047e-01
8.053419589996337891e-01
8.053089380264282227e-01
8.052760958671569824e-01
8.052433729171752930e-01
8.052107095718383789e-01
8.051780462265014648e-01
8.051455616950988770e-01
8.051130771636962891e-01
8.050806522369384766e-01
8.050484061241149902e-01
8.050161004066467285e-01
8.049839735031127930e-01
8.049519062042236328e-01
8.049198389053344727e-01
8.048879504203796387e-01
8.048561215400695801e-01
8.048243522644042969e-01
8.047926425933837891e-01
8.047609925270080566e-01
8.047294020652770996e-01
8.046979308128356934e-01
8.046665191650390625e-01
8.046351671218872070e-01
8.046039342880249023e-01
8.045728206634521484e-01
8.045415878295898438e-01
8.045105934143066406e-01
8.044795989990234375e-01
8.044486641883850098e-01
8.044179677963256836e-01
8.043871521949768066e-01
8.043564558029174805e-01
8.043259382247924805e-01
8.042953610420227051e-01
8.042649030685424805e-01
8.042345046997070312e-01
8.042042255401611328e-01
8.041740059852600098e-01
8.041437864303588867e-01
8.041137456893920898e-01
8.040837049484252930e-01
8.040537834167480469e-01
8.040238618850708008e-01
8.039941191673278809e-01
8.039643764495849609e-01
8.039347529411315918e-01
8.039050698280334473e-01
8.038755655288696289e-01
8.038461208343505859e-01
8.038167953491210938e-01
8.037874698638916016e-01
8.037582039833068848e-01
8.037290573120117188e-01
8.036999702453613281e-01
8.036710023880004883e-01
8.036420345306396484e-01
8.036130666732788086e-01
8.035843372344970703e-01
8.035555481910705566e-01
8.035269975662231445e-01
8.034982681274414062e-01
8.034698367118835449e-01
8.034413456916809082e-01
8.034129738807678223e-01
8.033846616744995117e-01
8.033564090728759766e-01
8.033282756805419922e-01
8.033001422882080078e-01
8.032721281051635742e-01
8.032441139221191406e-01
8.032162189483642578e-01
8.031883835792541504e-01
8.031606674194335938e-01
8.031328916549682617e-01
8.031052947044372559e-01
8.030776977539062500e-01
8.030502200126647949e-01
8.030228614807128906e-01
8.029954433441162109e-01
8.029681444168090820e-01
8.029409050941467285e-01
8.029137849807739258e-01
8.028867244720458984e-01
8.028596639633178711e-01
8.028326034545898438e-01
8.028058409690856934e-01
8.027790188789367676e-01
8.027521967887878418e-01
8.027254343032836914e-01
8.026988506317138672e-01
8.026722669601440430e-01
8.026458024978637695e-01
8.026193380355834961e-01
8.025929927825927734e-01
8.025667667388916016e-01
8.025405406951904297e-01
8.025142550468444824e-01
8.024882078170776367e-01
8.024622797966003418e-01
8.024361729621887207e-01
8.024103045463562012e-01
8.023844957351684570e-01
8.023586869239807129e-01
8.023329973220825195e-01
8.023072481155395508e-01
8.022817373275756836e-01
8.022562861442565918e-01
8.022307157516479492e-01
8.022053241729736328e-01
8.021799921989440918e-01
8.021547198295593262e-01
8.021295070648193359e-01
8.021042943000793457e-01
8.020793199539184570e-01
8.020542860031127930e-01
8.020293712615966797e-01
8.020043969154357910e-01
8.019796013832092285e-01
8.019548654556274414e-01
8.019301295280456543e-01
8.019054532051086426e-01
8.018808364868164062e-01
8.018562793731689453e-01
8.018318414688110352e-01
8.018075227737426758e-01
8.017830848693847656e-01
8.017587661743164062e-01
8.017345666885375977e-01
8.017103672027587891e-01
8.016862869262695312e-01
8.016622066497802734e-01
8.016383051872253418e-01
8.016144037246704102e-01
8.015905022621154785e-01
8.015666604042053223e-01
8.015428781509399414e-01
8.015192151069641113e-01
8.014956116676330566e-01
8.014720082283020020e-01
8.014484643936157227e-01
8.014250993728637695e-01
8.014016151428222656e-01
8.013783693313598633e-01
8.013550639152526855e-01
8.013318777084350586e-01
8.013086318969726562e-01
8.012855648994445801e-01
8.012624979019165039e-01
8.012394905090332031e-01
8.012166023254394531e-01
8.011937141418457031e-01
8.011708855628967285e-01
8.011480569839477539e-01
8.011255264282226562e-01
8.011027574539184570e-01
8.010801076889038086e-01
8.010575771331787109e-01
8.010351657867431641e-01
8.010126352310180664e-01
8.009903430938720703e-01
8.009679317474365234e-01
8.009456396102905273e-01
8.009235262870788574e-01
8.009013533592224121e-01
8.008792400360107422e-01
8.008571863174438477e-01
8.008351922035217285e-01
8.008131980895996094e-01
8.007913231849670410e-01
8.007694482803344727e-01
8.007477521896362305e-01
8.007259368896484375e-01
8.007042407989501953e-01
8.006827235221862793e-01
8.006612062454223633e-01
8.006396293640136719e-01
8.006181716918945312e-01
8.005967140197753906e-01
8.005753755569458008e-01
8.005540370941162109e-01
8.005326986312866211e-01
8.005116581916809082e-01
8.004904389381408691e-01
8.004694581031799316e-01
8.004483580589294434e-01
8.004273772239685059e-01
8.004064559936523438e-01
8.003854155540466309e-01
8.003647327423095703e-01
8.003438711166381836e-01
8.003231287002563477e-01
8.003023862838745117e-01
8.002817630767822266e-01
8.002611994743347168e-01
8.002406358718872070e-01
8.002201318740844727e-01
8.001996278762817383e-01
8.001792430877685547e-01
8.001589179039001465e-01
8.001385927200317383e-01
8.001183271408081055e-01
8.000981807708740234e-01
8.000779151916503906e-01
8.000578880310058594e-01
8.000378012657165527e-01
8.000178337097167969e-01
7.999978065490722656e-01
7.999778985977172852e-01
7.999579906463623047e-01
7.999382019042968750e-01
7.999184131622314453e-01
7.998986244201660156e-01
7.998789548873901367e-01
7.998592853546142578e-01
7.998396754264831543e-01
7.998201847076416016e-01
7.998006343841552734e-01
7.997812628746032715e-01
7.997617721557617188e-01
7.997424602508544922e-01
7.997231483459472656e-01
7.997038364410400391e-01
7.996846437454223633e-01
7.996654510498046875e-01
7.996462583541870117e-01
7.996271848678588867e-01
7.996081113815307617e-01
7.995890974998474121e-01
7.995702028274536133e-01
7.995511293411254883e-01
7.995322942733764648e-01
7.995134592056274414e-01
7.994946837425231934e-01
7.994759082794189453e-01
7.994571924209594727e-01
7.994385957717895508e-01
7.994199395179748535e-01
7.994014024734497070e-01
7.993828058242797852e-01
7.993643283843994141e-01
7.993458509445190430e-01
7.993273735046386719e-01
7.993090152740478516e-01
7.992907166481018066e-01
7.992724180221557617e-01
7.992541790008544922e-01
7.992359399795532227e-01
7.992178201675415039e-01
7.991996407508850098e-01
7.991814613342285156e-01
7.991635799407958984e-01
7.991455197334289551e-01
7.991275787353515625e-01
7.991095781326293945e-01
7.990916967391967773e-01
7.990738749504089355e-01
7.990560531616210938e-01
7.990382909774780273e-01
7.990205287933349609e-01
7.990027666091918945e-01
7.989852428436279297e-01
7.989674806594848633e-01
7.989499568939208984e-01
7.989323735237121582e-01
7.989149093627929688e-01
7.988973855972290039e-01
7.988799810409545898e-01
7.988625764846801758e-01
7.988451719284057617e-01
7.988278865814208984e-01
7.988105416297912598e-01
7.987934350967407227e-01
7.987760305404663086e-01
7.987588644027709961e-01
7.987417578697204590e-01
7.987246513366699219e-01
7.987076044082641602e-01
7.986906170845031738e-01
7.986735105514526367e-01
7.986565828323364258e-01
7.986396551132202148e-01
7.986227273941040039e-01
7.986058592796325684e-01
7.985891103744506836e-01
7.985722422599792480e-01
7.985554337501525879e-01
7.985388040542602539e-01
7.985220551490783691e-01
7.985053062438964844e-01
7.984887957572937012e-01
7.984722256660461426e-01
7.984555959701538086e-01
7.984391450881958008e-01
7.984225749969482422e-01
7.984061241149902344e-01
7.983897328376770020e-01
7.983733415603637695e-01
7.983570098876953125e-01
7.983406186103820801e-01
7.983243465423583984e-01
7.983080148696899414e-01
7.982918024063110352e-01
7.982756495475769043e-01
7.982593774795532227e-01
7.982432842254638672e-01
7.982271909713745117e-01
7.982110977172851562e-01
7.981950044631958008e-01
7.981790304183959961e-01
7.981629371643066406e-01
7.981470227241516113e-01
7.981311678886413574e-01
7.981152534484863281e-01
7.980993390083312988e-01
7.980834841728210449e-01
7.980676889419555664e-01
7.980518937110900879e-01
7.980361580848693848e-01
7.980203628540039062e-01
7.980047464370727539e-01
7.979890108108520508e-01
7.979733943939208984e-01
7.979577779769897461e-01
7.979421615600585938e-01
7.979266643524169922e-01
7.979111075401306152e-01
7.978955507278442383e-01
7.978801131248474121e-01
7.978646755218505859e-01
7.978492379188537598e-01
7.978338003158569336e-01
7.978184819221496582e-01
7.978032231330871582e-01
7.977877855300903320e-01
7.977725267410278320e-01
7.977572679519653320e-01
7.977420687675476074e-01
7.977268695831298828e-01
7.977117300033569336e-01
7.976964712142944336e-01
7.976813316345214844e-01
7.976661920547485352e-01
7.976511716842651367e-01
7.976361513137817383e-01
7.976210713386535645e-01
7.976060509681701660e-01
7.975910902023315430e-01
7.975761294364929199e-01
7.975612282752990723e-01
7.975462675094604492e-01
7.975314259529113770e-01
7.975164651870727539e-01
7.975016832351684570e-01
7.974869608879089355e-01
7.974721193313598633e-01
7.974573373794555664e-01
7.974426150321960449e-01
7.974278330802917480e-01
7.974131107330322266e-01
7.973984479904174805e-01
7.973838448524475098e-01
7.973691225051879883e-01
7.973545789718627930e-01
7.973400354385375977e-01
7.973253726959228516e-01
7.973108887672424316e-01
7.972962856292724609e-01
7.972818613052368164e-01
7.972673177719116211e-01
7.972528338432312012e-01
7.972384095191955566e-01
7.972240447998046875e-01
7.972096204757690430e-01
7.971951961517333984e-01
7.971808910369873047e-01
7.971664667129516602e-01
7.971521615982055664e-01
7.971379160881042480e-01
7.971236705780029297e-01
7.971094250679016113e-01
7.970952391624450684e-01
7.970808744430541992e-01
7.970668077468872070e-01
7.970526218414306641e-01
7.970384359359741211e-01
7.970242500305175781e-01
7.970101833343505859e-01
7.969960570335388184e-01
7.969819307327270508e-01
7.969679832458496094e-01
7.969539165496826172e-01
7.969398498535156250e-01
7.969257831573486328e-01
7.969118356704711914e-01
7.968979477882385254e-01
7.968839406967163086e-01
7.968699336051940918e-01
7.968560457229614258e-01
7.968420982360839844e-01
7.968282699584960938e-01
7.968143820762634277e-01
7.968004941940307617e-01
7.967866659164428711e-01
7.967728972434997559e-01
7.967590689659118652e-01
7.967453002929687500e-01
7.967315912246704102e-01
7.967177033424377441e-01
7.967040538787841797e-01
7.966902852058410645e-01
7.966766357421875000e-01
7.966628074645996094e-01
7.966492176055908203e-01
7.966355681419372559e-01
7.966219186782836914e-01
7.966083288192749023e-01
7.965946793556213379e-01
7.965810298919677734e-01
7.965674400329589844e-01
7.965539097785949707e-01
7.965403199195861816e-01
7.965268492698669434e-01
7.965131998062133789e-01
7.964997291564941406e-01
7.964862585067749023e-01
7.964727878570556641e-01
7.964593172073364258e-01
7.964459061622619629e-01
7.964324951171875000e-01
7.964189648628234863e-01
7.964054942131042480e-01
7.963922023773193359e-01
7.963787913322448730e-01
7.963654398918151855e-01
7.963520288467407227e-01
7.963386774063110352e-01
7.963253259658813477e-01
7.963119745254516602e-01
7.962987422943115234e-01
7.962853908538818359e-01
7.962721586227416992e-01
7.962589263916015625e-01
7.962455749511718750e-01
7.962323427200317383e-01
7.962191104888916016e-01
7.962058186531066895e-01
7.961926460266113281e-01
7.961794137954711914e-01
7.961661815643310547e-01
7.961530089378356934e-01
7.961398363113403320e-01
7.961267232894897461e-01
7.961136102676391602e-01
7.961004376411437988e-01
7.960872650146484375e-01
7.960741519927978516e-01
7.960610985755920410e-01
7.960479259490966797e-01
7.960349321365356445e-01
7.960218191146850586e-01
7.960087060928344727e-01
7.959956526756286621e-01
7.959827184677124023e-01
7.959696054458618164e-01
7.959566116333007812e-01
7.959434986114501953e-01
7.959305047988891602e-01
7.959175109863281250e-01
7.959045171737670898e-01
7.958915829658508301e-01
7.958785295486450195e-01
7.958656549453735352e-01
7.958526611328125000e-01
7.958397269248962402e-01
7.958267927169799805e-01
7.958139181137084961e-01
7.958009243011474609e-01
7.957880496978759766e-01
7.957751750946044922e-01
7.957623004913330078e-01
7.957494258880615234e-01
7.957364320755004883e-01
7.957235574722290039e-01
7.957107424736022949e-01
7.956979274749755859e-01
7.956850528717041016e-01
7.956721782684326172e-01
7.956593632698059082e-01
7.956465482711791992e-01
7.956337332725524902e-01
7.956209182739257812e-01
7.956080436706542969e-01
7.955952882766723633e-01
7.955824732780456543e-01
7.955697178840637207e-01
7.955569624900817871e-01
7.955441474914550781e-01
7.955313920974731445e-01
7.955186963081359863e-01
7.955058813095092773e-01
7.954932451248168945e-01
7.954803705215454102e-01
7.954676151275634766e-01
7.954549789428710938e-01
7.954422831535339355e-01
7.954295277595520020e-01
7.954168319702148438e-01
7.954040765762329102e-01
7.953914403915405273e-01
7.953787446022033691e-01
7.953660488128662109e-01
7.953534126281738281e-01
7.953406572341918945e-01
7.953280210494995117e-01
7.953153848648071289e-01
7.953026890754699707e-01
7.952901124954223633e-01
7.952773571014404297e-01
7.952647209167480469e-01
7.952521443367004395e-01
7.952394485473632812e-01
7.952268719673156738e-01
7.952142357826232910e-01
7.952015995979309082e-01
7.951889634132385254e-01
7.951763272285461426e-01
7.951637506484985352e-01
7.951511144638061523e-01
7.951385974884033203e-01
7.951259613037109375e-01
7.951133251190185547e-01
7.951007485389709473e-01
7.950881719589233398e-01
7.950755357742309570e-01
7.950630187988281250e-01
7.950505018234252930e-01
7.950378656387329102e-01
7.950253486633300781e-01
7.950127720832824707e-01
7.950001955032348633e-01
7.949876189231872559e-01
7.949750423431396484e-01
7.949625253677368164e-01
7.949498891830444336e-01
7.949373722076416016e-01
7.949248552322387695e-01
7.949123382568359375e-01
7.948998212814331055e-01
7.948871850967407227e-01
7.948747873306274414e-01
7.948621511459350586e-01
7.948496341705322266e-01
7.948371171951293945e-01
7.948246002197265625e-01
7.948120832443237305e-01
7.947995662689208984e-01
7.947870492935180664e-01
7.947745323181152344e-01
7.947620153427124023e-01
7.947495579719543457e-01
7.947371006011962891e-01
7.947244644165039062e-01
7.947120666503906250e-01
7.946994900703430176e-01
7.946869730949401855e-01
7.946745157241821289e-01
7.946619987487792969e-01
7.946496009826660156e-01
7.946370244026184082e-01
7.946244478225708008e-01
7.946120500564575195e-01
7.945995330810546875e-01
7.945870161056518555e-01
7.945745587348937988e-01
7.945621013641357422e-01
7.945495843887329102e-01
7.945371866226196289e-01
7.945246696472167969e-01
7.945120930671691895e-01
7.944996356964111328e-01
7.944871783256530762e-01
7.944746613502502441e-01
7.944622039794921875e-01
7.944496870040893555e-01
7.944372892379760742e-01
7.944247722625732422e-01
7.944122552871704102e-01
7.943997979164123535e-01
7.943873405456542969e-01
7.943748831748962402e-01
7.943623661994934082e-01
7.943499088287353516e-01
7.943373918533325195e-01
7.943249344825744629e-01
7.943124771118164062e-01
7.942999601364135742e-01
7.942875027656555176e-01
7.942750453948974609e-01
7.942625284194946289e-01
7.942500114440917969e-01
7.942375540733337402e-01
7.942250967025756836e-01
7.942126393318176270e-01
7.942001819610595703e-01
7.941876053810119629e-01
7.941751480102539062e-01
7.941626310348510742e-01
7.941502332687377930e-01
7.941377758979797363e-01
7.941251993179321289e-01
7.941128015518188477e-01
7.941003441810607910e-01
7.940878272056579590e-01
7.940753102302551270e-01
7.940627932548522949e-01
7.940503358840942383e-01
7.940378189086914062e-01
7.940254211425781250e-01
7.940129041671752930e-01
7.940003871917724609e-01
7.939879298210144043e-01
7.939754724502563477e-01
7.939628958702087402e-01
7.939504384994506836e-01
7.939379215240478516e-01
7.939254045486450195e-01
7.939128875732421875e-01
7.939003705978393555e-01
7.938878536224365234e-01
7.938754558563232422e-01
7.938629388809204102e-01
7.938504219055175781e-01
7.938379049301147461e-01
7.938253879547119141e-01
7.938128709793090820e-01
7.938004136085510254e-01
7.937878370285034180e-01
7.937754392623901367e-01
7.937628030776977539e-01
7.937502861022949219e-01
7.937377691268920898e-01
7.937253117561340332e-01
7.937127351760864258e-01
7.937002182006835938e-01
7.936877012252807617e-01
7.936751842498779297e-01
7.936626672744750977e-01
7.936501502990722656e-01
7.936375737190246582e-01
7.936249971389770508e-01
7.936124801635742188e-01
7.935999631881713867e-01
7.935874462127685547e-01
7.935748696327209473e-01
7.935622930526733398e-01
7.935497760772705078e-01
7.935372591018676758e-01
7.935246229171752930e-01
7.935121655464172363e-01
7.934995293617248535e-01
7.934869527816772461e-01
7.934744358062744141e-01
7.934618592262268066e-01
7.934492826461791992e-01
7.934366464614868164e-01
7.934241294860839844e-01
7.934115529060363770e-01
7.933989763259887695e-01
7.933863401412963867e-01
7.933738231658935547e-01
7.933611869812011719e-01
7.933486104011535645e-01
7.933360934257507324e-01
7.933234572410583496e-01
7.933108806610107422e-01
7.932982444763183594e-01
7.932856678962707520e-01
7.932729721069335938e-01
7.932604551315307617e-01
7.932478189468383789e-01
7.932351827621459961e-01
7.932225465774536133e-01
7.932100296020507812e-01
7.931973934173583984e-01
7.931847572326660156e-01
7.931721210479736328e-01
7.931595444679260254e-01
7.931468486785888672e-01
7.931342124938964844e-01
7.931215763092041016e-01
7.931089401245117188e-01
7.930963039398193359e-01
7.930836677551269531e-01
7.930710315704345703e-01
7.930583357810974121e-01
7.930456399917602539e-01
7.930330634117126465e-01
7.930203676223754883e-01
7.930076718330383301e-01
7.929950356483459473e-01
7.929823398590087891e-01
7.929697036743164062e-01
7.929570674896240234e-01
7.929443120956420898e-01
7.929316759109497070e-01
7.929189205169677734e-01
7.929062843322753906e-01
7.928935289382934570e-01
7.928808927536010742e-01
7.928681373596191406e-01
7.928555011749267578e-01
7.928427457809448242e-01
7.928301095962524414e-01
7.928173542022705078e-01
7.928045988082885742e-01
7.927918434143066406e-01
7.927792072296142578e-01
7.927664518356323242e-01
7.927536964416503906e-01
7.927410006523132324e-01
7.927281856536865234e-01
7.927154898643493652e-01
7.927027940750122070e-01
7.926900386810302734e-01
7.926772832870483398e-01
7.926645278930664062e-01
7.926517724990844727e-01
7.926390171051025391e-01
7.926262617111206055e-01
7.926135063171386719e-01
7.926006317138671875e-01
7.925879359245300293e-01
7.925751209259033203e-01
7.925623655319213867e-01
7.925496101379394531e-01
7.925368547439575195e-01
7.925239801406860352e-01
7.925112247467041016e-01
7.924984693527221680e-01
7.924855947494506836e-01
7.924728393554687500e-01
7.924599647521972656e-01
7.924472093582153320e-01
7.924343943595886230e-01
7.924215793609619141e-01
7.924087047576904297e-01
7.923958897590637207e-01
7.923830747604370117e-01
7.923702001571655273e-01
7.923573851585388184e-01
7.923445701599121094e-01
7.923316955566406250e-01
7.923189401626586914e-01
7.923060655593872070e-01
7.922931909561157227e-01
7.922803163528442383e-01
7.922674417495727539e-01
7.922546267509460449e-01
7.922416925430297852e-01
7.922288179397583008e-01
7.922159433364868164e-01
7.922030687332153320e-01
7.921901941299438477e-01
7.921773195266723633e-01
7.921643853187561035e-01
7.921515703201293945e-01
7.921386957168579102e-01
7.921257615089416504e-01
7.921128869056701660e-01
7.920999526977539062e-01
7.920870780944824219e-01
7.920740842819213867e-01
7.920612096786499023e-01
7.920483350753784180e-01
7.920353412628173828e-01
7.920224666595458984e-01
7.920095324516296387e-01
7.919964790344238281e-01
7.919836044311523438e-01
7.919707298278808594e-01
7.919577360153198242e-01
7.919448018074035645e-01
7.919318675994873047e-01
7.919188737869262695e-01
7.919059395790100098e-01
7.918930053710937500e-01
7.918799519538879395e-01
7.918670177459716797e-01
7.918540239334106445e-01
7.918410301208496094e-01
7.918280959129333496e-01
7.918150424957275391e-01
7.918021678924560547e-01
7.917891740798950195e-01
7.917761802673339844e-01
7.917631864547729492e-01
7.917501926422119141e-01
7.917371988296508789e-01
7.917242050170898438e-01
7.917112112045288086e-01
7.916981577873229980e-01
7.916851043701171875e-01
7.916721105575561523e-01
7.916591167449951172e-01
7.916460633277893066e-01
7.916330099105834961e-01
7.916200160980224609e-01
7.916070222854614258e-01
7.915939092636108398e-01
7.915808558464050293e-01
7.915678620338439941e-01
7.915548086166381836e-01
7.915416955947875977e-01
7.915287017822265625e-01
7.915155887603759766e-01
7.915025949478149414e-01
7.914894819259643555e-01
7.914763689041137695e-01
7.914633750915527344e-01
7.914502620697021484e-01
7.914371490478515625e-01
7.914240956306457520e-01
7.914110422134399414e-01
7.913979291915893555e-01
7.913848757743835449e-01
7.913717627525329590e-01
7.913585901260375977e-01
7.913455963134765625e-01
7.913324832916259766e-01
7.913193702697753906e-01
7.913062572479248047e-01
7.912931442260742188e-01
7.912799715995788574e-01
7.912669181823730469e-01
7.912537455558776855e-01
7.912406921386718750e-01
7.912274599075317383e-01
7.912143468856811523e-01
7.912012338638305664e-01
7.911881208419799805e-01
7.911749482154846191e-01
7.911617755889892578e-01
7.911486625671386719e-01
7.911355495452880859e-01
7.911223769187927246e-01
7.911092042922973633e-01
7.910960316658020020e-01
7.910828590393066406e-01
7.910697460174560547e-01
7.910565137863159180e-01
7.910434007644653320e-01
7.910301685333251953e-01
7.910169959068298340e-01
7.910038232803344727e-01
7.909906506538391113e-01
7.909774780273437500e-01
7.909643054008483887e-01
7.909511327743530273e-01
7.909379005432128906e-01
7.909246683120727539e-01
7.909115552902221680e-01
7.908982634544372559e-01
7.908851504325866699e-01
7.908718585968017578e-01
7.908586859703063965e-01
7.908455133438110352e-01
7.908322811126708984e-01
7.908190488815307617e-01
7.908058166503906250e-01
7.907925844192504883e-01
7.907793521881103516e-01
7.907661199569702148e-01
7.907529473304748535e-01
7.907396554946899414e-01
7.907264232635498047e-01
7.907131910324096680e-01
7.906999588012695312e-01
7.906867265701293945e-01
7.906734347343444824e-01
7.906601428985595703e-01
7.906469106674194336e-01
7.906337976455688477e-01
7.906204462051391602e-01
7.906071543693542480e-01
7.905938625335693359e-01
7.905806899070739746e-01
7.905675172805786133e-01
7.905541062355041504e-01
7.905408143997192383e-01
7.905275821685791016e-01
7.905143499374389648e-01
7.905010581016540527e-01
7.904877662658691406e-01
7.904744744300842285e-01
7.904611825942993164e-01
7.904478907585144043e-01
7.904345989227294922e-01
7.904213666915893555e-01
7.904080152511596680e-01
7.903947234153747559e-01
7.903814315795898438e-01
7.903681993484497070e-01
7.903548479080200195e-01
7.903414964675903320e-01
7.903282046318054199e-01
7.903149127960205078e-01
7.903015613555908203e-01
7.902883291244506836e-01
7.902749776840209961e-01
7.902616262435913086e-01
7.902483940124511719e-01
7.902350425720214844e-01
7.902216911315917969e-01
7.902084589004516602e-01
7.901950478553771973e-01
7.901817560195922852e-01
7.901684045791625977e-01
7.901550531387329102e-01
7.901417016983032227e-01
7.901284098625183105e-01
7.901150584220886230e-01
7.901017665863037109e-01
7.900882959365844727e-01
7.900750041007995605e-01
7.900616526603698730e-01
7.900483012199401855e-01
7.900349497795104980e-01
7.900215983390808105e-01
7.900083065032958984e-01
7.899949550628662109e-01
7.899816036224365234e-01
7.899681925773620605e-01
7.899549007415771484e-01
7.899414896965026855e-01
7.899281382560729980e-01
7.899147868156433105e-01
7.899013757705688477e-01
7.898880839347839355e-01
7.898746728897094727e-01
7.898613214492797852e-01
7.898479700088500977e-01
7.898344993591308594e-01
7.898211479187011719e-01
7.898077964782714844e-01
7.897944450378417969e-01
7.897809743881225586e-01
7.897677421569824219e-01
7.897543311119079590e-01
7.897409200668334961e-01
7.897275686264038086e-01
7.897140979766845703e-01
7.897007465362548828e-01
7.896873354911804199e-01
7.896740436553955078e-01
7.896605730056762695e-01
7.896472215652465820e-01
7.896338105201721191e-01
7.896203994750976562e-01
7.896070480346679688e-01
7.895935773849487305e-01
7.895802259445190430e-01
7.895668745040893555e-01
7.895534634590148926e-01
7.895400524139404297e-01
7.895266413688659668e-01
7.895132303237915039e-01
7.894998192787170410e-01
7.894864678382873535e-01
7.894730567932128906e-01
7.894596457481384277e-01
7.894461750984191895e-01
7.894328236579895020e-01
7.894194126129150391e-01
7.894059419631958008e-01
7.893925905227661133e-01
7.893791794776916504e-01
7.893657088279724121e-01
7.893522977828979492e-01
7.893389463424682617e-01
7.893254756927490234e-01
7.893121242523193359e-01
7.892987132072448730e-01
7.892852425575256348e-01
7.892718315124511719e-01
7.892584800720214844e-01
7.892450094223022461e-01
7.892315983772277832e-01
7.892180681228637695e-01
7.892047166824340820e-01
7.891913652420043945e-01
7.891778945922851562e-01
7.891645431518554688e-01
7.891510725021362305e-01
7.891376614570617676e-01
7.891242504119873047e-01
7.891107797622680664e-01
7.890974283218383789e-01
7.890839576721191406e-01
7.890704870223999023e-01
7.890571355819702148e-01
7.890436649322509766e-01
7.890301942825317383e-01
7.890168428421020508e-01
7.890033721923828125e-01
7.889899611473083496e-01
7.889765501022338867e-01
7.889631390571594238e-01
7.889496684074401855e-01
7.889362573623657227e-01
7.889227867126464844e-01
7.889094352722167969e-01
7.888959646224975586e-01
7.888824939727783203e-01
7.888690829277038574e-01
7.888556718826293945e-01
7.888422608375549316e-01
7.888287901878356934e-01
7.888153791427612305e-01
7.888019084930419922e-01
7.887885570526123047e-01
7.887750864028930664e-01
7.887616157531738281e-01
7.887482047080993652e-01
7.887347936630249023e-01
7.887213826179504395e-01
7.887079119682312012e-01
7.886945009231567383e-01
7.886810302734375000e-01
7.886675596237182617e-01
7.886542081832885742e-01
7.886407375335693359e-01
7.886273264884948730e-01
7.886139154434204102e-01
7.886005640029907227e-01
7.885870933532714844e-01
7.885736227035522461e-01
7.885601520538330078e-01
7.885468006134033203e-01
7.885333299636840820e-01
7.885198593139648438e-01
7.885065078735351562e-01
7.884930372238159180e-01
7.884795665740966797e-01
7.884662151336669922e-01
7.884528040885925293e-01
7.884392738342285156e-01
7.884259223937988281e-01
7.884125113487243652e-01
7.883991003036499023e-01
7.883856892585754395e-01
7.883722782135009766e-01
7.883588075637817383e-01
7.883453369140625000e-01
7.883319854736328125e-01
7.883185148239135742e-01
7.883051633834838867e-01
7.882916927337646484e-01
7.882783412933349609e-01
7.882648706436157227e-01
7.882514595985412598e-01
7.882380485534667969e-01
7.882245779037475586e-01
7.882112264633178711e-01
7.881978154182434082e-01
7.881844043731689453e-01
7.881709337234497070e-01
7.881575822830200195e-01
7.881441116333007812e-01
7.881307005882263184e-01
7.881172895431518555e-01
7.881039381027221680e-01
7.880904674530029297e-01
7.880771160125732422e-01
7.880637049674987793e-01
7.880502939224243164e-01
7.880368232727050781e-01
7.880234718322753906e-01
7.880101203918457031e-01
7.879966497421264648e-01
7.879832983016967773e-01
7.879698872566223145e-01
7.879564762115478516e-01
7.879431247711181641e-01
7.879296541213989258e-01
7.879163026809692383e-01
7.879028916358947754e-01
7.878895401954650879e-01
7.878760695457458496e-01
7.878626585006713867e-01
7.878493070602416992e-01
7.878359556198120117e-01
7.878224849700927734e-01
7.878091335296630859e-01
7.877957820892333984e-01
7.877823710441589355e-01
7.877690196037292480e-01
7.877556085586547852e-01
7.877422571182250977e-01
7.877288460731506348e-01
7.877154946327209473e-01
7.877021431922912598e-01
7.876887321472167969e-01
7.876753807067871094e-01
7.876619696617126465e-01
7.876486182212829590e-01
7.876352071762084961e-01
7.876218557357788086e-01
7.876085042953491211e-01
7.875952124595642090e-01
7.875818014144897461e-01
7.875683903694152832e-01
7.875550985336303711e-01
7.875417470932006836e-01
7.875283360481262207e-01
7.875149250030517578e-01
7.875016331672668457e-01
7.874883413314819336e-01
7.874748706817626953e-01
7.874616384506225586e-01
7.874482274055480957e-01
7.874349355697631836e-01
7.874215841293334961e-01
7.874082326889038086e-01
7.873948812484741211e-01
7.873815298080444336e-01
7.873681783676147461e-01
7.873548865318298340e-01
7.873415350914001465e-01
7.873281836509704590e-01
7.873148918151855469e-01
7.873015403747558594e-01
7.872881889343261719e-01
7.872749567031860352e-01
7.872615456581115723e-01
7.872482538223266602e-01
7.872349023818969727e-01
7.872215509414672852e-01
7.872083187103271484e-01
7.871949672698974609e-01
7.871817350387573242e-01
7.871683239936828613e-01
7.871550321578979492e-01
7.871417403221130371e-01
7.871283888816833496e-01
7.871151566505432129e-01
7.871018052101135254e-01
7.870885133743286133e-01
7.870752811431884766e-01
7.870619893074035645e-01
7.870486378669738770e-01
7.870353460311889648e-01
7.870221138000488281e-01
7.870087623596191406e-01
7.869954705238342285e-01
7.869821786880493164e-01
7.869689464569091797e-01
7.869557142257690430e-01
7.869423627853393555e-01
7.869290113449096680e-01
7.869158387184143066e-01
7.869026064872741699e-01
7.868892550468444824e-01
7.868760824203491211e-01
7.868627309799194336e-01
7.868494987487792969e-01
7.868362069129943848e-01
7.868230342864990234e-01
7.868098020553588867e-01
7.867964506149291992e-01
7.867832779884338379e-01
7.867699861526489258e-01
7.867567539215087891e-01
7.867435216903686523e-01
7.867302894592285156e-01
7.867170572280883789e-01
7.867038249969482422e-01
7.866904735565185547e-01
7.866773605346679688e-01
7.866640686988830566e-01
7.866508960723876953e-01
7.866376638412475586e-01
7.866244316101074219e-01
7.866112589836120605e-01
7.865979671478271484e-01
7.865847349166870117e-01
7.865715622901916504e-01
7.865583896636962891e-01
7.865451574325561523e-01
7.865319252014160156e-01
7.865188121795654297e-01
7.865055799484252930e-01
7.864923477172851562e-01
7.864791154861450195e-01
7.864660024642944336e-01
7.864527702331542969e-01
7.864395976066589355e-01
7.864264845848083496e-01
7.864131927490234375e-01
7.864000797271728516e-01
7.863868474960327148e-01
7.863737344741821289e-01
7.863605618476867676e-01
7.863473892211914062e-01
7.863342761993408203e-01
7.863210439682006836e-01
7.863079309463500977e-01
7.862948179244995117e-01
7.862815856933593750e-01
7.862684130668640137e-01
7.862552404403686523e-01
7.862421274185180664e-01
7.862290143966674805e-01
7.862159013748168945e-01
7.862027287483215332e-01
7.861896157264709473e-01
7.861764430999755859e-01
7.861633300781250000e-01
7.861502170562744141e-01
7.861371040344238281e-01
7.861239910125732422e-01
7.861108183860778809e-01
7.860977649688720703e-01
7.860846519470214844e-01
7.860715389251708984e-01
7.860584259033203125e-01
7.860453128814697266e-01
7.860321998596191406e-01
7.860190868377685547e-01
7.860059738159179688e-01
7.859929203987121582e-01
7.859798669815063477e-01
7.859666943550109863e-01
7.859536409378051758e-01
7.859406471252441406e-01
7.859274744987487793e-01
7.859144806861877441e-01
7.859014272689819336e-01
7.858883142471313477e-01
7.858752012252807617e-01
7.858622074127197266e-01
7.858490943908691406e-01
7.858359813690185547e-01
7.858229875564575195e-01
7.858099341392517090e-01
7.857968807220458984e-01
7.857838869094848633e-01
7.857707738876342773e-01
7.857577800750732422e-01
7.857447266578674316e-01
7.857317328453063965e-01
7.857186794281005859e-01
7.857056856155395508e-01
7.856926321983337402e-01
7.856795787811279297e-01
7.856666445732116699e-01
7.856535911560058594e-01
7.856405973434448242e-01
7.856276035308837891e-01
7.856146097183227539e-01
7.856016159057617188e-01
7.855886220932006836e-01
7.855755686759948730e-01
7.855626344680786133e-01
7.855496406555175781e-01
7.855365872383117676e-01
7.855236530303955078e-01
7.855106592178344727e-01
7.854976654052734375e-01
7.854846715927124023e-01
7.854717373847961426e-01
7.854587435722351074e-01
7.854458689689636230e-01
7.854328155517578125e-01
7.854198217391967773e-01
7.854069471359252930e-01
7.853939533233642578e-01
7.853810787200927734e-01
7.853680849075317383e-01
7.853552103042602539e-01
7.853422164916992188e-01
7.853292822837829590e-01
7.853163480758666992e-01
7.853034734725952148e-01
7.852905392646789551e-01
7.852776050567626953e-01
7.852646708488464355e-01
7.852517366409301758e-01
7.852388024330139160e-01
7.852258682250976562e-01
7.852131128311157227e-01
7.852001786231994629e-01
7.851872444152832031e-01
7.851743698120117188e-01
7.851614952087402344e-01
7.851485610008239746e-01
7.851357460021972656e-01
7.851227521896362305e-01
7.851098775863647461e-01
7.850971221923828125e-01
7.850841879844665527e-01
7.850713133811950684e-01
7.850584983825683594e-01
7.850456237792968750e-01
7.850327491760253906e-01
7.850198745727539062e-01
7.850069999694824219e-01
7.849942445755004883e-01
7.849813103675842285e-01
7.849684953689575195e-01
7.849557399749755859e-01
7.849428653717041016e-01
7.849300503730773926e-01
7.849171757698059082e-01
7.849043607711791992e-01
7.848915457725524902e-01
7.848787307739257812e-01
7.848659157752990723e-01
7.848531007766723633e-01
7.848403453826904297e-01
7.848274707794189453e-01
7.848147153854370117e-01
7.848018407821655273e-01
7.847890853881835938e-01
7.847762703895568848e-01
7.847635746002197266e-01
7.847507596015930176e-01
7.847379446029663086e-01
7.847251892089843750e-01
7.847124338150024414e-01
7.846996784210205078e-01
7.846869230270385742e-01
7.846741676330566406e-01
7.846612930297851562e-01
7.846485972404479980e-01
7.846357822418212891e-01
7.846231460571289062e-01
7.846103906631469727e-01
7.845976352691650391e-01
7.845848798751831055e-01
7.845721244812011719e-01
7.845594882965087891e-01
7.845467329025268555e-01
7.845339775085449219e-01
7.845212817192077637e-01
7.845085263252258301e-01
7.844958305358886719e-01
7.844831943511962891e-01
7.844704389572143555e-01
7.844576835632324219e-01
7.844449281692504883e-01
7.844322919845581055e-01
7.844196557998657227e-01
7.844070196151733398e-01
7.843942642211914062e-01
7.843815684318542480e-01
7.843688726425170898e-01
7.843562364578247070e-01
7.843435406684875488e-01
7.843308448791503906e-01
7.843182086944580078e-01
7.843055725097656250e-01
7.842929363250732422e-01
7.842803001403808594e-01
7.842676043510437012e-01
7.842549085617065430e-01
7.842422723770141602e-01
7.842296361923217773e-01
7.842170000076293945e-01
7.842044234275817871e-01
7.841917276382446289e-01
7.841791510581970215e-01
7.841665148735046387e-01
7.841539382934570312e-01
7.841413021087646484e-01
7.841286659240722656e-01
7.841161489486694336e-01
7.841034531593322754e-01
7.840908765792846680e-01
7.840782403945922852e-01
7.840657234191894531e-01
7.840530872344970703e-01
7.840405106544494629e-01
7.840279340744018555e-01
7.840153574943542480e-01
7.840027809143066406e-01
7.839902043342590332e-01
7.839776277542114258e-01
7.839651107788085938e-01
7.839525341987609863e-01
7.839399576187133789e-01
7.839274406433105469e-01
7.839148044586181641e-01
7.839022874832153320e-01
7.838897109031677246e-01
7.838772535324096680e-01
7.838646769523620605e-01
7.838521003723144531e-01
7.838396430015563965e-01
7.838270664215087891e-01
7.838145494461059570e-01
7.838020324707031250e-01
7.837895154953002930e-01
7.837769985198974609e-01
7.837644815444946289e-01
7.837519645690917969e-01
7.837394475936889648e-01
7.837269306182861328e-01
7.837144732475280762e-01
7.837020158767700195e-01
7.836894989013671875e-01
7.836770415306091309e-01
7.836644649505615234e-01
7.836520671844482422e-01
7.836396694183349609e-01
7.836270332336425781e-01
7.836146354675292969e-01
7.836022377014160156e-01
7.835897207260131836e-01
7.835772633552551270e-01
7.835648655891418457e-01
7.835522890090942383e-01
7.835398912429809570e-01
7.835274338722229004e-01
7.835150957107543945e-01
7.835025787353515625e-01
7.834901809692382812e-01
7.834777235984802246e-01
7.834652662277221680e-01
7.834528684616088867e-01
7.834404110908508301e-01
7.834280729293823242e-01
7.834155559539794922e-01
7.834032773971557617e-01
7.833908200263977051e-01
7.833783626556396484e-01
7.833659648895263672e-01
7.833535671234130859e-01
7.833411693572998047e-01
7.833288908004760742e-01
7.833164334297180176e-01
7.833040952682495117e-01
7.832916975021362305e-01
7.832792401313781738e-01
7.832669615745544434e-01
7.832545638084411621e-01
7.832422256469726562e-01
7.832298278808593750e-01
7.832174301147460938e-01
7.832051515579223633e-01
7.831927537918090820e-01
7.831804752349853516e-01
7.831680774688720703e-01
7.831557393074035645e-01
7.831434011459350586e-01
7.831310033798217773e-01
7.831186652183532715e-01
7.831063270568847656e-01
7.830940485000610352e-01
7.830816507339477539e-01
7.830694913864135742e-01
7.830570936203002930e-01
7.830448150634765625e-01
7.830324172973632812e-01
7.830201387405395508e-01
7.830078601837158203e-01
7.829955220222473145e-01
7.829832434654235840e-01
7.829709649085998535e-01
7.829586863517761230e-01
7.829463481903076172e-01
7.829340696334838867e-01
7.829218506813049316e-01
7.829095721244812012e-01
7.828972339630126953e-01
7.828849554061889648e-01
7.828727364540100098e-01
7.828604578971862793e-01
7.828481793403625488e-01
7.828359603881835938e-01
7.828236818313598633e-01
7.828114628791809082e-01
7.827992439270019531e-01
7.827869653701782227e-01
7.827746868133544922e-01
7.827624082565307617e-01
7.827502489089965820e-01
7.827379703521728516e-01
7.827257513999938965e-01
7.827135324478149414e-01
7.827012538909912109e-01
7.826890349388122559e-01
7.826769351959228516e-01
7.826646566390991211e-01
7.826524376869201660e-01
7.826403379440307617e-01
7.826280593872070312e-01
7.826158404350280762e-01
7.826036214828491211e-01
7.825914621353149414e-01
7.825793027877807617e-01
7.825670838356018066e-01
7.825548648834228516e-01
7.825427055358886719e-01
7.825304865837097168e-01
7.825183868408203125e-01
7.825061082839965820e-01
7.824939489364624023e-01
7.824818491935729980e-01
7.824696302413940430e-01
7.824574708938598633e-01
7.824453711509704590e-01
7.824331521987915039e-01
7.824209928512573242e-01
7.824088335037231445e-01
7.823966741561889648e-01
7.823845744132995605e-01
7.823724150657653809e-01
7.823603153228759766e-01
7.823481559753417969e-01
7.823359966278076172e-01
7.823238968849182129e-01
7.823117971420288086e-01
7.822996377944946289e-01
7.822874784469604492e-01
7.822754383087158203e-01
7.822632789611816406e-01
7.822512388229370117e-01
7.822390794754028320e-01
7.822269201278686523e-01
7.822148799896240234e-01
7.822027206420898438e-01
7.821906805038452148e-01
7.821785211563110352e-01
7.821664810180664062e-01
7.821543216705322266e-01
7.821422219276428223e-01
7.821302413940429688e-01
7.821180820465087891e-01
7.821060419082641602e-01
7.820940017700195312e-01
7.820819020271301270e-01
7.820698022842407227e-01
7.820577621459960938e-01
7.820457220077514648e-01
7.820336818695068359e-01
7.820215225219726562e-01
7.820095419883728027e-01
7.819974422454833984e-01
7.819854021072387695e-01
7.819733619689941406e-01
7.819613218307495117e-01
7.819492816925048828e-01
7.819372415542602539e-01
7.819252014160156250e-01
7.819131612777709961e-01
7.819011211395263672e-01
7.818890810012817383e-01
7.818770408630371094e-01
7.818650603294372559e-01
7.818529605865478516e-01
7.818410396575927734e-01
7.818289995193481445e-01
7.818168401718139648e-01
7.818049788475036621e-01
7.817929387092590332e-01
7.817809581756591797e-01
7.817689180374145508e-01
7.817568778991699219e-01
7.817449569702148438e-01
7.817329168319702148e-01
7.817209959030151367e-01
7.817089557647705078e-01
7.816969156265258789e-01
7.816849946975708008e-01
7.816729545593261719e-01
7.816610336303710938e-01
7.816489934921264648e-01
7.816370725631713867e-01
7.816250324249267578e-01
7.816131114959716797e-01
7.816010713577270508e-01
7.815891504287719727e-01
7.815771102905273438e-01
7.815651893615722656e-01
7.815532088279724121e-01
7.815413475036621094e-01
7.815293073654174805e-01
7.815173864364624023e-01
7.815054059028625488e-01
7.814934253692626953e-01
7.814815044403076172e-01
7.814695835113525391e-01
7.814576625823974609e-01
7.814457416534423828e-01
7.814338207244873047e-01
7.814218401908874512e-01
7.814099192619323730e-01
7.813979387283325195e-01
7.813860177993774414e-01
7.813740968704223633e-01
7.813621163368225098e-01
7.813502550125122070e-01
7.813383340835571289e-01
7.813264131546020508e-01
7.813144922256469727e-01
7.813025712966918945e-01
7.812906503677368164e-01
7.812787294387817383e-01
7.812669277191162109e-01
7.812548875808715820e-01
7.812429666519165039e-01
7.812311053276062012e-01
7.812192440032958984e-01
7.812073230743408203e-01
7.811954021453857422e-01
7.811836004257202148e-01
7.811716794967651367e-01
7.811597585678100586e-01
7.811478972434997559e-01
7.811360359191894531e-01
7.811240553855895996e-01
7.811122536659240723e-01
7.811003327369689941e-01
7.810884714126586914e-01
7.810765504837036133e-01
7.810647487640380859e-01
7.810528278350830078e-01
7.810409665107727051e-01
7.810291051864624023e-01
7.810171842575073242e-01
7.810053825378417969e-01
7.809935808181762695e-01
7.809817790985107422e-01
7.809697389602661133e-01
7.809579372406005859e-01
7.809460759162902832e-01
7.809342145919799805e-01
7.809224128723144531e-01
7.809105515480041504e-01
7.808986902236938477e-01
7.808868885040283203e-01
7.808749675750732422e-01
7.808631062507629395e-01
7.808513045310974121e-01
7.808394432067871094e-01
7.808276414871215820e-01
7.808157205581665039e-01
7.808039188385009766e-01
7.807921171188354492e-01
7.807803153991699219e-01
7.807685136795043945e-01
7.807566523551940918e-01
7.807447910308837891e-01
7.807329893112182617e-01
7.807211875915527344e-01
7.807093262672424316e-01
7.806975245475769043e-01
7.806857228279113770e-01
7.806738615036010742e-01
7.806621193885803223e-01
7.806502580642700195e-01
7.806383371353149414e-01
7.806266546249389648e-01
7.806148529052734375e-01
7.806029915809631348e-01
7.805912494659423828e-01
7.805793881416320801e-01
7.805676460266113281e-01
7.805557847023010254e-01
7.805439233779907227e-01
7.805321812629699707e-01
7.805203795433044434e-01
7.805085182189941406e-01
7.804968357086181641e-01
7.804850339889526367e-01
7.804731726646423340e-01
7.804613113403320312e-01
7.804495096206665039e-01
7.804378271102905273e-01
7.804260849952697754e-01
7.804143428802490234e-01
7.804024815559387207e-01
7.803906202316284180e-01
7.803788781166076660e-01
7.803671360015869141e-01
7.803553342819213867e-01
7.803435921669006348e-01
7.803317904472351074e-01
7.803199887275695801e-01
7.803082466125488281e-01
7.802964448928833008e-01
7.802846431732177734e-01
7.802728414535522461e-01
7.802611589431762695e-01
7.802493572235107422e-01
7.802375555038452148e-01
7.802258729934692383e-01
7.802140712738037109e-01
7.802022695541381836e-01
7.801905274391174316e-01
7.801787853240966797e-01
7.801669836044311523e-01
7.801552414894104004e-01
7.801433801651000977e-01
7.801316976547241211e-01
7.801198959350585938e-01
7.801081538200378418e-01
7.800964713096618652e-01
7.800846099853515625e-01
7.800728082656860352e-01
7.800611257553100586e-01
7.800494432449340820e-01
7.800376415252685547e-01
7.800258398056030273e-01
7.800140976905822754e-01
7.800023555755615234e-01
7.799905538558959961e-01
7.799788713455200195e-01
7.799670696258544922e-01
7.799553275108337402e-01
7.799436450004577637e-01
7.799317836761474609e-01
7.799201011657714844e-01
7.799084186553955078e-01
7.798965573310852051e-01
7.798849344253540039e-01
7.798731327056884766e-01
7.798614501953125000e-01
7.798496484756469727e-01
7.798378467559814453e-01
7.798261642456054688e-01
7.798143625259399414e-01
7.798026800155639648e-01
7.797908782958984375e-01
7.797792553901672363e-01
7.797673940658569336e-01
7.797556519508361816e-01
7.797439098358154297e-01
7.797322869300842285e-01
7.797204852104187012e-01
7.797087430953979492e-01
7.796970605850219727e-01
7.796853184700012207e-01
7.796735167503356934e-01
7.796617746353149414e-01
7.796500921249389648e-01
7.796382904052734375e-01
7.796266078948974609e-01
7.796148061752319336e-01
7.796031236648559570e-01
7.795914411544799805e-01
7.795796394348144531e-01
7.795679569244384766e-01
7.795561552047729492e-01
7.795444726943969727e-01
7.795327305793762207e-01
7.795209884643554688e-01
7.795092463493347168e-01
7.794975042343139648e-01
7.794857025146484375e-01
7.794740796089172363e-01
7.794623374938964844e-01
7.794505357742309570e-01
7.794388532638549805e-01
7.794271707534790039e-01
7.794153690338134766e-01
7.794036269187927246e-01
7.793919444084167480e-01
7.793802022933959961e-01
7.793684601783752441e-01
7.793567776679992676e-01
7.793450355529785156e-01
7.793332338333129883e-01
7.793215513229370117e-01
7.793098688125610352e-01
7.792980670928955078e-01
7.792863845825195312e-01
7.792745828628540039e-01
7.792627811431884766e-01
7.792510986328125000e-01
7.792394161224365234e-01
7.792276740074157715e-01
7.792159318923950195e-01
7.792041897773742676e-01
7.791924476623535156e-01
7.791807651519775391e-01
7.791689634323120117e-01
7.791572809219360352e-01
7.791454792022705078e-01
7.791337966918945312e-01
7.791219949722290039e-01
7.791103124618530273e-01
7.790985703468322754e-01
7.790868282318115234e-01
7.790750861167907715e-01
7.790633440017700195e-01
7.790516614913940430e-01
7.790399193763732910e-01
7.790281772613525391e-01
7.790163755416870117e-01
7.790046930313110352e-01
7.789929509162902832e-01
7.789812088012695312e-01
7.789694070816040039e-01
7.789577245712280273e-01
7.789459824562072754e-01
7.789342403411865234e-01
7.789224386215209961e-01
7.789108157157897949e-01
7.788990139961242676e-01
7.788872122764587402e-01
7.788754701614379883e-01
7.788637876510620117e-01
7.788519859313964844e-01
7.788403034210205078e-01
7.788285017013549805e-01
7.788167595863342285e-01
7.788050174713134766e-01
7.787932753562927246e-01
7.787814736366271973e-01
7.787697315216064453e-01
7.787579894065856934e-01
7.787462472915649414e-01
7.787345051765441895e-01
7.787227630615234375e-01
7.787109017372131348e-01
7.786991596221923828e-01
7.786873579025268555e-01
7.786756753921508789e-01
7.786638736724853516e-01
7.786521911621093750e-01
7.786403894424438477e-01
7.786285877227783203e-01
7.786169052124023438e-01
7.786051034927368164e-01
7.785933613777160645e-01
7.785816192626953125e-01
7.785698175430297852e-01
7.785581350326538086e-01
7.785462141036987305e-01
7.785344719886779785e-01
7.785227298736572266e-01
7.785109281539916992e-01
7.784992456436157227e-01
7.784874439239501953e-01
7.784755229949951172e-01
7.784638404846191406e-01
7.784520387649536133e-01
7.784402370452880859e-01
7.784284949302673340e-01
7.784166932106018066e-01
7.784049510955810547e-01
7.783931493759155273e-01
7.783813476562500000e-01
7.783695459365844727e-01
7.783577442169189453e-01
7.783459424972534180e-01
7.783341407775878906e-01
7.783223390579223633e-01
7.783106565475463867e-01
7.782987356185913086e-01
7.782870531082153320e-01
7.782752513885498047e-01
7.782633900642395020e-01
7.782515883445739746e-01
7.782397270202636719e-01
7.782279253005981445e-01
7.782161235809326172e-01
7.782043218612670898e-01
7.781925201416015625e-01
7.781807184219360352e-01
7.781689167022705078e-01
7.781571149826049805e-01
7.781452536582946777e-01
7.781335115432739258e-01
7.781216502189636230e-01
7.781097888946533203e-01
7.780979871749877930e-01
7.780861258506774902e-01
7.780742645263671875e-01
7.780625224113464355e-01
7.780506610870361328e-01
7.780388593673706055e-01
7.780269980430603027e-01
7.780151963233947754e-01
7.780033349990844727e-01
7.779914736747741699e-01
7.779796719551086426e-01
7.779678106307983398e-01
7.779559493064880371e-01
7.779440879821777344e-01
7.779322862625122070e-01
7.779203653335571289e-01
7.779085636138916016e-01
7.778966426849365234e-01
7.778848409652709961e-01
7.778730392456054688e-01
7.778610587120056152e-01
7.778493165969848633e-01
7.778373360633850098e-01
7.778254747390747070e-01
7.778136730194091797e-01
7.778018116950988770e-01
7.777898907661437988e-01
7.777780294418334961e-01
7.777661681175231934e-01
7.777543067932128906e-01
7.777423858642578125e-01
7.777304649353027344e-01
7.777185440063476562e-01
7.777066826820373535e-01
7.776948213577270508e-01
7.776829004287719727e-01
7.776710391044616699e-01
7.776591777801513672e-01
7.776472568511962891e-01
7.776353359222412109e-01
7.776234149932861328e-01
7.776114940643310547e-01
7.775995731353759766e-01
7.775877118110656738e-01
7.775757312774658203e-01
7.775638103485107422e-01
7.775520086288452148e-01
7.775399684906005859e-01
7.775281071662902832e-01
7.775161266326904297e-01
7.775042057037353516e-01
7.774922847747802734e-01
7.774803638458251953e-01
7.774684429168701172e-01
7.774564623832702637e-01
7.774444818496704102e-01
7.774325609207153320e-01
7.774206399917602539e-01
7.774086594581604004e-01
7.773967385292053223e-01
7.773847579956054688e-01
7.773728370666503906e-01
7.773607969284057617e-01
7.773488759994506836e-01
7.773368954658508301e-01
7.773249745368957520e-01
7.773129940032958984e-01
7.773009538650512695e-01
7.772890329360961914e-01
7.772769927978515625e-01
7.772650718688964844e-01
7.772530317306518555e-01
7.772411108016967773e-01
7.772290110588073730e-01
7.772170305252075195e-01
7.772049903869628906e-01
7.771930694580078125e-01
7.771810293197631836e-01
7.771690487861633301e-01
7.771570086479187012e-01
7.771450281143188477e-01
7.771329879760742188e-01
7.771209478378295898e-01
7.771089076995849609e-01
7.770969271659851074e-01
7.770849466323852539e-01
7.770727872848510742e-01
7.770607471466064453e-01
7.770487666130065918e-01
7.770367860794067383e-01
7.770246267318725586e-01
7.770125865936279297e-01
7.770005464553833008e-01
7.769885063171386719e-01
7.769764065742492676e-01
7.769644260406494141e-01
7.769523859024047852e-01
7.769402265548706055e-01
7.769282460212707520e-01
7.769161462783813477e-01
7.769039869308471680e-01
7.768919467926025391e-01
7.768799066543579102e-01
7.768677473068237305e-01
7.768557071685791016e-01
7.768435478210449219e-01
7.768314480781555176e-01
7.768193483352661133e-01
7.768073081970214844e-01
7.767952084541320801e-01
7.767831087112426758e-01
7.767709493637084961e-01
7.767588496208190918e-01
7.767467498779296875e-01
7.767345905303955078e-01
7.767224311828613281e-01
7.767103314399719238e-01
7.766981124877929688e-01
7.766860723495483398e-01
7.766739130020141602e-01
7.766617536544799805e-01
7.766495943069458008e-01
7.766373753547668457e-01
7.766252756118774414e-01
7.766130566596984863e-01
7.766008973121643066e-01
7.765887379646301270e-01
7.765765786170959473e-01
7.765643596649169922e-01
7.765521407127380371e-01
7.765399813652038574e-01
7.765278220176696777e-01
7.765156030654907227e-01
7.765034437179565430e-01
7.764911651611328125e-01
7.764790058135986328e-01
7.764667868614196777e-01
7.764545679092407227e-01
7.764422893524169922e-01
7.764300704002380371e-01
7.764178514480590820e-01
7.764055728912353516e-01
7.763934135437011719e-01
7.763811945915222168e-01
7.763689756393432617e-01
7.763566970825195312e-01
7.763444185256958008e-01
7.763321399688720703e-01
7.763198614120483398e-01
7.763075828552246094e-01
7.762953639030456543e-01
7.762831449508666992e-01
7.762708067893981934e-01
7.762585878372192383e-01
7.762463092803955078e-01
7.762340307235717773e-01
7.762216329574584961e-01
7.762093544006347656e-01
7.761970758438110352e-01
7.761847972869873047e-01
7.761725187301635742e-01
7.761601209640502930e-01
7.761478424072265625e-01
7.761354446411132812e-01
7.761231660842895508e-01
7.761108279228210449e-01
7.760983705520629883e-01
7.760860919952392578e-01
7.760737538337707520e-01
7.760614156723022461e-01
7.760490179061889648e-01
7.760367393493652344e-01
7.760243415832519531e-01
7.760119438171386719e-01
7.759995460510253906e-01
7.759872078895568848e-01
7.759747505187988281e-01
7.759623527526855469e-01
7.759500741958618164e-01
7.759376168251037598e-01
7.759252786636352539e-01
7.759128808975219727e-01
7.759004235267639160e-01
7.758879661560058594e-01
7.758755087852478027e-01
7.758630514144897461e-01
