8.631219863891601562e-01
8.630496263504028320e-01
8.629771471023559570e-01
8.629047870635986328e-01
8.628323078155517578e-01
8.627598285675048828e-01
8.626873493194580078e-01
8.626148700714111328e-01
8.625426292419433594e-01
8.624701499938964844e-01
8.623976111412048340e-01
8.623251914978027344e-01
8.622526526451110840e-01
8.621801137924194336e-01
8.621075153350830078e-01
8.620351552963256836e-01
8.619625568389892578e-01
8.618900775909423828e-01
8.618174791336059570e-01
8.617450594902038574e-01
8.616724014282226562e-01
8.615999221801757812e-01
8.615273237228393555e-01
8.614548444747924805e-01
8.613821864128112793e-01
8.613096475601196289e-01
8.612370491027832031e-01
8.611644506454467773e-01
8.610918521881103516e-01
8.610192537307739258e-01
8.609466552734375000e-01
8.608740568161010742e-01
8.608013987541198730e-01
8.607288599014282227e-01
8.606561422348022461e-01
8.605834245681762695e-01
8.605108261108398438e-01
8.604382276535034180e-01
8.603655099868774414e-01
8.602929115295410156e-01
8.602201938629150391e-01
8.601475954055786133e-01
8.600748777389526367e-01
8.600022792816162109e-01
8.599295616149902344e-01
8.598568439483642578e-01
8.597842454910278320e-01
8.597114682197570801e-01
8.596387505531311035e-01
8.595660924911499023e-01
8.594933748245239258e-01
8.594206571578979492e-01
8.593479394912719727e-01
8.592752218246459961e-01
8.592025041580200195e-01
8.591297864913940430e-01
8.590570688247680664e-01
8.589842319488525391e-01
8.589115142822265625e-01
8.588388562202453613e-01
8.587660193443298340e-01
8.586932420730590820e-01
8.586205244064331055e-01
8.585478067398071289e-01
8.584750890731811523e-01
8.584022521972656250e-01
8.583294749259948730e-01
8.582566976547241211e-01
8.581838607788085938e-01
8.581111431121826172e-01
8.580383658409118652e-01
8.579657077789306641e-01
8.578928112983703613e-01
8.578200340270996094e-01
8.577471971511840820e-01
8.576744794845581055e-01
8.576016426086425781e-01
8.575288057327270508e-01
8.574560284614562988e-01
8.573831915855407715e-01
8.573104143142700195e-01
8.572375774383544922e-01
8.571649193763732910e-01
8.570920228958129883e-01
8.570193052291870117e-01
8.569464683532714844e-01
8.568736314773559570e-01
8.568007946014404297e-01
8.567279577255249023e-01
8.566551208496093750e-01
8.565822839736938477e-01
8.565095663070678711e-01
8.564367294311523438e-01
8.563640117645263672e-01
8.562910556793212891e-01
8.562182784080505371e-01
8.561455011367797852e-01
8.560726642608642578e-01
8.559998273849487305e-01
8.559269905090332031e-01
8.558542132377624512e-01
8.557813763618469238e-01
8.557084798812866211e-01
8.556357622146606445e-01
8.555629253387451172e-01
8.554902076721191406e-01
8.554173111915588379e-01
8.553444743156433105e-01
8.552716970443725586e-01
8.551988601684570312e-01
8.551260232925415039e-01
8.550533056259155273e-01
8.549803495407104492e-01
8.549076318740844727e-01
8.548347949981689453e-01
8.547619581222534180e-01
8.546891808509826660e-01
8.546164035797119141e-01
8.545435667037963867e-01
8.544707298278808594e-01
8.543980121612548828e-01
8.543251752853393555e-01
8.542525172233581543e-01
8.541796207427978516e-01
8.541067838668823242e-01
8.540340662002563477e-01
8.539612293243408203e-01
8.538884520530700684e-01
8.538157939910888672e-01
8.537430763244628906e-01
8.536702394485473633e-01
8.535975217819213867e-01
8.535246849060058594e-01
8.534519672393798828e-01
8.533791303634643555e-01
8.533064126968383789e-01
8.532336354255676270e-01
8.531608581542968750e-01
8.530881404876708984e-01
8.530154824256896973e-01
8.529428243637084961e-01
8.528701066970825195e-01
8.527972698211669922e-01
8.527246117591857910e-01
8.526518344879150391e-01
8.525791168212890625e-01
8.525065183639526367e-01
8.524336814880371094e-01
8.523610234260559082e-01
8.522883653640747070e-01
8.522157073020935059e-01
8.521429896354675293e-01
8.520703315734863281e-01
8.519977927207946777e-01
8.519249558448791504e-01
8.518522977828979492e-01
8.517796993255615234e-01
8.517071008682250977e-01
8.516343832015991211e-01
8.515617251396179199e-01
8.514892458915710449e-01
8.514165878295898438e-01
8.513439893722534180e-01
8.512713909149169922e-01
8.511986732482910156e-01
8.511261343955993652e-01
8.510535955429077148e-01
8.509809970855712891e-01
8.509083986282348633e-01
8.508358597755432129e-01
8.507633209228515625e-01
8.506907224655151367e-01
8.506182432174682617e-01
8.505456447601318359e-01
8.504731655120849609e-01
8.504006862640380859e-01
8.503282070159912109e-01
8.502557277679443359e-01
8.501831293106079102e-01
8.501106500625610352e-01
8.500381708145141602e-01
8.499656915664672852e-01
8.498932719230651855e-01
8.498208522796630859e-01
8.497483730316162109e-01
8.496760129928588867e-01
8.496035933494567871e-01
8.495311737060546875e-01
8.494586348533630371e-01
8.493863344192504883e-01
8.493139743804931641e-01
8.492414951324462891e-01
8.491691946983337402e-01
8.490969538688659668e-01
8.490245342254638672e-01
8.489521741867065430e-01
8.488799333572387695e-01
8.488075733184814453e-01
8.487352728843688965e-01
8.486629724502563477e-01
8.485906124114990234e-01
8.485183715820312500e-01
8.484462499618530273e-01
8.483740687370300293e-01
8.483017683029174805e-01
8.482295274734497070e-01
8.481572866439819336e-01
8.480850458145141602e-01
8.480130434036254883e-01
8.479407429695129395e-01
8.478685617446899414e-01
8.477964997291564941e-01
8.477243185043334961e-01
8.476521968841552734e-01
8.475799560546875000e-01
8.475080132484436035e-01
8.474358320236206055e-01
8.473637700080871582e-01
8.472917079925537109e-01
8.472195863723754883e-01
8.471475839614868164e-01
8.470755815505981445e-01
8.470035791397094727e-01
8.469316959381103516e-01
8.468596935272216797e-01
8.467877507209777832e-01
8.467157483100891113e-01
8.466438055038452148e-01
8.465719223022460938e-01
8.465000391006469727e-01
8.464280962944030762e-01
8.463561534881591797e-01
8.462843298912048340e-01
8.462124466896057129e-01
8.461407423019409180e-01
8.460688591003417969e-01
8.459970355033874512e-01
8.459253311157226562e-01
8.458535671234130859e-01
8.457816839218139648e-01
8.457100391387939453e-01
8.456382751464843750e-01
8.455667495727539062e-01
8.454948663711547852e-01
8.454231619834899902e-01
8.453515768051147461e-01
8.452798724174499512e-01
8.452082872390747070e-01
8.451367020606994629e-01
8.450651168823242188e-01
8.449935913085937500e-01
8.449219465255737305e-01
8.448504209518432617e-01
8.447788357734680176e-01
8.447073698043823242e-01
8.446358442306518555e-01
8.445644974708557129e-01
8.444930911064147949e-01
8.444215655326843262e-01
8.443502187728881836e-01
8.442786335945129395e-01
8.442074060440063477e-01
8.441359996795654297e-01
8.440647125244140625e-01
8.439934253692626953e-01
8.439220786094665527e-01
8.438507914543151855e-01
8.437795042991638184e-01
8.437082171440124512e-01
8.436370491981506348e-01
8.435658812522888184e-01
8.434947133064270020e-01
8.434235453605651855e-01
8.433523774147033691e-01
8.432812690734863281e-01
8.432101607322692871e-01
8.431390523910522461e-01
8.430679440498352051e-01
8.429970741271972656e-01
8.429259061813354492e-01
8.428550958633422852e-01
8.427839875221252441e-01
8.427129983901977539e-01
8.426421880722045898e-01
8.425712585449218750e-01
8.425003290176391602e-01
8.424293994903564453e-01
8.423585891723632812e-01
8.422877788543701172e-01
8.422169685363769531e-01
8.421461582183837891e-01
8.420754671096801758e-01
8.420047760009765625e-01
8.419339656829833984e-01
8.418633937835693359e-01
8.417927026748657227e-01
8.417220711708068848e-01
8.416513800621032715e-01
8.415807485580444336e-01
8.415102958679199219e-01
8.414396047592163086e-01
8.413691520690917969e-01
8.412986993789672852e-01
8.412283062934875488e-01
8.411577343940734863e-01
8.410873413085937500e-01
8.410168886184692383e-01
8.409464359283447266e-01
8.408762216567993164e-01
8.408058881759643555e-01
8.407356142997741699e-01
8.406652808189392090e-01
8.405951261520385742e-01
8.405247926712036133e-01
8.404545783996582031e-01
8.403844237327575684e-01
8.403143882751464844e-01
8.402441740036010742e-01
8.401740193367004395e-01
8.401040434837341309e-01
8.400339484214782715e-01
8.399639725685119629e-01
8.398940563201904297e-01
8.398240804672241211e-01
8.397541046142578125e-01
8.396841883659362793e-01
8.396142721176147461e-01
8.395445346832275391e-01
8.394746184349060059e-01
8.394048213958740234e-01
8.393350243568420410e-01
8.392653465270996094e-01
8.391956090927124023e-01
8.391259908676147461e-01
8.390563726425170898e-01
8.389866352081298828e-01
8.389171361923217773e-01
8.388473987579345703e-01
8.387780189514160156e-01
8.387085199356079102e-01
8.386390209197998047e-01
8.385695815086364746e-01
8.385001420974731445e-01
8.384307622909545898e-01
8.383613824844360352e-01
8.382920026779174805e-01
8.382228612899780273e-01
8.381534814834594727e-01
8.380842208862304688e-01
8.380150794982910156e-01
8.379458785057067871e-01
8.378767371177673340e-01
8.378075957298278809e-01
8.377383947372436523e-01
8.376695513725280762e-01
8.376004099845886230e-01
8.375314474105834961e-01
8.374624252319335938e-01
8.373935222625732422e-01
8.373246192932128906e-01
8.372558355331420898e-01
8.371869325637817383e-01
8.371181488037109375e-01
8.370493650436401367e-01
8.369807004928588867e-01
8.369120359420776367e-01
8.368433713912963867e-01
8.367747068405151367e-01
8.367061018943786621e-01
8.366374969482421875e-01
8.365689516067504883e-01
8.365005254745483398e-01
8.364319801330566406e-01
8.363635540008544922e-01
8.362951278686523438e-01
8.362268209457397461e-01
8.361585140228271484e-01
8.360902070999145508e-01
8.360219001770019531e-01
8.359537124633789062e-01
8.358856439590454102e-01
8.358173370361328125e-01
8.357492685317993164e-01
8.356810808181762695e-01
8.356131315231323242e-01
8.355450630187988281e-01
8.354772329330444336e-01
8.354091644287109375e-01
8.353413343429565430e-01
8.352735042572021484e-01
8.352056145668029785e-01
8.351378440856933594e-01
8.350701332092285156e-01
8.350023031234741211e-01
8.349345922470092773e-01
8.348669409751892090e-01
8.347993493080139160e-01
8.347318768501281738e-01
8.346642851829528809e-01
8.345967531204223633e-01
8.345293402671813965e-01
8.344618082046508789e-01
8.343944549560546875e-01
8.343271613121032715e-01
8.342597484588623047e-01
8.341925740242004395e-01
8.341252803802490234e-01
8.340582251548767090e-01
8.339910507202148438e-01
8.339239358901977539e-01
8.338567018508911133e-01
8.337898254394531250e-01
8.337228298187255859e-01
8.336558341979980469e-01
8.335889577865600586e-01
8.335220217704772949e-01
8.334551453590393066e-01
8.333883285522460938e-01
8.333215713500976562e-01
8.332549333572387695e-01
8.331882953643798828e-01
8.331216573715209961e-01
8.330550193786621094e-01
8.329885005950927734e-01
8.329219818115234375e-01
8.328554630279541016e-01
8.327891230583190918e-01
8.327227234840393066e-01
8.326562643051147461e-01
8.325901031494140625e-01
8.325238227844238281e-01
8.324576020240783691e-01
8.323912620544433594e-01
8.323252201080322266e-01
8.322591781616210938e-01
8.321931362152099609e-01
8.321270942687988281e-01
8.320611715316772461e-01
8.319952487945556641e-01
8.319293260574340820e-01
8.318634629249572754e-01
8.317977786064147949e-01
8.317320346832275391e-01
8.316663503646850586e-01
8.316006660461425781e-01
8.315351009368896484e-01
8.314694166183471680e-01
8.314040303230285645e-01
8.313384652137756348e-01
8.312729597091674805e-01
8.312076330184936523e-01
8.311423659324645996e-01
8.310769796371459961e-01
8.310117125511169434e-01
8.309465646743774414e-01
8.308813571929931641e-01
8.308162093162536621e-01
8.307510614395141602e-01
8.306861519813537598e-01
8.306211233139038086e-01
8.305562734603881836e-01
8.304913640022277832e-01
8.304264545440673828e-01
8.303617238998413086e-01
8.302969932556152344e-01
8.302322030067443848e-01
8.301676511764526367e-01
8.301029205322265625e-01
8.300384283065795898e-01
8.299739360809326172e-01
8.299093842506408691e-01
8.298449516296386719e-01
8.297806978225708008e-01
8.297162055969238281e-01
8.296520709991455078e-01
8.295878767967224121e-01
8.295236229896545410e-01
8.294594287872314453e-01
8.293953537940979004e-01
8.293313980102539062e-01
8.292674422264099121e-01
8.292034268379211426e-01
8.291395902633666992e-01
8.290756940841674805e-01
8.290119171142578125e-01
8.289482593536376953e-01
8.288845419883728027e-01
8.288208246231079102e-01
8.287572860717773438e-01
8.286937475204467773e-01
8.286302685737609863e-01
8.285667896270751953e-01
8.285034894943237305e-01
8.284401297569274902e-01
8.283768296241760254e-01
8.283135890960693359e-01
8.282504081726074219e-01
8.281872272491455078e-01
8.281242847442626953e-01
8.280611038208007812e-01
8.279981613159179688e-01
8.279352188110351562e-01
8.278723955154418945e-01
8.278095722198486328e-01
8.277467489242553711e-01
8.276839852333068848e-01
8.276213407516479492e-01
8.275587558746337891e-01
8.274961709976196289e-01
8.274335861206054688e-01
8.273712396621704102e-01
8.273087739944458008e-01
8.272464275360107422e-01
8.271842002868652344e-01
8.271219730377197266e-01
8.270597457885742188e-01
8.269976377487182617e-01
8.269355297088623047e-01
8.268735408782958984e-01
8.268115520477294922e-01
8.267494440078735352e-01
8.266876935958862305e-01
8.266257643699645996e-01
8.265640735626220703e-01
8.265022635459899902e-01
8.264407515525817871e-01
8.263791799545288086e-01
8.263176083564758301e-01
8.262560963630676270e-01
8.261947035789489746e-01
8.261332511901855469e-01
8.260719180107116699e-01
8.260107040405273438e-01
8.259494900703430176e-01
8.258883357048034668e-01
8.258271813392639160e-01
8.257662057876586914e-01
8.257052898406982422e-01
8.256442546844482422e-01
8.255833387374877930e-01
8.255225419998168945e-01
8.254618048667907715e-01
8.254010081291198730e-01
8.253403902053833008e-01
8.252797722816467285e-01
8.252192735671997070e-01
8.251588344573974609e-01
8.250982761383056641e-01
8.250380754470825195e-01
8.249777555465698242e-01
8.249174952507019043e-01
8.248572945594787598e-01
8.247971534729003906e-01
8.247371315956115723e-01
8.246770501136779785e-01
8.246171474456787109e-01
8.245571851730346680e-01
8.244972825050354004e-01
8.244374990463256836e-01
8.243778944015502930e-01
8.243181705474853516e-01
8.242585062980651855e-01
8.241990208625793457e-01
8.241394758224487305e-01
8.240800499916076660e-01
8.240206837654113770e-01
8.239613771438598633e-01
8.239020109176635742e-01
8.238428831100463867e-01
8.237837553024291992e-01
8.237247467041015625e-01
8.236657381057739258e-01
8.236067295074462891e-01
8.235478401184082031e-01
8.234890699386596680e-01
8.234301805496215820e-01
8.233714699745178223e-01
8.233128786087036133e-01
8.232541680335998535e-01
8.231956958770751953e-01
8.231372237205505371e-01
8.230787515640258789e-01
8.230205178260803223e-01
8.229622244834899902e-01
8.229039907455444336e-01
8.228458166122436523e-01
8.227876424789428711e-01
8.227297067642211914e-01
8.226715922355651855e-01
8.226137161254882812e-01
8.225558400154113770e-01
8.224979639053344727e-01
8.224403858184814453e-01
8.223826885223388672e-01
8.223251104354858398e-01
8.222675323486328125e-01
8.222099542617797852e-01
8.221524953842163086e-01
8.220952153205871582e-01
8.220379948616027832e-01
8.219805955886840820e-01
8.219234943389892578e-01
8.218663930892944336e-01
8.218092918395996094e-01
8.217523097991943359e-01
8.216955065727233887e-01
8.216386437416076660e-01
8.215817809104919434e-01
8.215250372886657715e-01
8.214683532714843750e-01
8.214117884635925293e-01
8.213552832603454590e-01
8.212988376617431641e-01
8.212423324584960938e-01
8.211860656738281250e-01
8.211297392845153809e-01
8.210734724998474121e-01
8.210173249244689941e-01
8.209613561630249023e-01
8.209052681922912598e-01
8.208492994308471680e-01
8.207933902740478516e-01
8.207375407218933105e-01
8.206817507743835449e-01
8.206261396408081055e-01
8.205704689025878906e-01
8.205149769783020020e-01
8.204593658447265625e-01
8.204039931297302246e-01
8.203486204147338867e-01
8.202933073043823242e-01
8.202379941940307617e-01
8.201828598976135254e-01
8.201277852058410645e-01
8.200727105140686035e-01
8.200176954269409180e-01
8.199627399444580078e-01
8.199080228805541992e-01
8.198531866073608398e-01
8.197984695434570312e-01
8.197438120841979980e-01
8.196892738342285156e-01
8.196347951889038086e-01
8.195803165435791016e-01
8.195259571075439453e-01
8.194715976715087891e-01
8.194173574447631836e-01
8.193631172180175781e-01
8.193089962005615234e-01
8.192549943923950195e-01
8.192009925842285156e-01
8.191471099853515625e-01
8.190932273864746094e-01
8.190394043922424316e-01
8.189858198165893555e-01
8.189319968223571777e-01
8.188785910606384277e-01
8.188250064849853516e-01
8.187716603279113770e-01
8.187183141708374023e-01
8.186649084091186523e-01
8.186116218566894531e-01
8.185585141181945801e-01
8.185054063796997070e-01
8.184523582458496094e-01
8.183994293212890625e-01
8.183465003967285156e-01
8.182936906814575195e-01
8.182409405708312988e-01
8.181883096694946289e-01
8.181357383728027344e-01
8.180830478668212891e-01
8.180305957794189453e-01
8.179781436920166016e-01
8.179257512092590332e-01
8.178735971450805664e-01
8.178212642669677734e-01
8.177691698074340820e-01
8.177171349525451660e-01
8.176651000976562500e-01
8.176132440567016602e-01
8.175613284111022949e-01
8.175095319747924805e-01
8.174579143524169922e-01
8.174061775207519531e-01
8.173545598983764648e-01
8.173030614852905273e-01
8.172516226768493652e-01
8.172002434730529785e-01
8.171489238739013672e-01
8.170976638793945312e-01
8.170465230941772461e-01
8.169953823089599609e-01
8.169443607330322266e-01
8.168933391571044922e-01
8.168425559997558594e-01
8.167917728424072266e-01
8.167408704757690430e-01
8.166903257369995117e-01
8.166396617889404297e-01
8.165892362594604492e-01
8.165386915206909180e-01
8.164882659912109375e-01
8.164379000663757324e-01
8.163876533508300781e-01
8.163374662399291992e-01
8.162873983383178711e-01
8.162373304367065430e-01
8.161874413490295410e-01
8.161375522613525391e-01
8.160876035690307617e-01
8.160378932952880859e-01
8.159881830215454102e-01
8.159385323524475098e-01
8.158890008926391602e-01
8.158395290374755859e-01
8.157900571823120117e-01
8.157407045364379883e-01
8.156915307044982910e-01
8.156422972679138184e-01
8.155932426452636719e-01
8.155441284179687500e-01
8.154952526092529297e-01
8.154462575912475586e-01
8.153975009918212891e-01
8.153487443923950195e-01
8.152999877929687500e-01
8.152513504028320312e-01
8.152028322219848633e-01
8.151544332504272461e-01
8.151059150695800781e-01
8.150576353073120117e-01
8.150092363357543945e-01
8.149611949920654297e-01
8.149130344390869141e-01
8.148649334907531738e-01
8.148170709609985352e-01
8.147690296173095703e-01
8.147213459014892578e-01
8.146735429763793945e-01
8.146258592605590820e-01
8.145781755447387695e-01
8.145306110382080078e-01
8.144830465316772461e-01
8.144357204437255859e-01
8.143883943557739258e-01
8.143410682678222656e-01
8.142938613891601562e-01
8.142468333244323730e-01
8.141999244689941406e-01
8.141527771949768066e-01
8.141059875488281250e-01
8.140591382980346680e-01
8.140122890472412109e-01
8.139657378196716309e-01
8.139190673828125000e-01
8.138724565505981445e-01
8.138260841369628906e-01
8.137795925140380859e-01
8.137333393096923828e-01
8.136870861053466797e-01
8.136408329010009766e-01
8.135946989059448242e-01
8.135486841201782227e-01
8.135027289390563965e-01
8.134568333625793457e-01
8.134112358093261719e-01
8.133653402328491211e-01
8.133195638656616211e-01
8.132740855216979980e-01
8.132286071777343750e-01
8.131830692291259766e-01
8.131376504898071289e-01
8.130923509597778320e-01
8.130471706390380859e-01
8.130019903182983398e-01
8.129569292068481445e-01
8.129118680953979492e-01
8.128669261932373047e-01
8.128221035003662109e-01
8.127772808074951172e-01
8.127325773239135742e-01
8.126878142356872559e-01
8.126432895660400391e-01
8.125987648963928223e-01
8.125543594360351562e-01
8.125099539756774902e-01
8.124657273292541504e-01
8.124214410781860352e-01
8.123773336410522461e-01
8.123332262039184570e-01
8.122892379760742188e-01
8.122452497482299805e-01
8.122014999389648438e-01
8.121575713157653809e-01
8.121138811111450195e-01
8.120702505111694336e-01
8.120266199111938477e-01
8.119832277297973633e-01
8.119398355484008789e-01
8.118963837623596191e-01
8.118530511856079102e-01
8.118100762367248535e-01
8.117668032646179199e-01
8.117237091064453125e-01
8.116808533668518066e-01
8.116378188133239746e-01
8.115949630737304688e-01
8.115522861480712891e-01
8.115094900131225586e-01
8.114669322967529297e-01
8.114243745803833008e-01
8.113818168640136719e-01
8.113394975662231445e-01
8.112970590591430664e-01
8.112547993659973145e-01
8.112125992774963379e-01
8.111705183982849121e-01
8.111284375190734863e-01
8.110864758491516113e-01
8.110446333885192871e-01
8.110027313232421875e-01
8.109610080718994141e-01
8.109193444252014160e-01
8.108776807785034180e-01
8.108361959457397461e-01
8.107946515083312988e-01
8.107532262802124023e-01
8.107119798660278320e-01
8.106707334518432617e-01
8.106294870376586914e-01
8.105884790420532227e-01
8.105473518371582031e-01
8.105063438415527344e-01
8.104655742645263672e-01
8.104246854782104492e-01
8.103839159011840820e-01
8.103433847427368164e-01
8.103026747703552246e-01
8.102620840072631836e-01
8.102217912673950195e-01
8.101812601089477539e-01
8.101409077644348145e-01
8.101005554199218750e-01
8.100605010986328125e-01
8.100204467773437500e-01
8.099802732467651367e-01
8.099403977394104004e-01
8.099005222320556641e-01
8.098607063293457031e-01
8.098208904266357422e-01
8.097811937332153320e-01
8.097416758537292480e-01
8.097021579742431641e-01
8.096626996994018555e-01
8.096232414245605469e-01
8.095839023590087891e-01
8.095446825027465820e-01
8.095055222511291504e-01
8.094663619995117188e-01
8.094272613525390625e-01
8.093883991241455078e-01
8.093495368957519531e-01
8.093107342720031738e-01
8.092719316482543945e-01
8.092333078384399414e-01
8.091946840286254883e-01
8.091561794281005859e-01
8.091176152229309082e-01
8.090792894363403320e-01
8.090409040451049805e-01
8.090026378631591797e-01
8.089644908905029297e-01
8.089263439178466797e-01
8.088882565498352051e-01
8.088504076004028320e-01
8.088124990463256836e-01
8.087745904922485352e-01
8.087369203567504883e-01
8.086991310119628906e-01
8.086614608764648438e-01
8.086239099502563477e-01
8.085864782333374023e-01
8.085490465164184570e-01
8.085117340087890625e-01
8.084744215011596680e-01
8.084372282028198242e-01
8.084001541137695312e-01
8.083630800247192383e-01
8.083260059356689453e-01
8.082891702651977539e-01
8.082522749900817871e-01
8.082154989242553711e-01
8.081789016723632812e-01
8.081421852111816406e-01
8.081054687500000000e-01
8.080690503120422363e-01
8.080326914787292480e-01
8.079962730407714844e-01
8.079599142074584961e-01
8.079236745834350586e-01
8.078875541687011719e-01
8.078514933586120605e-01
8.078154921531677246e-01
8.077795505523681641e-01
8.077436685562133789e-01
8.077078461647033691e-01
8.076720833778381348e-01
8.076363801956176758e-01
8.076008558273315430e-01
8.075653314590454102e-01
8.075298070907592773e-01
8.074944019317626953e-01
8.074589967727661133e-01
8.074238300323486328e-01
8.073885440826416016e-01
8.073533177375793457e-01
8.073183298110961914e-01
8.072834014892578125e-01
8.072484731674194336e-01
8.072135448455810547e-01
8.071787357330322266e-01
8.071440458297729492e-01
8.071094155311584473e-01
8.070747852325439453e-01
8.070402145385742188e-01
8.070058226585388184e-01
8.069714307785034180e-01
8.069370985031127930e-01
8.069028854370117188e-01
8.068686723709106445e-01
8.068344593048095703e-01
8.068006038665771484e-01
8.067664504051208496e-01
8.067326545715332031e-01
8.066987395286560059e-01
8.066649436950683594e-01
8.066312074661254883e-01
8.065975904464721680e-01
8.065639734268188477e-01
8.065305352210998535e-01
8.064970374107360840e-01
8.064635992050170898e-01
8.064303398132324219e-01
8.063970804214477539e-01
8.063638806343078613e-01
8.063307404518127441e-01
8.062976598739624023e-01
8.062647581100463867e-01
8.062318563461303711e-01
8.061989545822143555e-01
8.061662316322326660e-01
8.061333894729614258e-01
8.061007261276245117e-01
8.060681223869323730e-01
8.060355782508850098e-01
8.060030937194824219e-01
8.059707880020141602e-01
8.059383034706115723e-01
8.059061765670776367e-01
8.058738708496093750e-01
8.058416843414306641e-01
8.058097362518310547e-01
8.057775497436523438e-01
8.057457208633422852e-01
8.057137727737426758e-01
8.056819438934326172e-01
8.056502342224121094e-01
8.056185841560363770e-01
8.055868148803710938e-01
8.055553436279296875e-01
8.055238127708435059e-01
8.054922819137573242e-01
8.054611086845397949e-01
8.054296970367431641e-01
8.053984642028808594e-01
8.053672909736633301e-01
8.053361773490905762e-01
8.053051233291625977e-01
8.052741289138793945e-01
8.052431344985961914e-01
8.052122592926025391e-01
8.051815032958984375e-01
8.051506280899047852e-01
8.051199913024902344e-01
8.050893545150756836e-01
8.050588369369506836e-01
8.050283193588256836e-01
8.049979209899902344e-01
8.049675226211547852e-01
8.049372434616088867e-01
8.049070239067077637e-01
8.048767447471618652e-01
8.048466444015502930e-01
8.048166036605834961e-01
8.047865629196166992e-01
8.047566413879394531e-01
8.047267794609069824e-01
8.046969175338745117e-01
8.046671748161315918e-01
8.046374917030334473e-01
8.046078681945800781e-01
8.045782446861267090e-01
8.045487403869628906e-01
8.045192956924438477e-01
8.044898509979248047e-01
8.044605851173400879e-01
8.044313192367553711e-01
8.044021129608154297e-01
8.043729662895202637e-01
8.043438196182250977e-01
8.043147325515747070e-01
8.042857646942138672e-01
8.042567968368530273e-01
8.042280673980712891e-01
8.041992187500000000e-01
8.041705489158630371e-01
8.041417598724365234e-01
8.041130900382995605e-01
8.040845990180969238e-01
8.040562272071838379e-01
8.040276765823364258e-01
8.039993047714233398e-01
8.039709329605102539e-01
8.039426803588867188e-01
8.039145469665527344e-01
8.038864135742187500e-01
8.038582801818847656e-01
8.038301467895507812e-01
8.038021922111511230e-01
8.037743568420410156e-01
8.037464618682861328e-01
8.037186861038208008e-01
8.036909103393554688e-01
8.036631345748901367e-01
8.036355972290039062e-01
8.036080598831176758e-01
8.035805225372314453e-01
8.035531044006347656e-01
8.035256862640380859e-01
8.034982681274414062e-01
8.034709692001342773e-01
8.034436702728271484e-01
8.034164905548095703e-01
8.033894300460815430e-01
8.033623695373535156e-01
8.033353686332702637e-01
8.033084273338317871e-01
8.032815456390380859e-01
8.032546043395996094e-01
8.032278418540954590e-01
8.032010793685913086e-01
8.031744360923767090e-01
8.031477928161621094e-01
8.031212687492370605e-01
8.030947446823120117e-01
8.030683398246765137e-01
8.030419349670410156e-01
8.030155897140502930e-01
8.029892444610595703e-01
8.029630184173583984e-01
8.029367923736572266e-01
8.029106855392456055e-01
8.028846383094787598e-01
8.028587102890014648e-01
8.028326034545898438e-01
8.028067350387573242e-01
8.027808070182800293e-01
8.027549982070922852e-01
8.027292490005493164e-01
8.027036190032958984e-01
8.026779294013977051e-01
8.026522994041442871e-01
8.026267290115356445e-01
8.026012182235717773e-01
8.025758266448974609e-01
8.025504350662231445e-01
8.025251626968383789e-01
8.024998903274536133e-01
8.024746179580688477e-01
8.024493455886840820e-01
8.024243116378784180e-01
8.023992776870727539e-01
8.023742437362670898e-01
8.023492097854614258e-01
8.023242950439453125e-01
8.022993803024291992e-01
8.022745847702026367e-01
8.022497892379760742e-01
8.022251129150390625e-01
8.022004365921020508e-01
8.021758794784545898e-01
8.021513223648071289e-01
8.021267652511596680e-01
8.021023273468017578e-01
8.020778894424438477e-01
8.020535707473754883e-01
8.020291328430175781e-01
8.020049333572387695e-01
8.019806742668151855e-01
8.019565343856811523e-01
8.019324541091918945e-01
8.019083738327026367e-01
8.018844127655029297e-01
8.018603920936584473e-01
8.018364310264587402e-01
8.018125295639038086e-01
8.017887473106384277e-01
8.017649650573730469e-01
8.017412424087524414e-01
8.017176389694213867e-01
8.016939163208007812e-01
8.016703128814697266e-01
8.016468882560729980e-01
8.016233444213867188e-01
8.015999197959899902e-01
8.015764951705932617e-01
8.015532493591308594e-01
8.015298843383789062e-01
8.015066385269165039e-01
8.014834523200988770e-01
8.014603257179260254e-01
8.014371991157531738e-01
8.014140725135803223e-01
8.013910651206970215e-01
8.013681173324584961e-01
8.013451099395751953e-01
8.013223409652709961e-01
8.012995123863220215e-01
8.012767434120178223e-01
8.012539148330688477e-01
8.012312650680541992e-01
8.012086153030395508e-01
8.011860847473144531e-01
8.011634349822998047e-01
8.011409044265747070e-01
8.011185526847839355e-01
8.010960221290588379e-01
8.010737299919128418e-01
8.010513186454772949e-01
8.010290861129760742e-01
8.010067939758300781e-01
8.009846806526184082e-01
8.009624481201171875e-01
8.009403347969055176e-01
8.009182214736938477e-01
8.008962869644165039e-01
8.008742928504943848e-01
8.008522987365722656e-01
8.008304238319396973e-01
8.008085489273071289e-01
8.007868528366088867e-01
8.007650375366210938e-01
8.007433414459228516e-01
8.007216453552246094e-01
8.006999492645263672e-01
8.006783723831176758e-01
8.006567955017089844e-01
8.006353378295898438e-01
8.006138801574707031e-01
8.005925416946411133e-01
8.005710840225219727e-01
8.005496859550476074e-01
8.005283474922180176e-01
8.005071878433227539e-01
8.004859685897827148e-01
8.004647493362426758e-01
8.004436492919921875e-01
8.004225492477416992e-01
8.004015684127807617e-01
8.003804683685302734e-01
8.003594875335693359e-01
8.003386259078979492e-01
8.003176450729370117e-01
8.002969026565551758e-01
8.002759814262390137e-01
8.002552390098571777e-01
8.002344965934753418e-01
8.002138137817382812e-01
8.001931309700012207e-01
8.001725077629089355e-01
8.001520037651062012e-01
8.001314401626586914e-01
8.001109361648559570e-01
8.000904917716979980e-01
8.000701069831848145e-01
8.000497221946716309e-01
8.000293970108032227e-01
8.000091314315795898e-01
7.999887466430664062e-01
7.999686002731323242e-01
7.999483346939086914e-01
7.999281883239746094e-01
7.999081015586853027e-01
7.998880743980407715e-01
7.998679876327514648e-01
7.998479604721069336e-01
7.998281121253967285e-01
7.998081445693969727e-01
7.997882962226867676e-01
7.997683882713317871e-01
7.997485995292663574e-01
7.997288703918457031e-01
7.997090816497802734e-01
7.996892929077148438e-01
7.996697425842285156e-01
7.996500134468078613e-01
7.996304631233215332e-01
7.996109127998352051e-01
7.995913624763488770e-01
7.995718717575073242e-01
7.995525598526000977e-01
7.995330095291137695e-01
7.995136976242065430e-01
7.994942069053649902e-01
7.994749546051025391e-01
7.994556427001953125e-01
7.994365096092224121e-01
7.994172573089599609e-01
7.993981242179870605e-01
7.993789315223693848e-01
7.993597984313964844e-01
7.993407845497131348e-01
7.993217706680297852e-01
7.993027567863464355e-01
7.992838025093078613e-01
7.992648482322692871e-01
7.992459535598754883e-01
7.992271184921264648e-01
7.992082238197326660e-01
7.991895079612731934e-01
7.991707324981689453e-01
7.991518974304199219e-01
7.991333007812500000e-01
7.991145849227905273e-01
7.990959286689758301e-01
7.990773916244506836e-01
7.990587949752807617e-01
7.990401983261108398e-01
7.990217208862304688e-01
7.990032434463500977e-01
7.989848852157592773e-01
7.989664077758789062e-01
7.989479899406433105e-01
7.989296317100524902e-01
7.989113330841064453e-01
7.988930940628051758e-01
7.988747358322143555e-01
7.988565564155578613e-01
7.988383769989013672e-01
7.988202571868896484e-01
7.988020777702331543e-01
7.987840175628662109e-01
7.987658977508544922e-01
7.987478971481323242e-01
7.987298965454101562e-01
7.987119555473327637e-01
7.986939549446105957e-01
7.986760139465332031e-01
7.986581325531005859e-01
7.986402511596679688e-01
7.986224889755249023e-01
7.986046075820922852e-01
7.985869050025939941e-01
7.985692024230957031e-01
7.985514402389526367e-01
7.985337376594543457e-01
7.985160350799560547e-01
7.984983921051025391e-01
7.984808087348937988e-01
7.984632253646850586e-01
7.984457015991210938e-01
7.984281778335571289e-01
7.984107732772827148e-01
7.983933687210083008e-01
7.983758449554443359e-01
7.983585000038146973e-01
7.983410358428955078e-01
7.983237504959106445e-01
7.983064651489257812e-01
7.982890605926513672e-01
7.982718944549560547e-01
7.982546091079711914e-01
7.982373237609863281e-01
7.982202172279357910e-01
7.982031106948852539e-01
7.981859445571899414e-01
7.981687784194946289e-01
7.981517314910888672e-01
7.981346845626831055e-01
7.981176972389221191e-01
7.981007099151611328e-01
7.980837821960449219e-01
7.980668544769287109e-01
7.980498671531677246e-01
7.980329394340515137e-01
7.980161309242248535e-01
7.979992032051086426e-01
7.979824542999267578e-01
7.979656457901000977e-01
7.979488372802734375e-01
7.979321479797363281e-01
7.979153990745544434e-01
7.978987097740173340e-01
7.978819608688354492e-01
7.978653907775878906e-01
7.978487014770507812e-01
7.978322505950927734e-01
7.978155612945556641e-01
7.977990508079528809e-01
7.977825403213500977e-01
7.977660298347473145e-01
7.977495789527893066e-01
7.977330684661865234e-01
7.977166771888732910e-01
7.977002859115600586e-01
7.976838350296020508e-01
7.976675033569335938e-01
7.976511716842651367e-01
7.976348400115966797e-01
7.976185679435729980e-01
7.976024150848388672e-01
7.975860834121704102e-01
7.975698709487915039e-01
7.975536584854125977e-01
7.975374460220336914e-01
7.975213527679443359e-01
7.975051403045654297e-01
7.974891066551208496e-01
7.974729537963867188e-01
7.974569201469421387e-01
7.974408864974975586e-01
7.974248528480529785e-01
7.974088788032531738e-01
7.973928451538085938e-01
7.973769903182983398e-01
7.973610162734985352e-01
7.973451614379882812e-01
7.973291873931884766e-01
7.973133325576782227e-01
7.972974777221679688e-01
7.972816228866577148e-01
7.972658276557922363e-01
7.972500324249267578e-01
7.972342967987060547e-01
7.972184419631958008e-01
7.972027659416198730e-01
7.971870899200439453e-01
7.971713542938232422e-01
7.971557378768920898e-01
7.971400022506713867e-01
7.971243858337402344e-01
7.971088290214538574e-01
7.970932722091674805e-01
7.970776557922363281e-01
7.970620989799499512e-01
7.970465421676635742e-01
7.970310449600219727e-01
7.970155477523803711e-01
7.970000505447387695e-01
7.969846725463867188e-01
7.969691753387451172e-01
7.969537973403930664e-01
7.969383597373962402e-01
7.969230413436889648e-01
7.969076633453369141e-01
7.968922853469848633e-01
7.968769669532775879e-01
7.968616485595703125e-01
7.968463301658630371e-01
7.968310117721557617e-01
7.968158125877380371e-01
7.968006134033203125e-01
7.967853546142578125e-01
7.967701554298400879e-01
7.967550158500671387e-01
7.967398166656494141e-01
7.967246770858764648e-01
7.967095375061035156e-01
7.966943979263305664e-01
7.966792583465576172e-01
7.966642379760742188e-01
7.966492176055908203e-01
7.966341972351074219e-01
7.966191172599792480e-01
7.966040372848510742e-01
7.965890169143676758e-01
7.965742349624633789e-01
7.965590953826904297e-01
7.965441942214965820e-01
7.965292930603027344e-01
7.965143918991088867e-01
7.964994311332702637e-01
7.964845895767211914e-01
7.964697480201721191e-01
7.964547872543334961e-01
7.964400053024291992e-01
7.964251041412353516e-01
7.964103221893310547e-01
7.963955998420715332e-01
7.963808178901672363e-01
7.963659763336181641e-01
7.963513135910034180e-01
7.963365912437438965e-01
7.963218688964843750e-01
7.963071465492248535e-01
7.962924242019653320e-01
7.962778210639953613e-01
7.962631583213806152e-01
7.962484955787658691e-01
7.962338924407958984e-01
7.962192296981811523e-01
7.962046861648559570e-01
7.961900234222412109e-01
7.961754798889160156e-01
7.961609959602355957e-01
7.961463928222656250e-01
7.961318492889404297e-01
7.961174249649047852e-01
7.961028218269348145e-01
7.960883378982543945e-01
7.960739135742187500e-01
7.960594892501831055e-01
7.960449457168579102e-01
7.960305213928222656e-01
7.960160970687866211e-01
7.960017919540405273e-01
7.959873676300048828e-01
7.959729433059692383e-01
7.959586381912231445e-01
7.959442734718322754e-01
7.959299087524414062e-01
7.959156036376953125e-01
7.959012985229492188e-01
7.958869338035583496e-01
7.958726286888122559e-01
7.958583831787109375e-01
7.958440780639648438e-01
7.958298921585083008e-01
7.958157062530517578e-01
7.958014011383056641e-01
7.957872152328491211e-01
7.957730293273925781e-01
7.957587838172912598e-01
7.957446575164794922e-01
7.957303524017333984e-01
7.957162857055664062e-01
7.957020998001098633e-01
7.956880331039428711e-01
7.956738471984863281e-01
7.956597208976745605e-01
7.956456542015075684e-01
7.956315279006958008e-01
7.956174612045288086e-01
7.956033945083618164e-01
7.955893278121948242e-01
7.955752611160278320e-01
7.955611944198608398e-01
7.955472469329833984e-01
7.955331802368164062e-01
7.955192327499389648e-01
7.955052256584167480e-01
7.954912185668945312e-01
7.954772710800170898e-01
7.954633235931396484e-01
7.954493761062622070e-01
7.954354286193847656e-01
7.954215407371520996e-01
7.954075932502746582e-01
7.953937053680419922e-01
7.953797578811645508e-01
7.953658699989318848e-01
7.953519821166992188e-01
7.953381538391113281e-01
7.953242063522338867e-01
7.953103780746459961e-01
7.952965497970581055e-01
7.952827215194702148e-01
7.952688932418823242e-01
7.952550649642944336e-01
7.952412962913513184e-01
7.952274680137634277e-01
7.952136993408203125e-01
7.951998710632324219e-01
7.951861619949340820e-01
7.951723933219909668e-01
7.951586246490478516e-01
7.951449155807495117e-01
7.951312065124511719e-01
7.951174974441528320e-01
7.951036691665649414e-01
7.950900793075561523e-01
7.950763702392578125e-01
7.950626611709594727e-01
7.950490117073059082e-01
7.950352430343627930e-01
7.950216531753540039e-01
7.950080037117004395e-01
7.949943542480468750e-01
7.949806451797485352e-01
7.949670553207397461e-01
7.949534058570861816e-01
7.949398756027221680e-01
7.949262857437133789e-01
7.949125766754150391e-01
7.948991060256958008e-01
7.948853969573974609e-01
7.948718667030334473e-01
7.948583364486694336e-01
7.948447465896606445e-01
7.948311567306518555e-01
7.948176264762878418e-01
7.948040962219238281e-01
7.947906255722045898e-01
7.947770357131958008e-01
7.947635650634765625e-01
7.947500348091125488e-01
7.947365045547485352e-01
7.947230339050292969e-01
7.947095632553100586e-01
7.946960926055908203e-01
7.946826219558715820e-01
7.946692109107971191e-01
7.946556806564331055e-01
7.946422100067138672e-01
7.946288585662841797e-01
7.946153879165649414e-01
7.946019172668457031e-01
7.945884466171264648e-01
7.945750951766967773e-01
7.945616245269775391e-01
7.945482730865478516e-01
7.945348620414733887e-01
7.945215106010437012e-01
7.945080995559692383e-01
7.944946885108947754e-01
7.944813370704650879e-01
7.944679856300354004e-01
7.944545745849609375e-01
7.944412231445312500e-01
7.944278717041015625e-01
7.944145202636718750e-01
7.944012284278869629e-01
7.943878769874572754e-01
7.943745851516723633e-01
7.943612337112426758e-01
7.943478822708129883e-01
7.943346500396728516e-01
7.943212985992431641e-01
7.943079471588134766e-01
7.942947149276733398e-01
7.942814826965332031e-01
7.942681312561035156e-01
7.942548394203186035e-01
7.942416071891784668e-01
7.942283749580383301e-01
7.942150235176086426e-01
7.942018508911132812e-01
7.941885590553283691e-01
7.941752672195434570e-01
7.941620349884033203e-01
7.941488027572631836e-01
7.941356897354125977e-01
7.941223382949829102e-01
7.941091060638427734e-01
7.940958738327026367e-01
7.940827012062072754e-01
7.940695285797119141e-01
7.940563559532165527e-01
7.940431237220764160e-01
7.940299510955810547e-01
7.940167188644409180e-01
7.940036058425903320e-01
7.939903736114501953e-01
7.939772605895996094e-01
7.939640879631042480e-01
7.939509153366088867e-01
7.939376831054687500e-01
7.939246296882629395e-01
7.939114570617675781e-01
7.938982248306274414e-01
7.938852310180664062e-01
7.938719987869262695e-01
7.938588857650756836e-01
7.938457727432250977e-01
7.938326597213745117e-01
7.938194274902343750e-01
7.938063144683837891e-01
7.937932014465332031e-01
7.937800884246826172e-01
7.937670946121215820e-01
7.937539815902709961e-01
7.937408685684204102e-01
7.937277555465698242e-01
7.937147021293640137e-01
7.937015891075134277e-01
7.936885356903076172e-01
7.936754226684570312e-01
7.936623096466064453e-01
7.936491966247558594e-01
7.936362028121948242e-01
7.936230897903442383e-01
7.936100959777832031e-01
7.935969829559326172e-01
7.935839891433715820e-01
7.935709357261657715e-01
7.935578823089599609e-01
7.935447692871093750e-01
7.935317754745483398e-01
7.935187816619873047e-01
7.935056686401367188e-01
7.934926748275756836e-01
7.934796214103698730e-01
7.934666275978088379e-01
7.934535741806030273e-01
7.934405803680419922e-01
7.934275865554809570e-01
7.934145927429199219e-01
7.934015393257141113e-01
7.933884859085083008e-01
7.933754920959472656e-01
7.933624982833862305e-01
7.933495044708251953e-01
7.933365106582641602e-01
7.933235168457031250e-01
7.933105230331420898e-01
7.932975292205810547e-01
7.932845354080200195e-01
7.932716012001037598e-01
7.932586073875427246e-01
7.932456135749816895e-01
7.932326197624206543e-01
7.932196855545043945e-01
7.932066917419433594e-01
7.931937575340270996e-01
7.931807041168212891e-01
7.931677699089050293e-01
7.931548357009887695e-01
7.931419610977172852e-01
7.931289672851562500e-01
7.931159734725952148e-01
7.931030392646789551e-01
7.930901050567626953e-01
7.930771112442016602e-01
7.930642366409301758e-01
7.930512428283691406e-01
7.930383682250976562e-01
7.930253744125366211e-01
7.930124402046203613e-01
7.929995059967041016e-01
7.929865717887878418e-01
7.929736375808715820e-01
7.929607629776000977e-01
7.929477691650390625e-01
7.929348945617675781e-01
7.929219603538513184e-01
7.929090261459350586e-01
7.928961515426635742e-01
7.928832173347473145e-01
7.928702831268310547e-01
7.928573489189147949e-01
7.928444147109985352e-01
7.928315401077270508e-01
7.928186655044555664e-01
7.928057909011840820e-01
7.927927970886230469e-01
7.927799224853515625e-01
7.927670478820800781e-01
7.927541732788085938e-01
7.927411794662475586e-01
7.927283048629760742e-01
7.927154898643493652e-01
7.927025556564331055e-01
7.926896810531616211e-01
7.926768064498901367e-01
7.926639318466186523e-01
7.926510572433471680e-01
7.926381826400756836e-01
7.926253080368041992e-01
7.926123142242431641e-01
7.925994992256164551e-01
7.925866246223449707e-01
7.925737500190734863e-01
7.925608754158020020e-01
7.925480008125305176e-01
7.925350666046142578e-01
7.925221920013427734e-01
7.925093770027160645e-01
7.924965023994445801e-01
7.924836874008178711e-01
7.924708127975463867e-01
7.924579381942749023e-01
7.924450635910034180e-01
7.924321889877319336e-01
7.924193143844604492e-01
7.924064397811889648e-01
7.923935651779174805e-01
7.923807501792907715e-01
7.923678159713745117e-01
7.923550605773925781e-01
7.923421859741210938e-01
7.923292517662048340e-01
7.923164963722229004e-01
7.923036217689514160e-01
7.922908067703247070e-01
7.922779321670532227e-01
7.922650575637817383e-01
7.922523021697998047e-01
7.922394275665283203e-01
7.922265529632568359e-01
7.922136783599853516e-01
7.922008037567138672e-01
7.921880483627319336e-01
7.921751141548156738e-01
7.921623587608337402e-01
7.921494841575622559e-01
7.921366095542907715e-01
7.921237945556640625e-01
7.921109199523925781e-01
7.920981049537658691e-01
7.920852303504943848e-01
7.920724749565124512e-01
7.920596003532409668e-01
7.920467853546142578e-01
7.920339107513427734e-01
7.920210957527160645e-01
7.920082807540893555e-01
7.919954657554626465e-01
7.919825911521911621e-01
7.919697761535644531e-01
7.919569015502929688e-01
7.919441461563110352e-01
7.919312715530395508e-01
7.919183969497680664e-01
7.919056415557861328e-01
7.918928861618041992e-01
7.918799519538879395e-01
7.918671369552612305e-01
7.918543815612792969e-01
7.918415069580078125e-01
7.918286919593811035e-01
7.918159365653991699e-01
7.918030023574829102e-01
7.917902469635009766e-01
7.917773723602294922e-01
7.917646169662475586e-01
7.917517423629760742e-01
7.917389869689941406e-01
7.917261123657226562e-01
7.917132973670959473e-01
7.917004823684692383e-01
7.916876673698425293e-01
7.916748523712158203e-01
7.916620373725891113e-01
7.916492223739624023e-01
7.916364073753356934e-01
7.916235923767089844e-01
7.916107177734375000e-01
7.915979623794555664e-01
7.915850877761840820e-01
7.915722131729125977e-01
7.915595769882202148e-01
7.915467023849487305e-01
7.915338277816772461e-01
7.915210723876953125e-01
7.915082573890686035e-01
7.914953231811523438e-01
7.914826273918151855e-01
7.914698123931884766e-01
7.914569377899169922e-01
7.914441823959350586e-01
7.914313673973083496e-01
7.914185523986816406e-01
7.914057374000549316e-01
7.913929224014282227e-01
7.913800477981567383e-01
7.913672924041748047e-01
7.913545370101928711e-01
7.913416624069213867e-01
7.913287878036499023e-01
7.913160324096679688e-01
7.913031578063964844e-01
7.912904024124145508e-01
7.912775874137878418e-01
7.912648320198059082e-01
7.912520170211791992e-01
7.912392020225524902e-01
7.912263870239257812e-01
7.912136316299438477e-01
7.912007570266723633e-01
7.911878824234008789e-01
7.911751270294189453e-01
7.911622524261474609e-01
7.911494970321655273e-01
7.911367416381835938e-01
7.911238670349121094e-01
7.911111116409301758e-01
7.910982966423034668e-01
7.910854220390319824e-01
7.910726666450500488e-01
7.910598516464233398e-01
7.910469770431518555e-01
7.910342216491699219e-01
7.910214066505432129e-01
7.910085916519165039e-01
7.909958362579345703e-01
7.909829616546630859e-01
7.909702062606811523e-01
7.909573316574096680e-01
7.909445762634277344e-01
7.909317016601562500e-01
7.909189462661743164e-01
7.909061312675476074e-01
7.908933758735656738e-01
7.908805608749389648e-01
7.908676862716674805e-01
7.908549308776855469e-01
7.908420562744140625e-01
7.908293008804321289e-01
7.908164262771606445e-01
7.908036708831787109e-01
7.907908558845520020e-01
7.907781004905700684e-01
7.907651662826538086e-01
7.907524704933166504e-01
7.907395958900451660e-01
7.907267808914184570e-01
7.907140254974365234e-01
7.907012104988098145e-01
7.906883358955383301e-01
7.906755208969116211e-01
7.906627655029296875e-01
7.906498908996582031e-01
7.906371355056762695e-01
7.906243205070495605e-01
7.906115055084228516e-01
7.905987501144409180e-01
7.905858755111694336e-01
7.905730009078979492e-01
7.905602455139160156e-01
7.905474901199340820e-01
7.905346751213073730e-01
7.905218601226806641e-01
7.905090451240539551e-01
7.904962301254272461e-01
7.904834747314453125e-01
7.904706001281738281e-01
7.904577851295471191e-01
7.904449701309204102e-01
7.904320955276489258e-01
7.904193401336669922e-01
7.904065847396850586e-01
7.903937101364135742e-01
7.903809547424316406e-01
7.903680801391601562e-01
7.903553843498229980e-01
7.903424501419067383e-01
7.903296947479248047e-01
7.903168797492980957e-01
7.903040647506713867e-01
7.902911901473999023e-01
7.902784347534179688e-01
7.902656793594360352e-01
7.902528047561645508e-01
7.902400493621826172e-01
7.902271747589111328e-01
7.902144193649291992e-01
7.902016639709472656e-01
7.901887893676757812e-01
7.901759147644042969e-01
7.901630997657775879e-01
7.901503443717956543e-01
7.901375293731689453e-01
7.901246547698974609e-01
7.901117801666259766e-01
7.900990247726440430e-01
7.900862693786621094e-01
7.900734543800354004e-01
7.900605797767639160e-01
7.900478243827819824e-01
7.900349497795104980e-01
7.900222539901733398e-01
7.900093793869018555e-01
7.899965047836303711e-01
7.899837493896484375e-01
7.899709343910217285e-01
7.899580597877502441e-01
7.899453043937683105e-01
7.899324893951416016e-01
7.899196147918701172e-01
7.899068593978881836e-01
7.898939847946166992e-01
7.898812294006347656e-01
7.898683547973632812e-01
7.898555994033813477e-01
7.898427248001098633e-01
7.898299694061279297e-01
7.898170948028564453e-01
7.898043394088745117e-01
7.897914648056030273e-01
7.897787094116210938e-01
7.897658348083496094e-01
7.897530794143676758e-01
7.897402048110961914e-01
7.897274494171142578e-01
7.897146344184875488e-01
7.897018194198608398e-01
7.896890044212341309e-01
7.896761298179626465e-01
7.896633148193359375e-01
7.896504998207092285e-01
7.896376848220825195e-01
7.896248698234558105e-01
7.896120548248291016e-01
7.895991802215576172e-01
7.895864248275756836e-01
7.895735502243041992e-01
7.895607948303222656e-01
7.895479202270507812e-01
7.895351052284240723e-01
7.895223498344421387e-01
7.895095348358154297e-01
7.894966602325439453e-01
7.894839048385620117e-01
7.894710898399353027e-01
7.894582748413085938e-01
7.894454002380371094e-01
7.894326448440551758e-01
7.894197702407836914e-01
7.894069552421569824e-01
7.893941402435302734e-01
7.893813848495483398e-01
7.893685102462768555e-01
7.893556356430053711e-01
7.893428802490234375e-01
7.893300056457519531e-01
7.893172502517700195e-01
7.893044352531433105e-01
7.892916202545166016e-01
7.892787456512451172e-01
7.892659902572631836e-01
7.892531752586364746e-01
7.892403602600097656e-01
7.892276048660278320e-01
7.892146706581115723e-01
7.892019152641296387e-01
7.891891002655029297e-01
7.891762256622314453e-01
7.891634702682495117e-01
7.891505956649780273e-01
7.891377806663513184e-01
7.891249656677246094e-01
7.891121506690979004e-01
7.890992760658264160e-01
7.890864610671997070e-01
7.890737056732177734e-01
7.890608310699462891e-01
7.890480756759643555e-01
7.890352606773376465e-01
7.890223860740661621e-01
7.890095710754394531e-01
7.889967560768127441e-01
7.889839410781860352e-01
7.889711856842041016e-01
7.889583110809326172e-01
7.889454364776611328e-01
7.889326810836791992e-01
7.889198660850524902e-01
7.889070510864257812e-01
7.888941764831542969e-01
7.888814210891723633e-01
7.888686060905456543e-01
7.888556718826293945e-01
7.888429164886474609e-01
7.888301014900207520e-01
7.888172864913940430e-01
7.888044714927673340e-01
7.887916564941406250e-01
7.887789011001586914e-01
7.887660861015319824e-01
7.887532114982604980e-01
7.887403964996337891e-01
7.887275218963623047e-01
7.887147665023803711e-01
7.887019515037536621e-01
7.886891365051269531e-01
7.886762619018554688e-01
7.886634469032287598e-01
7.886507511138916016e-01
7.886378765106201172e-01
7.886250019073486328e-01
7.886122465133666992e-01
7.885993719100952148e-01
7.885866165161132812e-01
7.885737419128417969e-01
7.885609269142150879e-01
7.885481715202331543e-01
7.885353565216064453e-01
7.885224819183349609e-01
7.885096669197082520e-01
7.884968519210815430e-01
7.884840369224548340e-01
7.884712219238281250e-01
7.884584665298461914e-01
7.884455919265747070e-01
7.884328365325927734e-01
7.884199619293212891e-01
7.884072065353393555e-01
7.883942723274230957e-01
7.883815765380859375e-01
7.883687019348144531e-01
7.883558869361877441e-01
7.883430719375610352e-01
7.883301973342895508e-01
7.883174419403076172e-01
7.883046269416809082e-01
7.882918715476989746e-01
7.882790565490722656e-01
7.882662415504455566e-01
7.882534265518188477e-01
7.882406115531921387e-01
7.882277965545654297e-01
7.882149815559387207e-01
7.882021069526672363e-01
7.881892919540405273e-01
7.881765365600585938e-01
7.881636619567871094e-01
7.881509065628051758e-01
7.881380319595336914e-01
7.881253361701965332e-01
7.881124019622802734e-01
7.880996465682983398e-01
7.880867719650268555e-01
7.880740165710449219e-01
7.880612015724182129e-01
7.880483865737915039e-01
7.880356311798095703e-01
7.880228757858276367e-01
7.880100011825561523e-01
7.879971861839294434e-01
7.879843711853027344e-01
7.879715561866760254e-01
7.879587411880493164e-01
7.879459261894226074e-01
7.879331111907958984e-01
7.879203557968139648e-01
7.879074811935424805e-01
7.878947257995605469e-01
7.878818511962890625e-01
7.878690958023071289e-01
7.878563404083251953e-01
7.878434658050537109e-01
7.878307104110717773e-01
7.878178358078002930e-01
7.878050804138183594e-01
7.877923250198364258e-01
7.877794504165649414e-01
7.877666950225830078e-01
7.877538204193115234e-01
7.877410650253295898e-01
7.877281904220581055e-01
7.877154350280761719e-01
7.877026796340942383e-01
7.876898646354675293e-01
7.876770496368408203e-01
7.876642346382141113e-01
7.876514196395874023e-01
7.876386642456054688e-01
7.876257896423339844e-01
7.876130342483520508e-01
7.876001596450805664e-01
7.875874042510986328e-01
7.875746488571166992e-01
7.875617742538452148e-01
7.875490188598632812e-01
7.875362634658813477e-01
7.875233888626098633e-01
7.875106334686279297e-01
7.874978780746459961e-01
7.874850630760192871e-01
7.874722480773925781e-01
7.874594330787658691e-01
7.874466180801391602e-01
7.874338626861572266e-01
7.874210476875305176e-01
7.874082326889038086e-01
7.873954772949218750e-01
7.873826622962951660e-01
7.873698472976684570e-01
7.873570919036865234e-01
7.873443365097045898e-01
7.873314619064331055e-01
7.873187661170959473e-01
7.873058915138244629e-01
7.872930765151977539e-01
7.872803211212158203e-01
7.872675061225891113e-01
7.872547507286071777e-01
7.872419357299804688e-01
7.872291803359985352e-01
7.872163057327270508e-01
7.872035503387451172e-01
7.871907949447631836e-01
7.871780395507812500e-01
7.871652841567993164e-01
7.871524095535278320e-01
7.871396541595458984e-01
7.871267795562744141e-01
7.871140241622924805e-01
7.871012687683105469e-01
7.870884537696838379e-01
7.870756983757019043e-01
7.870628833770751953e-01
7.870501279830932617e-01
7.870373725891113281e-01
7.870245575904846191e-01
7.870117425918579102e-01
7.869989871978759766e-01
7.869862318038940430e-01
7.869733572006225586e-01
7.869606018066406250e-01
7.869478464126586914e-01
7.869350314140319824e-01
7.869222760200500488e-01
7.869094610214233398e-01
7.868967056274414062e-01
7.868839502334594727e-01
7.868711948394775391e-01
7.868584394454956055e-01
7.868456244468688965e-01
7.868328690528869629e-01
7.868200540542602539e-01
7.868072986602783203e-01
7.867945432662963867e-01
7.867816686630249023e-01
7.867689132690429688e-01
7.867562174797058105e-01
7.867434024810791016e-01
7.867306470870971680e-01
7.867178320884704590e-01
7.867051362991333008e-01
7.866922616958618164e-01
7.866795659065246582e-01
7.866667509078979492e-01
7.866539955139160156e-01
7.866412401199340820e-01
7.866284847259521484e-01
7.866157293319702148e-01
7.866029143333435059e-01
7.865901589393615723e-01
7.865774035453796387e-01
7.865645885467529297e-01
7.865517735481262207e-01
7.865390181541442871e-01
7.865263223648071289e-01
7.865135073661804199e-01
7.865006923675537109e-01
7.864879965782165527e-01
7.864752411842346191e-01
7.864624261856079102e-01
7.864496707916259766e-01
7.864369153976440430e-01
7.864241600036621094e-01
7.864114046096801758e-01
7.863985896110534668e-01
7.863858342170715332e-01
7.863730192184448242e-01
7.863602638244628906e-01
7.863475680351257324e-01
7.863348722457885742e-01
7.863221168518066406e-01
7.863093614578247070e-01
7.862966060638427734e-01
7.862837314605712891e-01
7.862710952758789062e-01
7.862582206726074219e-01
7.862455248832702637e-01
7.862327098846435547e-01
7.862199544906616211e-01
7.862071990966796875e-01
7.861945033073425293e-01
7.861816883087158203e-01
7.861689329147338867e-01
7.861561775207519531e-01
7.861434817314147949e-01
7.861307263374328613e-01
7.861179709434509277e-01
7.861052155494689941e-01
7.860924005508422852e-01
7.860797047615051270e-01
7.860669493675231934e-01
7.860541939735412598e-01
7.860414385795593262e-01
7.860287427902221680e-01
7.860158681869506836e-01
7.860031723976135254e-01
7.859903573989868164e-01
7.859776616096496582e-01
7.859649062156677246e-01
7.859522104263305664e-01
7.859394550323486328e-01
7.859266996383666992e-01
7.859139442443847656e-01
7.859011888504028320e-01
7.858884334564208984e-01
7.858756780624389648e-01
7.858629226684570312e-01
7.858501672744750977e-01
7.858375310897827148e-01
7.858246564865112305e-01
7.858119606971740723e-01
7.857992649078369141e-01
7.857865095138549805e-01
7.857737541198730469e-01
7.857609987258911133e-01
7.857482433319091797e-01
7.857355475425720215e-01
7.857227325439453125e-01
7.857100963592529297e-01
7.856973409652709961e-01
7.856845855712890625e-01
7.856718301773071289e-01
7.856591343879699707e-01
7.856463193893432617e-01
7.856336236000061035e-01
7.856208682060241699e-01
7.856081724166870117e-01
7.855954766273498535e-01
7.855826616287231445e-01
7.855699658393859863e-01
7.855571508407592773e-01
7.855443954467773438e-01
7.855317592620849609e-01
7.855189442634582520e-01
7.855062484741210938e-01
7.854935526847839355e-01
7.854808568954467773e-01
7.854681015014648438e-01
7.854553461074829102e-01
7.854425907135009766e-01
7.854298353195190430e-01
7.854171991348266602e-01
7.854043841361999512e-01
7.853916287422180176e-01
7.853789329528808594e-01
7.853661775588989258e-01
7.853534221649169922e-01
7.853407859802246094e-01
7.853280305862426758e-01
7.853152751922607422e-01
7.853025197982788086e-01
7.852898240089416504e-01
7.852770686149597168e-01
7.852643728256225586e-01
7.852517366409301758e-01
7.852389812469482422e-01
7.852262854576110840e-01
7.852134704589843750e-01
7.852007150650024414e-01
7.851880788803100586e-01
7.851753234863281250e-01
7.851625680923461914e-01
7.851499319076538086e-01
7.851371765136718750e-01
7.851244211196899414e-01
7.851116657257080078e-01
7.850989103317260742e-01
7.850862741470336914e-01
7.850735187530517578e-01
7.850608229637145996e-01
7.850480675697326660e-01
7.850353717803955078e-01
7.850227355957031250e-01
7.850098609924316406e-01
7.849971652030944824e-01
7.849844694137573242e-01
7.849717736244201660e-01
7.849590778350830078e-01
7.849463224411010742e-01
7.849336266517639160e-01
7.849209308624267578e-01
7.849081754684448242e-01
7.848954200744628906e-01
7.848827838897705078e-01
7.848700881004333496e-01
7.848573923110961914e-01
7.848445177078247070e-01
7.848318815231323242e-01
7.848191261291503906e-01
7.848064303398132324e-01
7.847937345504760742e-01
7.847809791564941406e-01
7.847682833671569824e-01
7.847555875778198242e-01
7.847428321838378906e-01
7.847301959991455078e-01
7.847174406051635742e-01
7.847048044204711914e-01
7.846920490264892578e-01
7.846792936325073242e-01
7.846665978431701660e-01
7.846539020538330078e-01
7.846411466598510742e-01
7.846285104751586914e-01
7.846157550811767578e-01
7.846031188964843750e-01
7.845903038978576660e-01
7.845776081085205078e-01
7.845649719238281250e-01
7.845522165298461914e-01
7.845394611358642578e-01
7.845268249511718750e-01
7.845140695571899414e-01
7.845013141632080078e-01
7.844886779785156250e-01
7.844759225845336914e-01
7.844632267951965332e-01
7.844505310058593750e-01
7.844378352165222168e-01
7.844250202178955078e-01
7.844123840332031250e-01
7.843996882438659668e-01
7.843869328498840332e-01
7.843742370605468750e-01
7.843615412712097168e-01
7.843488454818725586e-01
7.843360900878906250e-01
7.843234539031982422e-01
7.843106985092163086e-01
7.842979431152343750e-01
7.842853069305419922e-01
7.842725515365600586e-01
7.842599153518676758e-01
7.842471599578857422e-01
7.842344045639038086e-01
7.842217683792114258e-01
7.842090129852294922e-01
7.841963768005371094e-01
7.841836810111999512e-01
7.841709852218627930e-01
7.841582298278808594e-01
7.841454744338989258e-01
7.841327786445617676e-01
7.841201424598693848e-01
7.841073870658874512e-01
7.840946912765502930e-01
7.840819954872131348e-01
7.840692996978759766e-01
7.840565443038940430e-01
7.840439081192016602e-01
7.840311527252197266e-01
7.840183973312377930e-01
7.840057611465454102e-01
7.839930057525634766e-01
7.839803099632263184e-01
7.839676141738891602e-01
7.839548587799072266e-01
7.839422225952148438e-01
7.839294672012329102e-01
7.839167118072509766e-01
7.839040160179138184e-01
7.838913202285766602e-01
7.838786840438842773e-01
7.838659286499023438e-01
7.838532924652099609e-01
7.838405370712280273e-01
7.838277816772460938e-01
7.838151454925537109e-01
7.838024497032165527e-01
7.837896347045898438e-01
7.837769389152526855e-01
7.837642431259155273e-01
7.837516069412231445e-01
7.837388515472412109e-01
7.837261557579040527e-01
7.837134599685668945e-01
7.837007045745849609e-01
7.836880683898925781e-01
7.836753129959106445e-01
7.836626172065734863e-01
7.836499214172363281e-01
7.836371660232543945e-01
7.836244106292724609e-01
7.836117744445800781e-01
7.835990190505981445e-01
7.835863828659057617e-01
7.835736274719238281e-01
7.835609912872314453e-01
7.835482358932495117e-01
7.835354208946228027e-01
7.835227847099304199e-01
7.835100889205932617e-01
7.834973335266113281e-01
7.834846377372741699e-01
7.834719419479370117e-01
7.834591865539550781e-01
7.834465503692626953e-01
7.834337949752807617e-01
7.834210991859436035e-01
7.834084033966064453e-01
7.833955287933349609e-01
7.833828926086425781e-01
7.833702564239501953e-01
7.833575010299682617e-01
7.833447456359863281e-01
7.833321094512939453e-01
7.833193540573120117e-01
7.833065986633300781e-01
7.832939028739929199e-01
7.832812070846557617e-01
7.832684516906738281e-01
7.832557559013366699e-01
7.832430601119995117e-01
7.832303047180175781e-01
7.832175493240356445e-01
7.832049131393432617e-01
7.831921577453613281e-01
7.831794023513793945e-01
7.831667661666870117e-01
7.831540107727050781e-01
7.831412553787231445e-01
7.831284999847412109e-01
7.831158638000488281e-01
7.831031084060668945e-01
7.830903530120849609e-01
7.830777168273925781e-01
7.830649614334106445e-01
7.830522060394287109e-01
7.830395698547363281e-01
7.830266952514648438e-01
7.830139398574829102e-01
7.830013036727905273e-01
7.829885482788085938e-01
7.829757928848266602e-01
7.829630970954895020e-01
7.829504013061523438e-01
7.829375863075256348e-01
7.829248905181884766e-01
7.829121351242065430e-01
7.828994393348693848e-01
7.828867435455322266e-01
7.828739881515502930e-01
7.828611731529235840e-01
7.828485965728759766e-01
7.828357219696044922e-01
7.828230857849121094e-01
7.828103303909301758e-01
7.827975749969482422e-01
7.827848196029663086e-01
7.827721238136291504e-01
7.827594280242919922e-01
7.827466726303100586e-01
7.827338576316833496e-01
7.827211618423461914e-01
7.827084064483642578e-01
7.826955914497375488e-01
7.826828956604003906e-01
7.826701402664184570e-01
7.826573848724365234e-01
7.826446890830993652e-01
7.826319932937622070e-01
7.826192378997802734e-01
7.826064825057983398e-01
7.825937271118164062e-01
7.825809717178344727e-01
7.825681567192077637e-01
7.825554609298706055e-01
7.825427055358886719e-01
7.825299501419067383e-01
7.825171947479248047e-01
7.825043797492980957e-01
7.824916839599609375e-01
7.824789285659790039e-01
7.824661135673522949e-01
7.824534177780151367e-01
7.824406623840332031e-01
7.824279069900512695e-01
7.824151515960693359e-01
7.824023962020874023e-01
7.823896408081054688e-01
7.823768854141235352e-01
7.823640108108520508e-01
7.823512554168701172e-01
7.823385000228881836e-01
7.823258042335510254e-01
7.823129892349243164e-01
7.823002338409423828e-01
7.822874784469604492e-01
7.822747230529785156e-01
7.822619676589965820e-01
7.822492122650146484e-01
7.822363376617431641e-01
7.822235822677612305e-01
7.822108268737792969e-01
7.821980118751525879e-01
7.821853160858154297e-01
7.821725010871887207e-01
7.821597456932067871e-01
7.821469306945800781e-01
7.821341753005981445e-01
7.821213006973266602e-01
7.821086049079895020e-01
7.820957899093627930e-01
7.820830345153808594e-01
7.820702195167541504e-01
7.820574045181274414e-01
7.820446491241455078e-01
7.820318937301635742e-01
7.820190191268920898e-01
7.820062637329101562e-01
7.819934487342834473e-01
7.819806933403015137e-01
7.819678783416748047e-01
7.819550633430480957e-01
7.819422483444213867e-01
7.819294929504394531e-01
7.819166183471679688e-01
7.819038629531860352e-01
7.818911075592041016e-01
7.818782925605773926e-01
7.818654775619506836e-01
7.818526625633239746e-01
7.818398475646972656e-01
7.818270325660705566e-01
7.818141579627990723e-01
7.818014025688171387e-01
7.817885875701904297e-01
7.817757725715637207e-01
7.817629575729370117e-01
7.817500829696655273e-01
7.817373275756835938e-01
7.817244529724121094e-01
7.817116975784301758e-01
7.816988825798034668e-01
7.816859483718872070e-01
7.816731929779052734e-01
7.816603779792785645e-01
7.816475629806518555e-01
7.816346883773803711e-01
7.816218137741088867e-01
7.816089391708374023e-01
7.815961837768554688e-01
7.815833091735839844e-01
7.815704941749572754e-01
7.815576195716857910e-01
7.815448045730590820e-01
7.815319299697875977e-01
7.815191149711608887e-01
7.815062999725341797e-01
7.814934253692626953e-01
7.814805507659912109e-01
7.814677953720092773e-01
7.814549207687377930e-01
7.814420461654663086e-01
7.814291715621948242e-01
7.814163565635681152e-01
7.814034223556518555e-01
7.813905477523803711e-01
7.813776731491088867e-01
7.813649177551269531e-01
7.813519239425659180e-01
7.813392281532287598e-01
7.813262343406677246e-01
7.813133597373962402e-01
7.813004255294799805e-01
7.812875509262084961e-01
7.812747359275817871e-01
7.812619209289550781e-01
7.812489271163940430e-01
7.812360525131225586e-01
7.812232375144958496e-01
7.812103033065795898e-01
7.811974287033081055e-01
7.811845541000366211e-01
7.811716794967651367e-01
7.811588048934936523e-01
7.811458110809326172e-01
7.811329364776611328e-01
7.811200618743896484e-01
7.811071872711181641e-01
7.810941934585571289e-01
7.810813188552856445e-01
7.810684442520141602e-01
7.810555696487426758e-01
7.810425758361816406e-01
7.810297012329101562e-01
7.810168266296386719e-01
7.810038924217224121e-01
7.809909582138061523e-01
7.809780836105346680e-01
7.809650897979736328e-01
7.809521555900573730e-01
7.809392809867858887e-01
7.809263467788696289e-01
7.809133529663085938e-01
7.809004783630371094e-01
7.808874249458312988e-01
7.808746099472045898e-01
7.808616161346435547e-01
7.808487415313720703e-01
7.808357477188110352e-01
7.808227539062500000e-01
7.808098793029785156e-01
7.807968854904174805e-01
7.807839512825012207e-01
7.807710170745849609e-01
7.807580232620239258e-01
7.807451486587524414e-01
7.807320952415466309e-01
7.807191014289855957e-01
7.807061672210693359e-01
7.806931734085083008e-01
7.806802988052368164e-01
7.806671857833862305e-01
7.806543111801147461e-01
7.806413173675537109e-01
7.806283235549926758e-01
7.806153297424316406e-01
7.806023359298706055e-01
7.805894613265991211e-01
7.805763483047485352e-01
7.805633544921875000e-01
7.805503606796264648e-01
7.805373668670654297e-01
7.805243730545043945e-01
7.805113792419433594e-01
7.804983854293823242e-01
7.804853320121765137e-01
7.804723381996154785e-01
7.804593443870544434e-01
7.804462909698486328e-01
7.804332971572875977e-01
7.804203033447265625e-01
7.804071903228759766e-01
7.803942561149597168e-01
7.803812026977539062e-01
7.803682088851928711e-01
7.803552150726318359e-01
7.803421616554260254e-01
7.803289890289306641e-01
7.803159952163696289e-01
7.803030610084533691e-01
7.802900075912475586e-01
7.802768945693969727e-01
7.802637815475463867e-01
7.802507877349853516e-01
7.802376747131347656e-01
7.802246809005737305e-01
7.802115678787231445e-01
7.801985740661621094e-01
7.801854610443115234e-01
7.801724672317504883e-01
7.801593542098999023e-01
7.801463007926940918e-01
7.801333069801330566e-01
7.801201343536376953e-01
7.801070213317871094e-01
7.800939679145812988e-01
7.800807952880859375e-01
7.800678014755249023e-01
7.800546884536743164e-01
7.800415754318237305e-01
7.800284624099731445e-01
7.800153493881225586e-01
7.800023555755615234e-01
7.799891233444213867e-01
7.799761295318603516e-01
7.799628973007202148e-01
7.799497842788696289e-01
7.799367308616638184e-01
7.799235582351684570e-01
7.799104452133178711e-01
7.798972725868225098e-01
7.798840999603271484e-01
7.798709869384765625e-01
7.798579931259155273e-01
7.798447608947753906e-01
7.798316478729248047e-01
7.798184752464294434e-01
7.798053026199340820e-01
7.797921299934387207e-01
7.797789573669433594e-01
7.797658443450927734e-01
7.797526121139526367e-01
7.797395586967468262e-01
7.797263860702514648e-01
7.797131538391113281e-01
7.797000408172607422e-01
7.796867489814758301e-01
7.796735763549804688e-01
7.796604633331298828e-01
7.796472311019897461e-01
7.796339988708496094e-01
7.796208858489990234e-01
7.796076536178588867e-01
7.795944809913635254e-01
7.795813083648681641e-01
7.795680165290832520e-01
7.795548439025878906e-01
7.795416116714477539e-01
7.795283794403076172e-01
7.795151472091674805e-01
7.795019149780273438e-01
7.794886827468872070e-01
7.794754505157470703e-01
7.794621586799621582e-01
7.794489860534667969e-01
7.794357538223266602e-01
7.794225215911865234e-01
7.794092297554016113e-01
7.793959379196166992e-01
7.793827056884765625e-01
7.793694734573364258e-01
7.793561220169067383e-01
7.793429493904113770e-01
7.793296575546264648e-01
7.793163657188415527e-01
7.793031334877014160e-01
7.792898416519165039e-01
7.792764902114868164e-01
7.792631983757019043e-01
7.792499065399169922e-01
7.792366147041320801e-01
7.792233228683471680e-01
7.792099714279174805e-01
7.791966795921325684e-01
7.791833877563476562e-01
7.791700959205627441e-01
7.791568040847778320e-01
7.791434526443481445e-01
7.791301012039184570e-01
7.791167497634887695e-01
7.791034579277038574e-01
7.790900468826293945e-01
7.790767550468444824e-01
7.790634632110595703e-01
7.790501117706298828e-01
7.790367603302001953e-01
7.790233492851257324e-01
7.790099382400512695e-01
7.789966464042663574e-01
7.789832353591918945e-01
7.789698839187622070e-01
7.789565324783325195e-01
7.789430618286132812e-01
7.789297103881835938e-01
7.789163589477539062e-01
7.789030075073242188e-01
7.788895964622497559e-01
7.788761258125305176e-01
7.788627147674560547e-01
7.788493633270263672e-01
7.788360118865966797e-01
7.788225412368774414e-01
7.788090109825134277e-01
7.787956595420837402e-01
7.787822484970092773e-01
7.787687778472900391e-01
7.787553071975708008e-01
7.787418961524963379e-01
7.787284851074218750e-01
7.787150144577026367e-01
7.787015438079833984e-01
7.786880731582641602e-01
7.786746025085449219e-01
7.786611318588256836e-01
7.786477208137512207e-01
7.786341905593872070e-01
7.786207795143127441e-01
7.786072492599487305e-01
7.785937786102294922e-01
7.785802483558654785e-01
7.785667777061462402e-01
7.785532474517822266e-01
7.785397768020629883e-01
7.785262465476989746e-01
7.785127162933349609e-01
7.784991860389709473e-01
7.784856557846069336e-01
7.784720659255981445e-01
7.784586548805236816e-01
7.784451246261596680e-01
7.784315347671508789e-01
7.784179449081420898e-01
7.784044742584228516e-01
7.783908247947692871e-01
7.783772349357604980e-01
7.783637642860412598e-01
7.783502340316772461e-01
7.783366441726684570e-01
7.783229947090148926e-01
7.783094644546508789e-01
7.782958745956420898e-01
7.782821655273437500e-01
7.782686948776245117e-01
7.782551050186157227e-01
7.782413959503173828e-01
7.782278656959533691e-01
7.782141566276550293e-01
7.782006263732910156e-01
7.781869173049926758e-01
7.781733274459838867e-01
7.781597375869750977e-01
7.781460285186767578e-01
7.781324386596679688e-01
7.781187891960144043e-01
7.781051397323608398e-01
7.780914306640625000e-01
7.780777812004089355e-01
7.780641317367553711e-01
7.780504226684570312e-01
7.780368328094482422e-01
7.780231237411499023e-01
7.780094146728515625e-01
7.779957056045532227e-01
7.779819965362548828e-01
7.779682874679565430e-01
7.779545783996582031e-01
7.779408693313598633e-01
7.779271602630615234e-01
7.779134511947631836e-01
7.778996229171752930e-01
7.778859138488769531e-01
7.778722643852233887e-01
7.778584957122802734e-01
7.778447866439819336e-01
7.778309583663940430e-01
7.778172492980957031e-01
7.778034806251525879e-01
7.777896523475646973e-01
7.777758836746215820e-01
7.777621746063232422e-01
7.777483463287353516e-01
7.777345180511474609e-01
7.777208089828491211e-01
7.777069807052612305e-01
7.776931524276733398e-01
7.776793241500854492e-01
7.776656150817871094e-01
7.776517868041992188e-01
7.776378393173217773e-01
7.776240706443786621e-01
7.776101827621459961e-01
7.775963544845581055e-01
7.775825262069702148e-01
7.775686979293823242e-01
7.775548696517944336e-01
7.775409817695617676e-01
7.775270938873291016e-01
7.775132060050964355e-01
7.774993181228637695e-01
7.774854898452758789e-01
7.774715423583984375e-01
7.774577140808105469e-01
7.774437069892883301e-01
7.774298191070556641e-01
7.774159312248229980e-01
7.774019837379455566e-01
7.773880958557128906e-01
7.773741483688354492e-01
7.773602008819580078e-01
7.773462533950805664e-01
7.773323059082031250e-01
7.773183584213256836e-01
7.773044109344482422e-01
7.772904634475708008e-01
7.772765159606933594e-01
7.772624492645263672e-01
7.772485017776489258e-01
7.772344350814819336e-01
7.772204875946044922e-01
7.772064805030822754e-01
7.771925330162048340e-01
7.771784663200378418e-01
7.771644592285156250e-01
7.771504521369934082e-01
7.771364450454711914e-01
7.771223783493041992e-01
7.771084308624267578e-01
7.770943641662597656e-01
7.770801782608032227e-01
7.770661711692810059e-01
7.770521640777587891e-01
7.770380973815917969e-01
7.770240306854248047e-01
7.770099639892578125e-01
7.769957780838012695e-01
7.769817709922790527e-01
7.769676446914672852e-01
7.769534587860107422e-01
7.769395112991333008e-01
7.769252657890319824e-01
7.769111990928649902e-01
7.768970727920532227e-01
7.768828868865966797e-01
7.768688201904296875e-01
7.768546342849731445e-01
7.768404483795166016e-01
7.768262624740600586e-01
7.768121957778930664e-01
7.767979502677917480e-01
7.767838239669799805e-01
7.767695784568786621e-01
7.767553329467773438e-01
7.767412066459655762e-01
7.767270207405090332e-01
7.767128348350524902e-01
7.766985893249511719e-01
7.766842842102050781e-01
7.766700983047485352e-01
7.766559123992919922e-01
7.766416668891906738e-01
7.766274213790893555e-01
7.766131162643432617e-01
7.765989303588867188e-01
7.765846252441406250e-01
7.765703201293945312e-01
7.765560746192932129e-01
7.765417695045471191e-01
7.765275239944458008e-01
7.765131592750549316e-01
7.764989137649536133e-01
7.764846086502075195e-01
7.764703035354614258e-01
7.764559388160705566e-01
7.764415740966796875e-01
7.764272093772888184e-01
7.764129042625427246e-01
7.763984203338623047e-01
7.763841152191162109e-01
7.763698101043701172e-01
7.763554453849792480e-01
7.763410806655883789e-01
7.763267159461975098e-01
7.763123512268066406e-01
7.762978672981262207e-01
7.762835025787353516e-01
7.762690782546997070e-01
7.762547135353088379e-01
7.762402296066284180e-01
7.762258052825927734e-01
7.762114405632019043e-01
7.761968970298767090e-01
7.761824727058410645e-01
7.761679887771606445e-01
7.761535644531250000e-01
7.761390209197998047e-01
7.761245965957641602e-01
7.761100530624389648e-01
7.760956287384033203e-01
7.760810852050781250e-01
7.760666608810424805e-01
7.760521173477172852e-01
7.760375738143920898e-01
7.760230302810668945e-01
7.760084867477416992e-01
7.759940028190612793e-01
7.759794592857360840e-01
7.759647965431213379e-01
7.759503126144409180e-01
7.759357690811157227e-01
7.759211063385009766e-01
7.759065628051757812e-01
7.758920192718505859e-01
7.758773565292358398e-01
7.758626937866210938e-01
7.758481502532958984e-01
7.758334875106811523e-01
7.758189439773559570e-01
7.758042812347412109e-01
7.757896184921264648e-01
7.757749557495117188e-01
7.757602930068969727e-01
7.757456898689270020e-01
7.757309675216674805e-01
7.757164239883422852e-01
7.757016420364379883e-01
7.756869792938232422e-01
7.756722569465637207e-01
7.756575345993041992e-01
7.756427526473999023e-01
7.756280899047851562e-01
7.756133079528808594e-01
7.755985856056213379e-01
7.755838632583618164e-01
7.755690813064575195e-01
7.755542993545532227e-01
7.755395770072937012e-01
7.755247950553894043e-01
7.755100727081298828e-01
7.754951715469360352e-01
7.754803895950317383e-01
7.754656076431274414e-01
7.754507660865783691e-01
7.754359245300292969e-01
7.754212021827697754e-01
7.754063606262207031e-01
7.753915190696716309e-01
7.753766775131225586e-01
7.753617763519287109e-01
