8.617506027221679688e-01
8.616857528686523438e-01
8.616211414337158203e-01
8.615561723709106445e-01
8.614915013313293457e-01
8.614265918731689453e-01
8.613618612289428711e-01
8.612968921661376953e-01
8.612320423126220703e-01
8.611670136451721191e-01
8.611021041870117188e-01
8.610371351242065430e-01
8.609721660614013672e-01
8.609071969985961914e-01
8.608421683311462402e-01
8.607770800590515137e-01
8.607119917869567871e-01
8.606468439102172852e-01
8.605817556381225586e-01
8.605166673660278320e-01
8.604514598846435547e-01
8.603862524032592773e-01
8.603209257125854492e-01
8.602558374404907227e-01
8.601905107498168945e-01
8.601253032684326172e-01
8.600599765777587891e-01
8.599945902824401855e-01
8.599292635917663574e-01
8.598639965057373047e-01
8.597985506057739258e-01
8.597332239151000977e-01
8.596677780151367188e-01
8.596023321151733398e-01
8.595368862152099609e-01
8.594713807106018066e-01
8.594058156013488770e-01
8.593403100967407227e-01
8.592746257781982422e-01
8.592091202735900879e-01
8.591434955596923828e-01
8.590778708457946777e-01
8.590122461318969727e-01
8.589465618133544922e-01
8.588809370994567871e-01
8.588151931762695312e-01
8.587495088577270508e-01
8.586835861206054688e-01
8.586179018020629883e-01
8.585520982742309570e-01
8.584862947463989258e-01
8.584203720092773438e-01
8.583546280860900879e-01
8.582886457443237305e-01
8.582227230072021484e-01
8.581569194793701172e-01
8.580909967422485352e-01
8.580250740051269531e-01
8.579589128494262695e-01
8.578931093215942383e-01
8.578270077705383301e-01
8.577610254287719727e-01
8.576948642730712891e-01
8.576288223266601562e-01
8.575626611709594727e-01
8.574964404106140137e-01
8.574304580688476562e-01
8.573642969131469727e-01
8.572980165481567383e-01
8.572319149971008301e-01
8.571656346321105957e-01
8.570994138717651367e-01
8.570331335067749023e-01
8.569667339324951172e-01
8.569005131721496582e-01
8.568341732025146484e-01
8.567678332328796387e-01
8.567013740539550781e-01
8.566350936889648438e-01
8.565685749053955078e-01
8.565021753311157227e-01
8.564357757568359375e-01
8.563692569732666016e-01
8.563027381896972656e-01
8.562362790107727051e-01
8.561697602272033691e-01
8.561031818389892578e-01
8.560365438461303711e-01
8.559700250625610352e-01
8.559035658836364746e-01
8.558368682861328125e-01
8.557702302932739258e-01
8.557035923004150391e-01
8.556368350982666016e-01
8.555701375007629395e-01
8.555033802986145020e-01
8.554366827011108398e-01
8.553699254989624023e-01
8.553031682968139648e-01
8.552362918853759766e-01
8.551695346832275391e-01
8.551026582717895508e-01
8.550357818603515625e-01
8.549689054489135742e-01
8.549020290374755859e-01
8.548351526260375977e-01
8.547681570053100586e-01
8.547012805938720703e-01
8.546342849731445312e-01
8.545672893524169922e-01
8.545002937316894531e-01
8.544332385063171387e-01
8.543661236763000488e-01
8.542991280555725098e-01
8.542320132255554199e-01
8.541648983955383301e-01
8.540978431701660156e-01
8.540307283401489258e-01
8.539636135101318359e-01
8.538963794708251953e-01
8.538292646408081055e-01
8.537619113922119141e-01
8.536947369575500488e-01
8.536275625228881836e-01
8.535602688789367676e-01
8.534929752349853516e-01
8.534257411956787109e-01
8.533583283424377441e-01
8.532910346984863281e-01
8.532238006591796875e-01
8.531563282012939453e-01
8.530889749526977539e-01
8.530216217041015625e-01
8.529542088508605957e-01
8.528867959976196289e-01
8.528193235397338867e-01
8.527518510818481445e-01
8.526844978332519531e-01
8.526168465614318848e-01
8.525493741035461426e-01
8.524817824363708496e-01
8.524143099784851074e-01
8.523467779159545898e-01
8.522791862487792969e-01
8.522115349769592285e-01
8.521438837051391602e-01
8.520762920379638672e-01
8.520087599754333496e-01
8.519411683082580566e-01
8.518732786178588867e-01
8.518056273460388184e-01
8.517379164695739746e-01
8.516702651977539062e-01
8.516024351119995117e-01
8.515347242355346680e-01
8.514670133590698242e-01
8.513991832733154297e-01
8.513314723968505859e-01
8.512635827064514160e-01
8.511956930160522461e-01
8.511278629302978516e-01
8.510600328445434570e-01
8.509922027587890625e-01
8.509243130683898926e-01
8.508564233779907227e-01
8.507884144783020020e-01
8.507205843925476074e-01
8.506527543067932129e-01
8.505846858024597168e-01
8.505166769027709961e-01
8.504487276077270508e-01
8.503807783126831055e-01
8.503127098083496094e-01
8.502446413040161133e-01
8.501766920089721680e-01
8.501086235046386719e-01
8.500404953956604004e-01
8.499724268913269043e-01
8.499042987823486328e-01
8.498363494873046875e-01
8.497681617736816406e-01
8.496999740600585938e-01
8.496317863464355469e-01
8.495635986328125000e-01
8.494955301284790039e-01
8.494273424148559570e-01
8.493590950965881348e-01
8.492908477783203125e-01
8.492226600646972656e-01
8.491543531417846680e-01
8.490861654281616211e-01
8.490179777145385742e-01
8.489496707916259766e-01
8.488813638687133789e-01
8.488131761550903320e-01
8.487447500228881836e-01
8.486763834953308105e-01
8.486080169677734375e-01
8.485398292541503906e-01
8.484714031219482422e-01
8.484030365943908691e-01
8.483346700668334961e-01
8.482662439346313477e-01
8.481978178024291992e-01
8.481293916702270508e-01
8.480610847473144531e-01
8.479925394058227539e-01
8.479241132736206055e-01
8.478556871414184570e-01
8.477872610092163086e-01
8.477188348770141602e-01
8.476503491401672363e-01
8.475818634033203125e-01
8.475133180618286133e-01
8.474447131156921387e-01
8.473762273788452148e-01
8.473078012466430664e-01
8.472391963005065918e-01
8.471705317497253418e-01
8.471020460128784180e-01
8.470335006713867188e-01
8.469648957252502441e-01
8.468963503837585449e-01
8.468276262283325195e-01
8.467590808868408203e-01
8.466904759407043457e-01
8.466218709945678711e-01
8.465531468391418457e-01
8.464846611022949219e-01
8.464159965515136719e-01
8.463473320007324219e-01
8.462785482406616211e-01
8.462098836898803711e-01
8.461412191390991211e-01
8.460725545883178711e-01
8.460039496421813965e-01
8.459352254867553711e-01
8.458664417266845703e-01
8.457977771759033203e-01
8.457290530204772949e-01
8.456602096557617188e-01
8.455915451049804688e-01
8.455228805541992188e-01
8.454540371894836426e-01
8.453853130340576172e-01
8.453165292739868164e-01
8.452477455139160156e-01
8.451789617538452148e-01
8.451101779937744141e-01
8.450414538383483887e-01
8.449726104736328125e-01
8.449038267135620117e-01
8.448350429534912109e-01
8.447662591934204102e-01
8.446974158287048340e-01
8.446285724639892578e-01
8.445597887039184570e-01
8.444908857345581055e-01
8.444221019744873047e-01
8.443532586097717285e-01
8.442844152450561523e-01
8.442155122756958008e-01
8.441467285156250000e-01
8.440778255462646484e-01
8.440089225769042969e-01
8.439401984214782715e-01
8.438712954521179199e-01
8.438024520874023438e-01
8.437335491180419922e-01
8.436647057533264160e-01
8.435958027839660645e-01
8.435269594192504883e-01
8.434579372406005859e-01
8.433891534805297852e-01
8.433202505111694336e-01
8.432512879371643066e-01
8.431823253631591797e-01
8.431134223937988281e-01
8.430446386337280273e-01
8.429757356643676758e-01
8.429068326950073242e-01
8.428378701210021973e-01
8.427690267562866211e-01
8.427001237869262695e-01
8.426311612129211426e-01
8.425622582435607910e-01
8.424932956695556641e-01
8.424244523048400879e-01
8.423554897308349609e-01
8.422865867614746094e-01
8.422176837921142578e-01
8.421487808227539062e-01
8.420798778533935547e-01
8.420109748840332031e-01
8.419420719146728516e-01
8.418730497360229492e-01
8.418041467666625977e-01
8.417353034019470215e-01
8.416664600372314453e-01
8.415974378585815430e-01
8.415285348892211914e-01
8.414596319198608398e-01
8.413907289505004883e-01
8.413219451904296875e-01
8.412529230117797852e-01
8.411840200424194336e-01
8.411151170730590820e-01
8.410462141036987305e-01
8.409773111343383789e-01
8.409083485603332520e-01
8.408396244049072266e-01
8.407706022262573242e-01
8.407018780708312988e-01
8.406329154968261719e-01
8.405638933181762695e-01
8.404951691627502441e-01
8.404263257980346680e-01
8.403575420379638672e-01
8.402885794639587402e-01
8.402197360992431641e-01
8.401508331298828125e-01
8.400819301605224609e-01
8.400131464004516602e-01
8.399442434310913086e-01
8.398754596710205078e-01
8.398065567016601562e-01
8.397377729415893555e-01
8.396689891815185547e-01
8.396002054214477539e-01
8.395313620567321777e-01
8.394625782966613770e-01
8.393937349319458008e-01
8.393249511718750000e-01
8.392561674118041992e-01
8.391873240470886230e-01
8.391187191009521484e-01
8.390499353408813477e-01
8.389812111854553223e-01
8.389123678207397461e-01
8.388435244560241699e-01
8.387749195098876953e-01
8.387061357498168945e-01
8.386374115943908691e-01
8.385688066482543945e-01
8.385000228881835938e-01
8.384312987327575684e-01
8.383625149726867676e-01
8.382939696311950684e-01
8.382253050804138184e-01
8.381567001342773438e-01
8.380879759788513184e-01
8.380192518234252930e-01
8.379507660865783691e-01
8.378821015357971191e-01
8.378134369850158691e-01
8.377448320388793945e-01
8.376762866973876953e-01
8.376076221466064453e-01
8.375390768051147461e-01
8.374705314636230469e-01
8.374019861221313477e-01
8.373335003852844238e-01
8.372648954391479492e-01
8.371964693069458008e-01
8.371278643608093262e-01
8.370594382286071777e-01
8.369909524917602539e-01
8.369225263595581055e-01
8.368539810180664062e-01
8.367854952812194824e-01
8.367171287536621094e-01
8.366487026214599609e-01
8.365803360939025879e-01
8.365119099617004395e-01
8.364435434341430664e-01
8.363752365112304688e-01
8.363068103790283203e-01
8.362383842468261719e-01
8.361700773239135742e-01
8.361018896102905273e-01
8.360335826873779297e-01
8.359652757644653320e-01
8.358969688415527344e-01
8.358287811279296875e-01
8.357605934143066406e-01
8.356923460960388184e-01
8.356240987777709961e-01
8.355559110641479492e-01
8.354877233505249023e-01
8.354195356369018555e-01
8.353515267372131348e-01
8.352833986282348633e-01
8.352152705192565918e-01
8.351471424102783203e-01
8.350790739059448242e-01
8.350110650062561035e-01
8.349428772926330566e-01
8.348749876022338867e-01
8.348070383071899414e-01
8.347389698028564453e-01
8.346710801124572754e-01
8.346030712127685547e-01
8.345351219177246094e-01
8.344672322273254395e-01
8.343994021415710449e-01
8.343314528465270996e-01
8.342635631561279297e-01
8.341957330703735352e-01
8.341280221939086914e-01
8.340601921081542969e-01
8.339924216270446777e-01
8.339246511459350586e-01
8.338570594787597656e-01
8.337892293930053711e-01
8.337216377258300781e-01
8.336538076400756836e-01
8.335862755775451660e-01
8.335186243057250977e-01
8.334510326385498047e-01
8.333834409713745117e-01
8.333159089088439941e-01
8.332483768463134766e-01
8.331809043884277344e-01
8.331133127212524414e-01
8.330459594726562500e-01
8.329783678054809570e-01
8.329110741615295410e-01
8.328435420989990234e-01
8.327761888504028320e-01
8.327089548110961914e-01
8.326416015625000000e-01
8.325741887092590332e-01
8.325070142745971680e-01
8.324396610260009766e-01
8.323724865913391113e-01
8.323053717613220215e-01
8.322381973266601562e-01
8.321709632873535156e-01
8.321038484573364258e-01
8.320367932319641113e-01
8.319697380065917969e-01
8.319026827812194824e-01
8.318356275558471680e-01
8.317685723304748535e-01
8.317016363143920898e-01
8.316347599029541016e-01
8.315678238868713379e-01
8.315008878707885742e-01
8.314340710639953613e-01
8.313672542572021484e-01
8.313004374504089355e-01
8.312336206436157227e-01
8.311668038368225098e-01
8.311002254486083984e-01
8.310334682464599609e-01
8.309669494628906250e-01
8.309003114700317383e-01
8.308335542678833008e-01
8.307670354843139648e-01
8.307005763053894043e-01
8.306339979171752930e-01
8.305675983428955078e-01
8.305010795593261719e-01
8.304346799850463867e-01
8.303683996200561523e-01
8.303020000457763672e-01
8.302357196807861328e-01
8.301694989204406738e-01
8.301031589508056641e-01
8.300368189811706543e-01
8.299707174301147461e-01
8.299045562744140625e-01
8.298383951187133789e-01
8.297723531723022461e-01
8.297063112258911133e-01
8.296401500701904297e-01
8.295742869377136230e-01
8.295083045959472656e-01
8.294422626495361328e-01
8.293764591217041016e-01
8.293106555938720703e-01
8.292446732521057129e-01
8.291789889335632324e-01
8.291132450103759766e-01
8.290475606918334961e-01
8.289818763732910156e-01
8.289161920547485352e-01
8.288506269454956055e-01
8.287849426269531250e-01
8.287194967269897461e-01
8.286540508270263672e-01
8.285885453224182129e-01
8.285231590270996094e-01
8.284577131271362305e-01
8.283923864364624023e-01
8.283270001411437988e-01
8.282617330551147461e-01
8.281964659690856934e-01
8.281313180923461914e-01
8.280662298202514648e-01
8.280010223388671875e-01
8.279358148574829102e-01
8.278709650039672852e-01
8.278058767318725586e-01
8.277410268783569336e-01
8.276760578155517578e-01
8.276110887527465820e-01
8.275462985038757324e-01
8.274813890457153320e-01
8.274167180061340332e-01
8.273519873619079590e-01
8.272873759269714355e-01
8.272227048873901367e-01
8.271579742431640625e-01
8.270936012268066406e-01
8.270291090011596680e-01
8.269646167755126953e-01
8.269001245498657227e-01
8.268356919288635254e-01
8.267713785171508789e-01
8.267070651054382324e-01
8.266428709030151367e-01
8.265784978866577148e-01
8.265143632888793945e-01
8.264502286911010742e-01
8.263862133026123047e-01
8.263220787048339844e-01
8.262581825256347656e-01
8.261941671371459961e-01
8.261302709579467773e-01
8.260664939880371094e-01
8.260025978088378906e-01
8.259388208389282227e-01
8.258750438690185547e-01
8.258113265037536621e-01
8.257478475570678711e-01
8.256841897964477539e-01
8.256206512451171875e-01
8.255571126937866211e-01
8.254938125610351562e-01
8.254303336143493652e-01
8.253669738769531250e-01
8.253036737442016602e-01
8.252403736114501953e-01
8.251770734786987305e-01
8.251140117645263672e-01
8.250509500503540039e-01
8.249877691268920898e-01
8.249248266220092773e-01
8.248618841171264648e-01
8.247990608215332031e-01
8.247360587120056152e-01
8.246731758117675781e-01
8.246105313301086426e-01
8.245476484298706055e-01
8.244850635528564453e-01
8.244224190711975098e-01
8.243598341941833496e-01
8.242974281311035156e-01
8.242349028587341309e-01
8.241726160049438477e-01
8.241100907325744629e-01
8.240478038787841797e-01
8.239854574203491211e-01
8.239232301712036133e-01
8.238611221313476562e-01
8.237990140914916992e-01
8.237370252609252930e-01
8.236750364303588867e-01
8.236129879951477051e-01
8.235512375831604004e-01
8.234893083572387695e-01
8.234275579452514648e-01
8.233659267425537109e-01
8.233041763305664062e-01
8.232425451278686523e-01
8.231809735298156738e-01
8.231195211410522461e-01
8.230580687522888184e-01
8.229966163635253906e-01
8.229353427886962891e-01
8.228739500045776367e-01
8.228126764297485352e-01
8.227515816688537598e-01
8.226904273033142090e-01
8.226292729377746582e-01
8.225684165954589844e-01
8.225073814392089844e-01
8.224465250968933105e-01
8.223855495452880859e-01
8.223249912261962891e-01
8.222642540931701660e-01
8.222035765647888184e-01
8.221428990364074707e-01
8.220822811126708984e-01
8.220218420028686523e-01
8.219614624977111816e-01
8.219010829925537109e-01
8.218407630920410156e-01
8.217804431915283203e-01
8.217203617095947266e-01
8.216601610183715820e-01
8.216000795364379883e-01
8.215399980545043945e-01
8.214801549911499023e-01
8.214202523231506348e-01
8.213603496551513672e-01
8.213005661964416504e-01
8.212409019470214844e-01
8.211812973022460938e-01
8.211216926574707031e-01
8.210622072219848633e-01
8.210027217864990234e-01
8.209432363510131836e-01
8.208838701248168945e-01
8.208246231079101562e-01
8.207654953002929688e-01
8.207062482833862305e-01
8.206471800804138184e-01
8.205881118774414062e-01
8.205291032791137695e-01
8.204702734947204590e-01
8.204115033149719238e-01
8.203526139259338379e-01
8.202939033508300781e-01
8.202353119850158691e-01
8.201766014099121094e-01
8.201180696487426758e-01
8.200597763061523438e-01
8.200013637542724609e-01
8.199430704116821289e-01
8.198847770690917969e-01
8.198266029357910156e-01
8.197684288024902344e-01
8.197104334831237793e-01
8.196524977684020996e-01
8.195945024490356445e-01
8.195366859436035156e-01
8.194788098335266113e-01
8.194211721420288086e-01
8.193634748458862305e-01
8.193058967590332031e-01
8.192483782768249512e-01
8.191908597946166992e-01
8.191334605216979980e-01
8.190761804580688477e-01
8.190189599990844727e-01
8.189616799354553223e-01
8.189045786857604980e-01
8.188475966453552246e-01
8.187905550003051758e-01
8.187336325645446777e-01
8.186768293380737305e-01
8.186200261116027832e-01
8.185632824897766113e-01
8.185067176818847656e-01
8.184500932693481445e-01
8.183937072753906250e-01
8.183373212814331055e-01
8.182808160781860352e-01
8.182246088981628418e-01
8.181684017181396484e-01
8.181122541427612305e-01
8.180561065673828125e-01
8.180001974105834961e-01
8.179441690444946289e-01
8.178883790969848633e-01
8.178325295448303223e-01
8.177768588066101074e-01
8.177213072776794434e-01
8.176655769348144531e-01
8.176102042198181152e-01
8.175547122955322266e-01
8.174993395805358887e-01
8.174440860748291016e-01
8.173890113830566406e-01
8.173337578773498535e-01
8.172787427902221680e-01
8.172236680984497070e-01
8.171688318252563477e-01
8.171139359474182129e-01
8.170591592788696289e-01
8.170045614242553711e-01
8.169498443603515625e-01
8.168953657150268555e-01
8.168408870697021484e-01
8.167865276336669922e-01
8.167321085929870605e-01
8.166779279708862305e-01
8.166238069534301758e-01
8.165696859359741211e-01
8.165155649185180664e-01
8.164616823196411133e-01
8.164077401161193848e-01
8.163540363311767578e-01
8.163003921508789062e-01
8.162466883659362793e-01
8.161930441856384277e-01
8.161396980285644531e-01
8.160862922668457031e-01
8.160327672958374023e-01
8.159796595573425293e-01
8.159264922142028809e-01
8.158733844757080078e-01
8.158203363418579102e-01
8.157673478126525879e-01
8.157144784927368164e-01
8.156616687774658203e-01
8.156089782714843750e-01
8.155562877655029297e-01
8.155037164688110352e-01
8.154513835906982422e-01
8.153989315032958984e-01
8.153465986251831055e-01
8.152942657470703125e-01
8.152422308921813965e-01
8.151900768280029297e-01
8.151379823684692383e-01
8.150860667228698730e-01
8.150342702865600586e-01
8.149825334548950195e-01
8.149307966232299805e-01
8.148792982101440430e-01
8.148276805877685547e-01
8.147762417793273926e-01
8.147248625755310059e-01
8.146734833717346191e-01
8.146224021911621094e-01
8.145712614059448242e-01
8.145201802253723145e-01
8.144692182540893555e-01
8.144181966781616211e-01
8.143675327301025391e-01
8.143167495727539062e-01
8.142660856246948242e-01
8.142155408859252930e-01
8.141649961471557617e-01
8.141146898269653320e-01
8.140643239021301270e-01
8.140140771865844727e-01
8.139640092849731445e-01
8.139139413833618164e-01
8.138638734817504883e-01
8.138139247894287109e-01
8.137640357017517090e-01
8.137143850326538086e-01
8.136646747589111328e-01
8.136152029037475586e-01
8.135656118392944336e-01
8.135162591934204102e-01
8.134667873382568359e-01
8.134175539016723633e-01
8.133683800697326660e-01
8.133193254470825195e-01
8.132704496383666992e-01
8.132213354110717773e-01
8.131725788116455078e-01
8.131238222122192383e-01
8.130751848220825195e-01
8.130266666412353516e-01
8.129780292510986328e-01
8.129296302795410156e-01
8.128813505172729492e-01
8.128330111503601074e-01
8.127848505973815918e-01
8.127368688583374023e-01
8.126887679100036621e-01
8.126407861709594727e-01
8.125931024551391602e-01
8.125452995300292969e-01
8.124976158142089844e-01
8.124500513076782227e-01
8.124026060104370117e-01
8.123551607131958008e-01
8.123078942298889160e-01
8.122605085372924805e-01
8.122135400772094727e-01
8.121664524078369141e-01
8.121193647384643555e-01
8.120725154876708984e-01
8.120256662368774414e-01
8.119789361953735352e-01
8.119323253631591797e-01
8.118857741355895996e-01
8.118392825126647949e-01
8.117929100990295410e-01
8.117465972900390625e-01
8.117003440856933594e-01
8.116542100906372070e-01
8.116081953048706055e-01
8.115623593330383301e-01
8.115165233612060547e-01
8.114706277847290039e-01
8.114249110221862793e-01
8.113793134689331055e-01
8.113338947296142578e-01
8.112883567810058594e-01
8.112430572509765625e-01
8.111976981163024902e-01
8.111524581909179688e-01
8.111075162887573242e-01
8.110623955726623535e-01
8.110175132751464844e-01
8.109727501869201660e-01
8.109279274940490723e-01
8.108832836151123047e-01
8.108386993408203125e-01
8.107942342758178711e-01
8.107498884201049805e-01
8.107054829597473145e-01
8.106613159179687500e-01
8.106172084808349609e-01
8.105732202529907227e-01
8.105291724205017090e-01
8.104853034019470215e-01
8.104416131973266602e-01
8.103978037834167480e-01
8.103542327880859375e-01
8.103107213973999023e-01
8.102672100067138672e-01
8.102239370346069336e-01
8.101806640625000000e-01
8.101375102996826172e-01
8.100943565368652344e-01
8.100513219833374023e-01
8.100084662437438965e-01
8.099656105041503906e-01
8.099229931831359863e-01
8.098802566528320312e-01
8.098376989364624023e-01
8.097952008247375488e-01
8.097528219223022461e-01
8.097105026245117188e-01
8.096683025360107422e-01
8.096261620521545410e-01
8.095841407775878906e-01
8.095421791076660156e-01
8.095003366470336914e-01
8.094586133956909180e-01
8.094168901443481445e-01
8.093753457069396973e-01
8.093336820602416992e-01
8.092923164367675781e-01
8.092509508132934570e-01
8.092097640037536621e-01
8.091686964035034180e-01
8.091275691986083984e-01
8.090865612030029297e-01
8.090456724166870117e-01
8.090049028396606445e-01
8.089641332626342773e-01
8.089234828948974609e-01
8.088829517364501953e-01
8.088424801826477051e-01
8.088021278381347656e-01
8.087618350982666016e-01
8.087216615676879883e-01
8.086816072463989258e-01
8.086416125297546387e-01
8.086016178131103516e-01
8.085618019104003906e-01
8.085219860076904297e-01
8.084822893142700195e-01
8.084428310394287109e-01
8.084032535552978516e-01
8.083639144897460938e-01
8.083245754241943359e-01
8.082854151725769043e-01
8.082462549209594727e-01
8.082072734832763672e-01
8.081681728363037109e-01
8.081294298171997070e-01
8.080905675888061523e-01
8.080518245697021484e-01
8.080132007598876953e-01
8.079746365547180176e-01
8.079363107681274414e-01
8.078979253768920898e-01
8.078596591949462891e-01
8.078215122222900391e-01
8.077833652496337891e-01
8.077454566955566406e-01
8.077075481414794922e-01
8.076696395874023438e-01
8.076319694519042969e-01
8.075942993164062500e-01
8.075567483901977539e-01
8.075192570686340332e-01
8.074818849563598633e-01
8.074445724487304688e-01
8.074073791503906250e-01
8.073703050613403320e-01
8.073332309722900391e-01
8.072962164878845215e-01
8.072593808174133301e-01
8.072226047515869141e-01
8.071858882904052734e-01
8.071492910385131836e-01
8.071127533912658691e-01
8.070763349533081055e-01
8.070400357246398926e-01
8.070037364959716797e-01
8.069674968719482422e-01
8.069314956665039062e-01
8.068954944610595703e-01
8.068594932556152344e-01
8.068237304687500000e-01
8.067879676818847656e-01
8.067524433135986328e-01
8.067167401313781738e-01
8.066812753677368164e-01
8.066458702087402344e-01
8.066105246543884277e-01
8.065752983093261719e-01
8.065402507781982422e-01
8.065052032470703125e-01
8.064701557159423828e-01
8.064352869987487793e-01
8.064004182815551758e-01
8.063657283782958984e-01
8.063312172889709473e-01
8.062965869903564453e-01
8.062621355056762695e-01
8.062277436256408691e-01
8.061935305595397949e-01
8.061593174934387207e-01
8.061251640319824219e-01
8.060911893844604492e-01
8.060572147369384766e-01
8.060232996940612793e-01
8.059895038604736328e-01
8.059558868408203125e-01
8.059222698211669922e-01
8.058887720108032227e-01
8.058552742004394531e-01
8.058220148086547852e-01
8.057886362075805664e-01
8.057556152343750000e-01
8.057223558425903320e-01
8.056893348693847656e-01
8.056564927101135254e-01
8.056236505508422852e-01
8.055908083915710449e-01
8.055581450462341309e-01
8.055256605148315430e-01
8.054930567741394043e-01
8.054605722427368164e-01
8.054282665252685547e-01
8.053960204124450684e-01
8.053637742996215820e-01
8.053317070007324219e-01
8.052997589111328125e-01
8.052677512168884277e-01
8.052358627319335938e-01
8.052040934562683105e-01
8.051723241806030273e-01
8.051408529281616211e-01
8.051092624664306641e-01
8.050777912139892578e-01
8.050464391708374023e-01
8.050150871276855469e-01
8.049839735031127930e-01
8.049529790878295898e-01
8.049218654632568359e-01
8.048908710479736328e-01
8.048599958419799805e-01
8.048291802406311035e-01
8.047984838485717773e-01
8.047678470611572266e-01
8.047373890876770020e-01
8.047068715095520020e-01
8.046765327453613281e-01
8.046461343765258789e-01
8.046159148216247559e-01
8.045857548713684082e-01
8.045557141304016113e-01
8.045257329940795898e-01
8.044958114624023438e-01
8.044660091400146484e-01
8.044363260269165039e-01
8.044065237045288086e-01
8.043769598007202148e-01
8.043475151062011719e-01
8.043180108070373535e-01
8.042887449264526367e-01
8.042594194412231445e-01
8.042302131652832031e-01
8.042011260986328125e-01
8.041720986366271973e-01
8.041430711746215820e-01
8.041142225265502930e-01
8.040853738784790039e-01
8.040567040443420410e-01
8.040280938148498535e-01
8.039994835853576660e-01
8.039710521697998047e-01
8.039425611495971680e-01
8.039141893386840820e-01
8.038859367370605469e-01
8.038577437400817871e-01
8.038296699523925781e-01
8.038015961647033691e-01
8.037736415863037109e-01
8.037458062171936035e-01
8.037180304527282715e-01
8.036901950836181641e-01
8.036626577377319336e-01
8.036351203918457031e-01
8.036075830459594727e-01
8.035801053047180176e-01
8.035527467727661133e-01
8.035255074501037598e-01
8.034983277320861816e-01
8.034712076187133789e-01
8.034441471099853516e-01
8.034171462059020996e-01
8.033902645111083984e-01
8.033633828163146973e-01
8.033366799354553223e-01
8.033100366592407227e-01
8.032834529876708984e-01
8.032568693161010742e-01
8.032302856445312500e-01
8.032040596008300781e-01
8.031777143478393555e-01
8.031514883041381836e-01
8.031252622604370117e-01
8.030991554260253906e-01
8.030731678009033203e-01
8.030471205711364746e-01
8.030213713645935059e-01
8.029955625534057617e-01
8.029698133468627930e-01
8.029441833496093750e-01
8.029185533523559570e-01
8.028929829597473145e-01
8.028675913810729980e-01
8.028422594070434570e-01
8.028169870376586914e-01
8.027917146682739258e-01
8.027665615081787109e-01
8.027414083480834961e-01
8.027163743972778320e-01
8.026914596557617188e-01
8.026665449142456055e-01
8.026417493820190430e-01
8.026169538497924805e-01
8.025922775268554688e-01
8.025677204132080078e-01
8.025431632995605469e-01
8.025186657905578613e-01
8.024942874908447266e-01
8.024699687957763672e-01
8.024457693099975586e-01
8.024214506149291992e-01
8.023973703384399414e-01
8.023732900619506836e-01
8.023493289947509766e-01
8.023254275321960449e-01
8.023016452789306641e-01
8.022778034210205078e-01
8.022540807723999023e-01
8.022304773330688477e-01
8.022067546844482422e-01
8.021832108497619629e-01
8.021599054336547852e-01
8.021364212036132812e-01
8.021130561828613281e-01
8.020898103713989258e-01
8.020666837692260742e-01
8.020435571670532227e-01
8.020204305648803711e-01
8.019974231719970703e-01
8.019745349884033203e-01
8.019516468048095703e-01
8.019288182258605957e-01
8.019061088562011719e-01
8.018833994865417480e-01
8.018607497215270996e-01
8.018381595611572266e-01
8.018157482147216797e-01
8.017932772636413574e-01
8.017709851264953613e-01
8.017487525939941406e-01
8.017264604568481445e-01
8.017042875289916992e-01
8.016821742057800293e-01
8.016600608825683594e-01
8.016381859779357910e-01
8.016161918640136719e-01
8.015942573547363281e-01
8.015725016593933105e-01
8.015507459640502930e-01
8.015290498733520508e-01
8.015073537826538086e-01
8.014858961105346680e-01
8.014643788337707520e-01
8.014428615570068359e-01
8.014215230941772461e-01
8.014003038406372070e-01
8.013789653778076172e-01
8.013577461242675781e-01
8.013365268707275391e-01
8.013154268264770508e-01
8.012945055961608887e-01
8.012735843658447266e-01
8.012526035308837891e-01
8.012317419052124023e-01
8.012109994888305664e-01
8.011902570724487305e-01
8.011696338653564453e-01
8.011488914489746094e-01
8.011283278465270996e-01
8.011078834533691406e-01
8.010874390602111816e-01
8.010671138763427734e-01
8.010467290878295898e-01
8.010264635086059570e-01
8.010061979293823242e-01
8.009860515594482422e-01
8.009660243988037109e-01
8.009457588195800781e-01
8.009257912635803223e-01
8.009058833122253418e-01
8.008860349655151367e-01
8.008661270141601562e-01
8.008463382720947266e-01
8.008266687393188477e-01
8.008069396018981934e-01
8.007872700691223145e-01
8.007677793502807617e-01
8.007482290267944336e-01
8.007287979125976562e-01
8.007094860076904297e-01
8.006899356842041016e-01
8.006706237792968750e-01
8.006513714790344238e-01
8.006322383880615234e-01
8.006131052970886230e-01
8.005939722061157227e-01
8.005749583244323730e-01
8.005558848381042480e-01
8.005369901657104492e-01
8.005180358886718750e-01
8.004992008209228516e-01
8.004804849624633789e-01
8.004617691040039062e-01
8.004429340362548828e-01
8.004243373870849609e-01
8.004057407379150391e-01
8.003872632980346680e-01
8.003687262535095215e-01
8.003503680229187012e-01
8.003318309783935547e-01
8.003135323524475098e-01
8.002951741218566895e-01
8.002769351005554199e-01
8.002588748931884766e-01
8.002405762672424316e-01
8.002225160598754883e-01
8.002045154571533203e-01
8.001863956451416016e-01
8.001684546470642090e-01
8.001505136489868164e-01
8.001327514648437500e-01
8.001148700714111328e-01
8.000969886779785156e-01
8.000793457031250000e-01
8.000615835189819336e-01
8.000439405441284180e-01
8.000264167785644531e-01
8.000087738037109375e-01
7.999913692474365234e-01
7.999738454818725586e-01
7.999564409255981445e-01
7.999390959739685059e-01
7.999217510223388672e-01
7.999044060707092285e-01
7.998871803283691406e-01
7.998698949813842773e-01
7.998527884483337402e-01
7.998356819152832031e-01
7.998186349868774414e-01
7.998015880584716797e-01
7.997846007347106934e-01
7.997676730155944824e-01
7.997506856918334961e-01
7.997338771820068359e-01
7.997170686721801758e-01
7.997002601623535156e-01
7.996835112571716309e-01
7.996668219566345215e-01
7.996501922607421875e-01
7.996335029602050781e-01
7.996169328689575195e-01
7.996004819869995117e-01
7.995839118957519531e-01
7.995674014091491699e-01
7.995510101318359375e-01
7.995346784591674805e-01
7.995183467864990234e-01
7.995020151138305664e-01
7.994858026504516602e-01
7.994694709777832031e-01
7.994533181190490723e-01
7.994372844696044922e-01
7.994211316108703613e-01
7.994049787521362305e-01
7.993890047073364258e-01
7.993730306625366211e-01
7.993569970130920410e-01
7.993410825729370117e-01
7.993252277374267578e-01
7.993094325065612793e-01
7.992935776710510254e-01
7.992777824401855469e-01
7.992620468139648438e-01
7.992463111877441406e-01
7.992306947708129883e-01
7.992149591445922852e-01
7.991994619369506836e-01
7.991838455200195312e-01
7.991683483123779297e-01
7.991528511047363281e-01
7.991373538970947266e-01
7.991219162940979004e-01
7.991065382957458496e-01
7.990912199020385742e-01
7.990758419036865234e-01
7.990605831146240234e-01
7.990452051162719727e-01
7.990300655364990234e-01
7.990148067474365234e-01
7.989996671676635742e-01
7.989845275878906250e-01
7.989693880081176758e-01
7.989544272422790527e-01
7.989394664764404297e-01
7.989243268966674805e-01
7.989094257354736328e-01
7.988944053649902344e-01
7.988795042037963867e-01
7.988646030426025391e-01
7.988498210906982422e-01
7.988349199295043945e-01
7.988201975822448730e-01
7.988054156303405762e-01
7.987906932830810547e-01
7.987759709358215332e-01
7.987612485885620117e-01
7.987467050552368164e-01
7.987320423126220703e-01
7.987174987792968750e-01
7.987029552459716797e-01
7.986884117126464844e-01
7.986738681793212891e-01
7.986594438552856445e-01
7.986449003219604492e-01
7.986305952072143555e-01
7.986161112785339355e-01
7.986017465591430664e-01
7.985874414443969727e-01
7.985731363296508789e-01
7.985588312149047852e-01
7.985446453094482422e-01
7.985303997993469238e-01
7.985162138938903809e-01
7.985019683837890625e-01
7.984878420829772949e-01
7.984737753868103027e-01
7.984596490859985352e-01
7.984455823898315430e-01
7.984314560890197754e-01
7.984174489974975586e-01
7.984035015106201172e-01
7.983895540237426758e-01
7.983755469322204590e-01
7.983616590499877930e-01
7.983477115631103516e-01
7.983337640762329102e-01
7.983199954032897949e-01
7.983061075210571289e-01
7.982922792434692383e-01
7.982785701751708984e-01
7.982647418975830078e-01
7.982510328292846680e-01
7.982373237609863281e-01
7.982236146926879883e-01
7.982099056243896484e-01
7.981963157653808594e-01
7.981826663017272949e-01
7.981690168380737305e-01
7.981554269790649414e-01
7.981419563293457031e-01
7.981283664703369141e-01
7.981148362159729004e-01
7.981013059616088867e-01
7.980878353118896484e-01
7.980743646621704102e-01
7.980608344078063965e-01
7.980474829673767090e-01
7.980340719223022461e-01
7.980207204818725586e-01
7.980073094367980957e-01
7.979939579963684082e-01
7.979806661605834961e-01
7.979673147201538086e-01
7.979540824890136719e-01
7.979407906532287598e-01
7.979274988174438477e-01
7.979142665863037109e-01
7.979010343551635742e-01
7.978878617286682129e-01
7.978746891021728516e-01
7.978615760803222656e-01
7.978484034538269043e-01
7.978352308273315430e-01
7.978221178054809570e-01
7.978090047836303711e-01
7.977959513664245605e-01
7.977828383445739746e-01
7.977697849273681641e-01
7.977568507194519043e-01
7.977437973022460938e-01
7.977308034896850586e-01
7.977178692817687988e-01
7.977048158645629883e-01
7.976919412612915039e-01
7.976788878440856934e-01
7.976660728454589844e-01
7.976531386375427246e-01
7.976402640342712402e-01
7.976273298263549805e-01
7.976145744323730469e-01
7.976015806198120117e-01
7.975888252258300781e-01
7.975760102272033691e-01
7.975631952285766602e-01
7.975504398345947266e-01
7.975376248359680176e-01
7.975249290466308594e-01
7.975121736526489258e-01
7.974994182586669922e-01
7.974866032600402832e-01
7.974739074707031250e-01
7.974611520767211914e-01
7.974485158920288086e-01
7.974358797073364258e-01
7.974232435226440430e-01
7.974104881286621094e-01
7.973979711532592773e-01
7.973853349685668945e-01
7.973726391792297363e-01
7.973600625991821289e-01
7.973474860191345215e-01
7.973349094390869141e-01
7.973223328590393066e-01
7.973097562789916992e-01
7.972972393035888672e-01
7.972847223281860352e-01
7.972721457481384277e-01
7.972595691680908203e-01
7.972471714019775391e-01
7.972346544265747070e-01
7.972221374511718750e-01
7.972096800804138184e-01
7.971972227096557617e-01
7.971847653388977051e-01
7.971723079681396484e-01
7.971597909927368164e-01
7.971473932266235352e-01
7.971350550651550293e-01
7.971225976943969727e-01
7.971101999282836914e-01
7.970978021621704102e-01
7.970852851867675781e-01
7.970730066299438477e-01
7.970606088638305664e-01
7.970482707023620605e-01
7.970359325408935547e-01
7.970236539840698242e-01
7.970112562179565430e-01
7.969988584518432617e-01
7.969865798950195312e-01
7.969743013381958008e-01
7.969619631767272949e-01
7.969496250152587891e-01
7.969373464584350586e-01
7.969250679016113281e-01
7.969127893447875977e-01
7.969005107879638672e-01
7.968882322311401367e-01
7.968759536743164062e-01
7.968636751174926758e-01
7.968515157699584961e-01
7.968392372131347656e-01
7.968268990516662598e-01
7.968146800994873047e-01
7.968024611473083496e-01
7.967902421951293945e-01
7.967780828475952148e-01
7.967658042907714844e-01
7.967536449432373047e-01
7.967414259910583496e-01
7.967292070388793945e-01
7.967169284820556641e-01
7.967048287391662598e-01
7.966926693916320801e-01
7.966804504394531250e-01
7.966682910919189453e-01
7.966561317443847656e-01
7.966439723968505859e-01
7.966317534446716309e-01
7.966196537017822266e-01
7.966074347496032715e-01
7.965952754020690918e-01
7.965831756591796875e-01
7.965709567070007324e-01
7.965587973594665527e-01
7.965466976165771484e-01
7.965345382690429688e-01
7.965223789215087891e-01
7.965102791786193848e-01
7.964981198310852051e-01
7.964860200881958008e-01
7.964738607406616211e-01
7.964618206024169922e-01
7.964496612548828125e-01
7.964375019073486328e-01
7.964253425598144531e-01
7.964132428169250488e-01
7.964011430740356445e-01
7.963889837265014648e-01
7.963769435882568359e-01
7.963647842407226562e-01
7.963527441024780273e-01
7.963405847549438477e-01
7.963285446166992188e-01
7.963163852691650391e-01
7.963043451309204102e-01
7.962921857833862305e-01
7.962801456451416016e-01
7.962679862976074219e-01
7.962558865547180176e-01
7.962437272071838379e-01
7.962317466735839844e-01
7.962195873260498047e-01
7.962075471878051758e-01
7.961953878402709961e-01
7.961832880973815918e-01
7.961711883544921875e-01
7.961590886116027832e-01
7.961469888687133789e-01
7.961349487304687500e-01
7.961227893829345703e-01
7.961106896400451660e-01
7.960985898971557617e-01
7.960864305496215820e-01
7.960743904113769531e-01
7.960623502731323242e-01
7.960501909255981445e-01
7.960380315780639648e-01
7.960259914398193359e-01
7.960138916969299316e-01
7.960017919540405273e-01
7.959896326065063477e-01
7.959775924682617188e-01
7.959654331207275391e-01
7.959532737731933594e-01
7.959412336349487305e-01
7.959290742874145508e-01
7.959169149398803711e-01
7.959047555923461914e-01
7.958927154541015625e-01
7.958805561065673828e-01
7.958685159683227539e-01
7.958562970161437988e-01
7.958441972732543945e-01
7.958320379257202148e-01
7.958198785781860352e-01
7.958077192306518555e-01
7.957956194877624512e-01
7.957835197448730469e-01
7.957713007926940918e-01
7.957592010498046875e-01
7.957470417022705078e-01
7.957348823547363281e-01
7.957227230072021484e-01
7.957106232643127441e-01
7.956984043121337891e-01
7.956862449645996094e-01
7.956740856170654297e-01
7.956619262695312500e-01
7.956497669219970703e-01
7.956374883651733398e-01
7.956253290176391602e-01
7.956131100654602051e-01
7.956010103225708008e-01
7.955887317657470703e-01
7.955765724182128906e-01
7.955642938613891602e-01
7.955521345138549805e-01
7.955399751663208008e-01
7.955276966094970703e-01
7.955155372619628906e-01
7.955032587051391602e-01
7.954910993576049805e-01
7.954788208007812500e-01
7.954665422439575195e-01
7.954543828964233398e-01
7.954421043395996094e-01
7.954298257827758789e-01
7.954175472259521484e-01
7.954053878784179688e-01
7.953931093215942383e-01
7.953808307647705078e-01
7.953685522079467773e-01
7.953561544418334961e-01
7.953439950942993164e-01
7.953316569328308105e-01
7.953193783760070801e-01
7.953070402145385742e-01
7.952947616577148438e-01
7.952824831008911133e-01
7.952702045440673828e-01
7.952578663825988770e-01
7.952455282211303711e-01
7.952331304550170898e-01
7.952208518981933594e-01
7.952085137367248535e-01
7.951961755752563477e-01
7.951837778091430664e-01
7.951714992523193359e-01
7.951591014862060547e-01
7.951467633247375488e-01
7.951343059539794922e-01
7.951219677925109863e-01
7.951096296310424805e-01
7.950972318649291992e-01
7.950847744941711426e-01
7.950724363327026367e-01
7.950600385665893555e-01
7.950475215911865234e-01
7.950351238250732422e-01
7.950227260589599609e-01
7.950103282928466797e-01
7.949978709220886230e-01
7.949854731559753418e-01
7.949730157852172852e-01
7.949604988098144531e-01
7.949481010437011719e-01
7.949355840682983398e-01
7.949231266975402832e-01
7.949106693267822266e-01
7.948981523513793945e-01
7.948856353759765625e-01
7.948731184005737305e-01
7.948607206344604492e-01
7.948480844497680664e-01
7.948356866836547852e-01
7.948230504989624023e-01
7.948105335235595703e-01
7.947980761528015137e-01
7.947854399681091309e-01
7.947728633880615234e-01
7.947603464126586914e-01
7.947478294372558594e-01
7.947352528572082520e-01
7.947225570678710938e-01
7.947099804878234863e-01
7.946974039077758789e-01
7.946847677230834961e-01
7.946721315383911133e-01
7.946596145629882812e-01
7.946469783782958984e-01
7.946343421936035156e-01
7.946217060089111328e-01
7.946090698242187500e-01
7.945964336395263672e-01
7.945837378501892090e-01
7.945710420608520508e-01
7.945583462715148926e-01
7.945457100868225098e-01
7.945329546928405762e-01
7.945203185081481934e-01
7.945075631141662598e-01
7.944948673248291016e-01
7.944821715354919434e-01
7.944694757461547852e-01
7.944567203521728516e-01
7.944439649581909180e-01
7.944313287734985352e-01
7.944184541702270508e-01
7.944057583808898926e-01
7.943929433822631836e-01
7.943801879882812500e-01
7.943674325942993164e-01
7.943546175956726074e-01
7.943418025970458984e-01
7.943290472030639648e-01
7.943161725997924805e-01
7.943032979965209961e-01
7.942905426025390625e-01
7.942776679992675781e-01
7.942648530006408691e-01
7.942519783973693848e-01
7.942391633987426758e-01
7.942262887954711914e-01
7.942133545875549316e-01
7.942005395889282227e-01
7.941875457763671875e-01
7.941746711730957031e-01
7.941617965698242188e-01
7.941489219665527344e-01
7.941359281539916992e-01
7.941229939460754395e-01
7.941100597381591797e-01
7.940971255302429199e-01
7.940841913223266602e-01
7.940711975097656250e-01
7.940582633018493652e-01
7.940453290939331055e-01
7.940323352813720703e-01
7.940193414688110352e-01
7.940063476562500000e-01
7.939933538436889648e-01
7.939802408218383789e-01
7.939672470092773438e-01
7.939542531967163086e-01
7.939411997795104980e-01
7.939281463623046875e-01
7.939150929450988770e-01
7.939019799232482910e-01
7.938889265060424805e-01
7.938759326934814453e-01
7.938628196716308594e-01
7.938497066497802734e-01
7.938365936279296875e-01
7.938234806060791016e-01
7.938103675842285156e-01
7.937971949577331543e-01
7.937841415405273438e-01
7.937709093093872070e-01
7.937577962875366211e-01
7.937446832656860352e-01
7.937314510345458984e-01
7.937183380126953125e-01
7.937051057815551758e-01
7.936919331550598145e-01
7.936787605285644531e-01
7.936655282974243164e-01
7.936522960662841797e-01
7.936390638351440430e-01
7.936258912086486816e-01
7.936125993728637695e-01
7.935993671417236328e-01
7.935860753059387207e-01
7.935729026794433594e-01
7.935596108436584473e-01
7.935463190078735352e-01
7.935329675674438477e-01
7.935197353363037109e-01
7.935063838958740234e-01
7.934931516647338867e-01
7.934798002243041992e-01
7.934665083885192871e-01
7.934530973434448242e-01
7.934398055076599121e-01
7.934265136718750000e-01
7.934131622314453125e-01
7.933996915817260742e-01
7.933863401412963867e-01
7.933729887008666992e-01
7.933596372604370117e-01
7.933462262153625488e-01
7.933328151702880859e-01
7.933194041252136230e-01
7.933059930801391602e-01
7.932926416397094727e-01
7.932791113853454590e-01
7.932657003402709961e-01
7.932522296905517578e-01
7.932388186454772949e-01
7.932254076004028320e-01
7.932118773460388184e-01
7.931984663009643555e-01
7.931848764419555664e-01
7.931714057922363281e-01
7.931579351425170898e-01
7.931444048881530762e-01
7.931308746337890625e-01
7.931174039840698242e-01
7.931038141250610352e-01
7.930902242660522461e-01
7.930768728256225586e-01
7.930631637573242188e-01
7.930496335029602051e-01
7.930360436439514160e-01
7.930225133895874023e-01
7.930089831352233887e-01
7.929953336715698242e-01
7.929817438125610352e-01
7.929681539535522461e-01
7.929544448852539062e-01
7.929409742355346680e-01
7.929272651672363281e-01
7.929136753082275391e-01
7.929000258445739746e-01
7.928863763809204102e-01
7.928726673126220703e-01
7.928589582443237305e-01
7.928453683853149414e-01
7.928317189216613770e-01
7.928180694580078125e-01
7.928043603897094727e-01
7.927906513214111328e-01
7.927768826484680176e-01
7.927631735801696777e-01
7.927494645118713379e-01
7.927357554435729980e-01
7.927219867706298828e-01
7.927082180976867676e-01
7.926944494247436523e-01
7.926807403564453125e-01
7.926669716835021973e-01
7.926532626152038574e-01
7.926394939422607422e-01
7.926257252693176270e-01
7.926119565963745117e-01
7.925981283187866211e-01
7.925843000411987305e-01
7.925704717636108398e-01
7.925566434860229492e-01
7.925429344177246094e-01
7.925289869308471680e-01
7.925152182579040527e-01
7.925013303756713867e-01
7.924875020980834961e-01
7.924736142158508301e-01
7.924597859382629395e-01
7.924458980560302734e-01
7.924320101737976074e-01
7.924181222915649414e-01
7.924042940139770508e-01
7.923903465270996094e-01
7.923764586448669434e-01
7.923625707626342773e-01
7.923486232757568359e-01
7.923347353935241699e-01
7.923208475112915039e-01
7.923068404197692871e-01
7.922929525375366211e-01
7.922790050506591797e-01
7.922650575637817383e-01
7.922510504722595215e-01
7.922371029853820801e-01
7.922230958938598633e-01
7.922091484069824219e-01
7.921952009201049805e-01
7.921811342239379883e-01
7.921671867370605469e-01
7.921531200408935547e-01
7.921391725540161133e-01
7.921251058578491211e-01
7.921111583709716797e-01
7.920970916748046875e-01
7.920830249786376953e-01
7.920690774917602539e-01
7.920550107955932617e-01
7.920409440994262695e-01
7.920268774032592773e-01
7.920128703117370605e-01
7.919987440109252930e-01
7.919846773147583008e-01
7.919706106185913086e-01
7.919564843177795410e-01
7.919424772262573242e-01
7.919283509254455566e-01
7.919142246246337891e-01
7.919001579284667969e-01
7.918860316276550293e-01
7.918719053268432617e-01
7.918578386306762695e-01
7.918436527252197266e-01
7.918295860290527344e-01
7.918153405189514160e-01
7.918012142181396484e-01
7.917870879173278809e-01
7.917729616165161133e-01
7.917587757110595703e-01
7.917446494102478027e-01
7.917305231094360352e-01
7.917162775993347168e-01
7.917021512985229492e-01
7.916879653930664062e-01
7.916737198829650879e-01
7.916595935821533203e-01
7.916454076766967773e-01
7.916311621665954590e-01
7.916169166564941406e-01
7.916027307510375977e-01
7.915885448455810547e-01
7.915743589401245117e-01
7.915600538253784180e-01
7.915458679199218750e-01
7.915315628051757812e-01
7.915173768997192383e-01
7.915030717849731445e-01
7.914888858795166016e-01
7.914745807647705078e-01
7.914603352546691895e-01
7.914460301399230957e-01
7.914317846298217773e-01
7.914175391197204590e-01
7.914032936096191406e-01
7.913889288902282715e-01
7.913747429847717285e-01
7.913603782653808594e-01
7.913460731506347656e-01
7.913317680358886719e-01
7.913174629211425781e-01
7.913031578063964844e-01
7.912888526916503906e-01
7.912745475769042969e-01
7.912601828575134277e-01
7.912459373474121094e-01
7.912315130233764648e-01
7.912172079086303711e-01
7.912028431892395020e-01
7.911884784698486328e-01
7.911741733551025391e-01
7.911598682403564453e-01
7.911455035209655762e-01
7.911311388015747070e-01
7.911167740821838379e-01
7.911024093627929688e-01
7.910881042480468750e-01
7.910736799240112305e-01
7.910593748092651367e-01
7.910449504852294922e-01
7.910305857658386230e-01
7.910161018371582031e-01
7.910017967224121094e-01
7.909873723983764648e-01
7.909729480743408203e-01
7.909586429595947266e-01
7.909442186355590820e-01
7.909297943115234375e-01
7.909153699874877930e-01
7.909009456634521484e-01
7.908865213394165039e-01
7.908722162246704102e-01
7.908577322959899902e-01
7.908433079719543457e-01
7.908289432525634766e-01
7.908144593238830566e-01
7.907999753952026367e-01
7.907856106758117676e-01
7.907711267471313477e-01
7.907567024230957031e-01
7.907422780990600586e-01
7.907277941703796387e-01
7.907133102416992188e-01
7.906988859176635742e-01
7.906844615936279297e-01
7.906699776649475098e-01
7.906554937362670898e-01
7.906410694122314453e-01
7.906265854835510254e-01
7.906121015548706055e-01
7.905976176261901855e-01
7.905831336975097656e-01
7.905686497688293457e-01
7.905541658401489258e-01
7.905397415161132812e-01
7.905252575874328613e-01
7.905107736587524414e-01
7.904962301254272461e-01
7.904818058013916016e-01
7.904672622680664062e-01
7.904528379440307617e-01
7.904382944107055664e-01
7.904238700866699219e-01
7.904093265533447266e-01
7.903947830200195312e-01
7.903802990913391113e-01
7.903658151626586914e-01
7.903512716293334961e-01
7.903368473052978516e-01
7.903221845626831055e-01
7.903077602386474609e-01
7.902932167053222656e-01
7.902787327766418457e-01
7.902641892433166504e-01
7.902497053146362305e-01
7.902351617813110352e-01
7.902206182479858398e-01
7.902060747146606445e-01
7.901915907859802246e-01
7.901771068572998047e-01
7.901625633239746094e-01
7.901479005813598633e-01
7.901334762573242188e-01
7.901189327239990234e-01
7.901043891906738281e-01
7.900898456573486328e-01
7.900753021240234375e-01
7.900607585906982422e-01
7.900462746620178223e-01
7.900316715240478516e-01
7.900171279907226562e-01
7.900026440620422363e-01
7.899880409240722656e-01
7.899734973907470703e-01
7.899589538574218750e-01
7.899444103240966797e-01
7.899298667907714844e-01
7.899153232574462891e-01
7.899007797241210938e-01
7.898862361907958984e-01
7.898716926574707031e-01
7.898571491241455078e-01
7.898426055908203125e-01
7.898280024528503418e-01
7.898133993148803711e-01
7.897988557815551758e-01
7.897843718528747559e-01
7.897697687149047852e-01
7.897552251815795898e-01
7.897406816482543945e-01
7.897261381149291992e-01
7.897115349769592285e-01
7.896969914436340332e-01
7.896824479103088379e-01
7.896679043769836426e-01
7.896533012390136719e-01
7.896387577056884766e-01
7.896242141723632812e-01
7.896096706390380859e-01
7.895951271057128906e-01
7.895805239677429199e-01
7.895659208297729492e-01
7.895514369010925293e-01
7.895368933677673340e-01
7.895223498344421387e-01
7.895078063011169434e-01
7.894932031631469727e-01
7.894786596298217773e-01
7.894641160964965820e-01
7.894495725631713867e-01
7.894349694252014160e-01
7.894203662872314453e-01
7.894058227539062500e-01
7.893913388252258301e-01
7.893767952919006348e-01
7.893621921539306641e-01
7.893476486206054688e-01
7.893331050872802734e-01
7.893185019493103027e-01
7.893038988113403320e-01
7.892894148826599121e-01
7.892748713493347168e-01
7.892603278160095215e-01
7.892457246780395508e-01
7.892312407493591309e-01
7.892166376113891602e-01
7.892021536827087402e-01
7.891875505447387695e-01
7.891730070114135742e-01
7.891585230827331543e-01
7.891439199447631836e-01
7.891294360160827637e-01
7.891148328781127930e-01
7.891002893447875977e-01
7.890857458114624023e-01
7.890712022781372070e-01
7.890566587448120117e-01
7.890421152114868164e-01
7.890276908874511719e-01
7.890130877494812012e-01
7.889985442161560059e-01
7.889840602874755859e-01
7.889695167541503906e-01
7.889549732208251953e-01
7.889404892921447754e-01
7.889258861541748047e-01
7.889113426208496094e-01
7.888968586921691895e-01
7.888823151588439941e-01
7.888678312301635742e-01
7.888532876968383789e-01
7.888388037681579590e-01
7.888242006301879883e-01
7.888097167015075684e-01
7.887952327728271484e-01
7.887806892395019531e-01
7.887662649154663086e-01
7.887517213821411133e-01
7.887372374534606934e-01
7.887226939201354980e-01
7.887082099914550781e-01
7.886936664581298828e-01
7.886791825294494629e-01
7.886645793914794922e-01
7.886502742767333984e-01
7.886357307434082031e-01
7.886213064193725586e-01
7.886067628860473633e-01
7.885923385620117188e-01
7.885777950286865234e-01
7.885633707046508789e-01
7.885488271713256836e-01
7.885343432426452637e-01
7.885198593139648438e-01
7.885053753852844238e-01
7.884909510612487793e-01
7.884764671325683594e-01
7.884620428085327148e-01
7.884475588798522949e-01
7.884330749511718750e-01
7.884186506271362305e-01
7.884041070938110352e-01
7.883896827697753906e-01
7.883752584457397461e-01
7.883607745170593262e-01
7.883462905883789062e-01
7.883319854736328125e-01
7.883175611495971680e-01
7.883030772209167480e-01
7.882885932922363281e-01
7.882741689682006836e-01
7.882598042488098145e-01
7.882453203201293945e-01
7.882308959960937500e-01
7.882165312767028809e-01
7.882021069526672363e-01
7.881876826286315918e-01
7.881733179092407227e-01
7.881588935852050781e-01
7.881444692611694336e-01
7.881300449371337891e-01
7.881156206130981445e-01
7.881012558937072754e-01
7.880868911743164062e-01
7.880724668502807617e-01
7.880581021308898926e-01
7.880437374114990234e-01
7.880293130874633789e-01
7.880150079727172852e-01
7.880005836486816406e-01
7.879862189292907715e-01
7.879718542098999023e-01
7.879574298858642578e-01
7.879431247711181641e-01
7.879288196563720703e-01
7.879144549369812012e-01
7.879000902175903320e-01
7.878857254981994629e-01
7.878713607788085938e-01
7.878570556640625000e-01
7.878426909446716309e-01
7.878284454345703125e-01
7.878140211105346680e-01
7.877997159957885742e-01
7.877854108810424805e-01
7.877711057662963867e-01
7.877567410469055176e-01
7.877424955368041992e-01
7.877281904220581055e-01
7.877138257026672363e-01
7.876995801925659180e-01
7.876852750778198242e-01
7.876709103584289551e-01
7.876566648483276367e-01
7.876423597335815430e-01
7.876281738281250000e-01
7.876138687133789062e-01
7.875995635986328125e-01
7.875853180885314941e-01
7.875710725784301758e-01
7.875568270683288574e-01
7.875425815582275391e-01
7.875282764434814453e-01
7.875140905380249023e-01
7.874997854232788086e-01
7.874855995178222656e-01
7.874713540077209473e-01
7.874571084976196289e-01
7.874429225921630859e-01
7.874286770820617676e-01
7.874144911766052246e-01
7.874002456665039062e-01
7.873860597610473633e-01
7.873718738555908203e-01
7.873576283454895020e-01
7.873435020446777344e-01
7.873292565345764160e-01
7.873150706291198730e-01
7.873009443283081055e-01
7.872867584228515625e-01
7.872725725173950195e-01
7.872583866119384766e-01
7.872442603111267090e-01
7.872300148010253906e-01
7.872159481048583984e-01
7.872017621994018555e-01
7.871876358985900879e-01
7.871735095977783203e-01
7.871594429016113281e-01
7.871452569961547852e-01
7.871311306953430176e-01
7.871170043945312500e-01
7.871028780937194824e-01
7.870887517929077148e-01
7.870746850967407227e-01
7.870606184005737305e-01
7.870464324951171875e-01
7.870323657989501953e-01
7.870182394981384277e-01
7.870042324066162109e-01
7.869901657104492188e-01
7.869760990142822266e-01
7.869620323181152344e-01
7.869479656219482422e-01
7.869338989257812500e-01
7.869198322296142578e-01
7.869057655334472656e-01
7.868917584419250488e-01
7.868777513504028320e-01
7.868636846542358398e-01
7.868496179580688477e-01
7.868356704711914062e-01
7.868216037750244141e-01
7.868076562881469727e-01
7.867935895919799805e-01
7.867796421051025391e-01
7.867656946182250977e-01
7.867516279220581055e-01
7.867376804351806641e-01
7.867236137390136719e-01
7.867097258567810059e-01
7.866957187652587891e-01
7.866818308830261230e-01
7.866678237915039062e-01
7.866538763046264648e-01
7.866399288177490234e-01
7.866259813308715820e-01
7.866120338439941406e-01
7.865981459617614746e-01
7.865842580795288086e-01
7.865702509880065918e-01
7.865563631057739258e-01
7.865425348281860352e-01
7.865285873413085938e-01
7.865146398544311523e-01
7.865008115768432617e-01
7.864868640899658203e-01
7.864729762077331543e-01
7.864592075347900391e-01
7.864452600479125977e-01
7.864314317703247070e-01
7.864175438880920410e-01
7.864037752151489258e-01
7.863898277282714844e-01
7.863760590553283691e-01
7.863621711730957031e-01
7.863483428955078125e-01
7.863345146179199219e-01
7.863207459449768066e-01
7.863069772720336914e-01
7.862931489944458008e-01
7.862793207168579102e-01
7.862654924392700195e-01
7.862517833709716797e-01
7.862379550933837891e-01
7.862242460250854492e-01
7.862104177474975586e-01
7.861967086791992188e-01
7.861828804016113281e-01
7.861691713333129883e-01
7.861554622650146484e-01
7.861417531967163086e-01
7.861279249191284180e-01
7.861142158508300781e-01
7.861005067825317383e-01
7.860867977142333984e-01
7.860731482505798340e-01
7.860593795776367188e-01
7.860457301139831543e-01
7.860320210456848145e-01
7.860183715820312500e-01
7.860046625137329102e-01
7.859910726547241211e-01
7.859773039817810059e-01
7.859636545181274414e-01
7.859500646591186523e-01
7.859363555908203125e-01
7.859227657318115234e-01
7.859090566635131836e-01
7.858954071998596191e-01
7.858818769454956055e-01
7.858682870864868164e-01
7.858545780181884766e-01
7.858409881591796875e-01
7.858274579048156738e-01
7.858138084411621094e-01
7.858002185821533203e-01
7.857866287231445312e-01
7.857730984687805176e-01
7.857595086097717285e-01
7.857459783554077148e-01
7.857324481010437012e-01
7.857188582420349121e-01
7.857053279876708984e-01
7.856917381286621094e-01
7.856783866882324219e-01
7.856647968292236328e-01
7.856512069702148438e-01
7.856377363204956055e-01
7.856242656707763672e-01
7.856107950210571289e-01
7.855973243713378906e-01
7.855837345123291016e-01
7.855702638626098633e-01
7.855567932128906250e-01
7.855434417724609375e-01
7.855299711227416992e-01
7.855165004730224609e-01
7.855030298233032227e-01
7.854895591735839844e-01
7.854762077331542969e-01
7.854627370834350586e-01
7.854493856430053711e-01
7.854360342025756836e-01
7.854225635528564453e-01
7.854092121124267578e-01
7.853957414627075195e-01
7.853823900222778320e-01
7.853690385818481445e-01
7.853556871414184570e-01
7.853423357009887695e-01
7.853288650512695312e-01
7.853155732154846191e-01
7.853022217750549316e-01
7.852888107299804688e-01
7.852755784988403320e-01
7.852623462677001953e-01
7.852488756179809570e-01
7.852356433868408203e-01
7.852222919464111328e-01
7.852090597152709961e-01
7.851957082748413086e-01
7.851824760437011719e-01
7.851692438125610352e-01
7.851558923721313477e-01
7.851426601409912109e-01
7.851294279098510742e-01
7.851161956787109375e-01
7.851029634475708008e-01
7.850897312164306641e-01
7.850764393806457520e-01
7.850632667541503906e-01
7.850500345230102539e-01
7.850368022918701172e-01
7.850235700607299805e-01
7.850104570388793945e-01
7.849972844123840332e-01
7.849841117858886719e-01
7.849709391593933105e-01
7.849577665328979492e-01
7.849446535110473633e-01
7.849314212799072266e-01
7.849183082580566406e-01
7.849051952362060547e-01
7.848919630050659180e-01
7.848789691925048828e-01
7.848657369613647461e-01
7.848527431488037109e-01
7.848395705223083496e-01
7.848265171051025391e-01
7.848134040832519531e-01
7.848004102706909180e-01
7.847872972488403320e-01
7.847741842269897461e-01
7.847611904144287109e-01
7.847480773925781250e-01
7.847349643707275391e-01
7.847219705581665039e-01
7.847089767456054688e-01
7.846959829330444336e-01
7.846829295158386230e-01
7.846699357032775879e-01
7.846568822860717773e-01
7.846438884735107422e-01
7.846308946609497070e-01
7.846179008483886719e-01
7.846049070358276367e-01
7.845920324325561523e-01
7.845790386199951172e-01
7.845660448074340820e-01
7.845531105995178223e-01
7.845401763916015625e-01
7.845273017883300781e-01
7.845143079757690430e-01
7.845014333724975586e-01
7.844885587692260742e-01
7.844755649566650391e-01
7.844626903533935547e-01
7.844498157501220703e-01
7.844369411468505859e-01
7.844240665435791016e-01
7.844111919403076172e-01
7.843983173370361328e-01
7.843854427337646484e-01
7.843725681304931641e-01
7.843598127365112305e-01
7.843468785285949707e-01
7.843340635299682617e-01
7.843212485313415527e-01
7.843084335327148438e-01
7.842956781387329102e-01
7.842828631401062012e-01
7.842700481414794922e-01
7.842572927474975586e-01
7.842444777488708496e-01
7.842316627502441406e-01
7.842190265655517578e-01
7.842061519622802734e-01
7.841933965682983398e-01
7.841807603836059570e-01
7.841680049896240234e-01
7.841552495956420898e-01
7.841424942016601562e-01
7.841297984123229980e-01
7.841171026229858398e-01
7.841044068336486816e-01
7.840917706489562988e-01
7.840790152549743652e-01
7.840663194656372070e-01
7.840536832809448242e-01
7.840409874916076660e-01
7.840284109115600586e-01
7.840156555175781250e-01
7.840030789375305176e-01
7.839904427528381348e-01
7.839777469635009766e-01
7.839651703834533691e-01
7.839525341987609863e-01
7.839399576187133789e-01
7.839273214340209961e-01
7.839148044586181641e-01
7.839021682739257812e-01
7.838895916938781738e-01
7.838770151138305664e-01
7.838644981384277344e-01
7.838519215583801270e-01
7.838393449783325195e-01
7.838267087936401367e-01
7.838142514228820801e-01
7.838017344474792480e-01
7.837892770767211914e-01
7.837767004966735840e-01
7.837641239166259766e-01
7.837516069412231445e-01
7.837391495704650879e-01
7.837266921997070312e-01
7.837141752243041992e-01
7.837016582489013672e-01
7.836892604827880859e-01
7.836768627166748047e-01
7.836644053459167480e-01
7.836519479751586914e-01
7.836394906044006348e-01
7.836270332336425781e-01
7.836146354675292969e-01
7.836022377014160156e-01
7.835897803306579590e-01
7.835774421691894531e-01
7.835649251937866211e-01
7.835526466369628906e-01
7.835402488708496094e-01
7.835279107093811035e-01
7.835155129432678223e-01
7.835031151771545410e-01
7.834907770156860352e-01
7.834783792495727539e-01
7.834661006927490234e-01
7.834537029266357422e-01
7.834415435791015625e-01
7.834291458129882812e-01
7.834168672561645508e-01
7.834044694900512695e-01
7.833921909332275391e-01
7.833799123764038086e-01
7.833675146102905273e-01
7.833553552627563477e-01
7.833430767059326172e-01
7.833307981491088867e-01
7.833185195922851562e-01
7.833062410354614258e-01
7.832940816879272461e-01
7.832818031311035156e-01
7.832695841789245605e-01
7.832573652267456055e-01
7.832452058792114258e-01
7.832329273223876953e-01
7.832207679748535156e-01
7.832086086273193359e-01
7.831963896751403809e-01
7.831841707229614258e-01
7.831719517707824707e-01
7.831598520278930664e-01
7.831476926803588867e-01
7.831355333328247070e-01
7.831233739852905273e-01
7.831112742424011230e-01
7.830991148948669434e-01
7.830869555473327637e-01
7.830748558044433594e-01
7.830628156661987305e-01
7.830506563186645508e-01
7.830386161804199219e-01
7.830264568328857422e-01
7.830144166946411133e-01
7.830022573471069336e-01
7.829902172088623047e-01
7.829782366752624512e-01
7.829661369323730469e-01
7.829540967941284180e-01
7.829420566558837891e-01
7.829300165176391602e-01
7.829179763793945312e-01
7.829059362411499023e-01
7.828938961029052734e-01
7.828818559646606445e-01
7.828699350357055664e-01
7.828578948974609375e-01
7.828459739685058594e-01
7.828339338302612305e-01
7.828219532966613770e-01
7.828100323677062988e-01
7.827980518341064453e-01
7.827860116958618164e-01
7.827740907669067383e-01
7.827622294425964355e-01
7.827502489089965820e-01
7.827383279800415039e-01
7.827264070510864258e-01
7.827144861221313477e-01
7.827025651931762695e-01
7.826907634735107422e-01
7.826787829399108887e-01
7.826669216156005859e-01
7.826550006866455078e-01
7.826431393623352051e-01
7.826312780380249023e-01
7.826194167137145996e-01
7.826075553894042969e-01
7.825956344604492188e-01
7.825838923454284668e-01
7.825720310211181641e-01
7.825602293014526367e-01
7.825483679771423340e-01
7.825366258621215820e-01
7.825248241424560547e-01
7.825129628181457520e-01
7.825011014938354492e-01
7.824894189834594727e-01
7.824774980545043945e-01
7.824658155441284180e-01
7.824540734291076660e-01
7.824422717094421387e-01
7.824304699897766113e-01
7.824187278747558594e-01
7.824070453643798828e-01
7.823952436447143555e-01
7.823835611343383789e-01
7.823717594146728516e-01
7.823600769042968750e-01
7.823482751846313477e-01
7.823367118835449219e-01
7.823249101638793945e-01
7.823132276535034180e-01
7.823015451431274414e-01
7.822898626327514648e-01
7.822781801223754883e-01
7.822665572166442871e-01
7.822548747062683105e-01
7.822432518005371094e-01
7.822315692901611328e-01
7.822200059890747070e-01
7.822083234786987305e-01
7.821966409683227539e-01
7.821850776672363281e-01
7.821733951568603516e-01
7.821617126464843750e-01
7.821501493453979492e-01
7.821386456489562988e-01
7.821270227432250977e-01
7.821154594421386719e-01
7.821038365364074707e-01
7.820922732353210449e-01
7.820807695388793945e-01
7.820690870285034180e-01
7.820575237274169922e-01
7.820460796356201172e-01
7.820345163345336914e-01
7.820229530334472656e-01
7.820113897323608398e-01
7.819998860359191895e-01
7.819883823394775391e-01
7.819768190383911133e-01
7.819653749465942383e-01
7.819538116455078125e-01
7.819423079490661621e-01
7.819308638572692871e-01
7.819194197654724121e-01
7.819079160690307617e-01
7.818964123725891113e-01
7.818849086761474609e-01
7.818734645843505859e-01
7.818620204925537109e-01
7.818505764007568359e-01
7.818391323089599609e-01
7.818277478218078613e-01
7.818163037300109863e-01
7.818048000335693359e-01
7.817934751510620117e-01
7.817820310592651367e-01
7.817705869674682617e-01
7.817592620849609375e-01
7.817478179931640625e-01
7.817364335060119629e-01
7.817249894142150879e-01
7.817136645317077637e-01
7.817022800445556641e-01
7.816909551620483398e-01
7.816795110702514648e-01
7.816682457923889160e-01
7.816568613052368164e-01
7.816455364227294922e-01
7.816340923309326172e-01
7.816228866577148438e-01
7.816115617752075195e-01
7.816002368927001953e-01
7.815889120101928711e-01
7.815775871276855469e-01
7.815662622451782227e-01
7.815549373626708984e-01
7.815436124801635742e-01
7.815323472023010254e-01
7.815211415290832520e-01
7.815098166465759277e-01
7.814985513687133789e-01
7.814872860908508301e-01
7.814760208129882812e-01
7.814646959304809570e-01
7.814534902572631836e-01
7.814422845840454102e-01
7.814310789108276367e-01
7.814198732376098633e-01
7.814085483551025391e-01
7.813973426818847656e-01
7.813861370086669922e-01
7.813749313354492188e-01
7.813637256622314453e-01
7.813526391983032227e-01
7.813413143157958984e-01
7.813301682472229004e-01
7.813189029693603516e-01
7.813077569007873535e-01
7.812966108322143555e-01
7.812854647636413574e-01
7.812742590904235840e-01
7.812631130218505859e-01
7.812519073486328125e-01
7.812407612800598145e-01
7.812296152114868164e-01
7.812185287475585938e-01
7.812073230743408203e-01
7.811962366104125977e-01
7.811851501464843750e-01
7.811740636825561523e-01
7.811629176139831543e-01
7.811518907546997070e-01
7.811406850814819336e-01
7.811295986175537109e-01
7.811185121536254883e-01
7.811074256896972656e-01
7.810963988304138184e-01
7.810853123664855957e-01
7.810742259025573730e-01
7.810631990432739258e-01
7.810521721839904785e-01
7.810410261154174805e-01
7.810300588607788086e-01
7.810189723968505859e-01
7.810079455375671387e-01
7.809969186782836914e-01
7.809858918190002441e-01
7.809747457504272461e-01
7.809638381004333496e-01
7.809528112411499023e-01
7.809417247772216797e-01
7.809307575225830078e-01
7.809197902679443359e-01
7.809088230133056641e-01
7.808977365493774414e-01
7.808867692947387695e-01
7.808758020401000977e-01
7.808648347854614258e-01
7.808538079261779785e-01
7.808429002761840820e-01
7.808319330215454102e-01
7.808209657669067383e-01
7.808099985122680664e-01
7.807990312576293945e-01
7.807881236076354980e-01
7.807770967483520508e-01
7.807661890983581543e-01
7.807552814483642578e-01
7.807443141937255859e-01
7.807334065437316895e-01
7.807224392890930176e-01
7.807115316390991211e-01
7.807006835937500000e-01
7.806897759437561035e-01
7.806788682937622070e-01
7.806679010391235352e-01
7.806570529937744141e-01
7.806462645530700684e-01
7.806353569030761719e-01
7.806243896484375000e-01
7.806136608123779297e-01
7.806026935577392578e-01
7.805918455123901367e-01
7.805809974670410156e-01
7.805701494216918945e-01
7.805592417716979980e-01
7.805483341217041016e-01
7.805376052856445312e-01
7.805266976356506348e-01
7.805159091949462891e-01
7.805050611495971680e-01
7.804943323135375977e-01
7.804833650588989258e-01
7.804726362228393555e-01
7.804617881774902344e-01
7.804509401321411133e-01
7.804402112960815430e-01
7.804294824600219727e-01
7.804185152053833008e-01
7.804077863693237305e-01
7.803969383239746094e-01
7.803862094879150391e-01
7.803754210472106934e-01
7.803646326065063477e-01
7.803537845611572266e-01
7.803430557250976562e-01
7.803323268890380859e-01
7.803215980529785156e-01
7.803108096122741699e-01
7.803000211715698242e-01
7.802892923355102539e-01
7.802785634994506836e-01
7.802678942680358887e-01
7.802571058273315430e-01
7.802463769912719727e-01
7.802356481552124023e-01
7.802248597145080566e-01
7.802141904830932617e-01
7.802034616470336914e-01
7.801927328109741211e-01
7.801820039749145508e-01
7.801712751388549805e-01
7.801605463027954102e-01
7.801498770713806152e-01
7.801392078399658203e-01
7.801284790039062500e-01
7.801177501678466797e-01
7.801071405410766602e-01
7.800964713096618652e-01
7.800856828689575195e-01
7.800750732421875000e-01
7.800644636154174805e-01
7.800537347793579102e-01
7.800430059432983398e-01
7.800323963165283203e-01
7.800217866897583008e-01
7.800111174583435059e-01
7.800004482269287109e-01
7.799897789955139160e-01
7.799791097640991211e-01
7.799685001373291016e-01
7.799578905105590820e-01
7.799472212791442871e-01
7.799366712570190430e-01
7.799259424209594727e-01
7.799153923988342285e-01
7.799047231674194336e-01
7.798940539360046387e-01
7.798835039138793945e-01
7.798728942871093750e-01
7.798622846603393555e-01
7.798516750335693359e-01
7.798410654067993164e-01
7.798303961753845215e-01
7.798198461532592773e-01
7.798092365264892578e-01
7.797986268997192383e-01
7.797880172729492188e-01
7.797774076461791992e-01
7.797669172286987305e-01
7.797563076019287109e-01
7.797457575798034668e-01
7.797352075576782227e-01
7.797245979309082031e-01
7.797141075134277344e-01
7.797034382820129395e-01
7.796928882598876953e-01
7.796823978424072266e-01
7.796717882156372070e-01
7.796611785888671875e-01
7.796507477760314941e-01
7.796401977539062500e-01
7.796295881271362305e-01
7.796190977096557617e-01
7.796085476875305176e-01
7.795979976654052734e-01
7.795874476432800293e-01
7.795769572257995605e-01
7.795664072036743164e-01
7.795558571815490723e-01
7.795453071594238281e-01
7.795348167419433594e-01
7.795243263244628906e-01
7.795138359069824219e-01
7.795032858848571777e-01
7.794927358627319336e-01
7.794822454452514648e-01
7.794717550277709961e-01
7.794612646102905273e-01
7.794507741928100586e-01
7.794402837753295898e-01
7.794297933578491211e-01
7.794192433357238770e-01
7.794087529182434082e-01
7.793983221054077148e-01
7.793878316879272461e-01
7.793773412704467773e-01
7.793668508529663086e-01
7.793563604354858398e-01
7.793458700180053711e-01
7.793354392051696777e-01
7.793248891830444336e-01
7.793144583702087402e-01
7.793040275573730469e-01
7.792935371398925781e-01
7.792831063270568848e-01
7.792726159095764160e-01
7.792621850967407227e-01
7.792516946792602539e-01
7.792412638664245605e-01
7.792308330535888672e-01
7.792203426361083984e-01
7.792098522186279297e-01
7.791993618011474609e-01
7.791889905929565430e-01
7.791785597801208496e-01
7.791680693626403809e-01
7.791576385498046875e-01
7.791472673416137695e-01
7.791368365287780762e-01
7.791263461112976074e-01
7.791159152984619141e-01
7.791055440902709961e-01
7.790951728820800781e-01
7.790846228599548340e-01
7.790742516517639160e-01
7.790638208389282227e-01
7.790533900260925293e-01
7.790429592132568359e-01
7.790325284004211426e-01
7.790221571922302246e-01
7.790117263793945312e-01
7.790012955665588379e-01
7.789908647537231445e-01
7.789804935455322266e-01
7.789700627326965332e-01
7.789597511291503906e-01
7.789492607116699219e-01
7.789388895034790039e-01
7.789285182952880859e-01
7.789180278778076172e-01
7.789076566696166992e-01
7.788973450660705566e-01
7.788869142532348633e-01
7.788764834403991699e-01
7.788660526275634766e-01
7.788556814193725586e-01
7.788453102111816406e-01
7.788349390029907227e-01
7.788245677947998047e-01
7.788141369819641113e-01
7.788037061691284180e-01
7.787933349609375000e-01
7.787830233573913574e-01
7.787725925445556641e-01
7.787621617317199707e-01
7.787518501281738281e-01
7.787414789199829102e-01
7.787311077117919922e-01
7.787207365036010742e-01
7.787103652954101562e-01
7.786999940872192383e-01
7.786896824836730957e-01
7.786792516708374023e-01
7.786688804626464844e-01
7.786585092544555664e-01
7.786481380462646484e-01
7.786377668380737305e-01
7.786273956298828125e-01
7.786170244216918945e-01
7.786067128181457520e-01
7.785963416099548340e-01
7.785859704017639160e-01
7.785755395889282227e-01
7.785652875900268555e-01
7.785548567771911621e-01
7.785445451736450195e-01
7.785341739654541016e-01
7.785238027572631836e-01
7.785134315490722656e-01
7.785030603408813477e-01
7.784927487373352051e-01
7.784823775291442871e-01
7.784720063209533691e-01
7.784616947174072266e-01
7.784513235092163086e-01
7.784409523010253906e-01
7.784306406974792480e-01
7.784203290939331055e-01
7.784099578857421875e-01
7.783995866775512695e-01
7.783892154693603516e-01
7.783789038658142090e-01
7.783685922622680664e-01
7.783581614494323730e-01
7.783478498458862305e-01
7.783374786376953125e-01
7.783271074295043945e-01
7.783167362213134766e-01
7.783064246177673340e-01
7.782961130142211914e-01
7.782857418060302734e-01
7.782754302024841309e-01
7.782649993896484375e-01
7.782546877861022949e-01
7.782443761825561523e-01
7.782340049743652344e-01
7.782236337661743164e-01
7.782133817672729492e-01
7.782030105590820312e-01
7.781926393508911133e-01
7.781822681427001953e-01
7.781720161437988281e-01
7.781615853309631348e-01
7.781512737274169922e-01
7.781409025192260742e-01
7.781305313110351562e-01
7.781202793121337891e-01
7.781099081039428711e-01
7.780995368957519531e-01
7.780891656875610352e-01
7.780787944793701172e-01
7.780685424804687500e-01
7.780581712722778320e-01
7.780478596687316895e-01
7.780375480651855469e-01
7.780271768569946289e-01
7.780168056488037109e-01
7.780064940452575684e-01
7.779960632324218750e-01
7.779858112335205078e-01
7.779754400253295898e-01
7.779650688171386719e-01
7.779547572135925293e-01
7.779443860054016113e-01
7.779339551925659180e-01
7.779237031936645508e-01
7.779134511947631836e-01
7.779029607772827148e-01
7.778927087783813477e-01
7.778823375701904297e-01
7.778719663619995117e-01
7.778615951538085938e-01
7.778512239456176758e-01
7.778409123420715332e-01
7.778304815292358398e-01
7.778201103210449219e-01
7.778098583221435547e-01
7.777994871139526367e-01
7.777891159057617188e-01
7.777787446975708008e-01
7.777683734893798828e-01
7.777580022811889648e-01
7.777476310729980469e-01
7.777373790740966797e-01
7.777270674705505371e-01
7.777166366577148438e-01
7.777062654495239258e-01
7.776958942413330078e-01
7.776855826377868652e-01
7.776752114295959473e-01
7.776648402214050293e-01
7.776544094085693359e-01
7.776440382003784180e-01
7.776337862014770508e-01
7.776232957839965820e-01
7.776129841804504395e-01
7.776025533676147461e-01
7.775921821594238281e-01
7.775818705558776855e-01
7.775714993476867676e-01
7.775611281394958496e-01
7.775506973266601562e-01
7.775403857231140137e-01
7.775299549102783203e-01
7.775195837020874023e-01
7.775092720985412598e-01
7.774988412857055664e-01
7.774884700775146484e-01
7.774780392646789551e-01
7.774677276611328125e-01
7.774572968482971191e-01
7.774469852447509766e-01
7.774365544319152832e-01
7.774261832237243652e-01
7.774157524108886719e-01
7.774053812026977539e-01
7.773949503898620605e-01
7.773845195770263672e-01
7.773741483688354492e-01
7.773637771606445312e-01
7.773534059524536133e-01
7.773429751396179199e-01
7.773325443267822266e-01
7.773221731185913086e-01
7.773118019104003906e-01
7.773013114929199219e-01
7.772909402847290039e-01
7.772805690765380859e-01
7.772700786590576172e-01
7.772597074508666992e-01
7.772493362426757812e-01
7.772388458251953125e-01
7.772284746170043945e-01
7.772181034088134766e-01
7.772076725959777832e-01
7.771972417831420898e-01
7.771867513656616211e-01
7.771763205528259277e-01
7.771658897399902344e-01
7.771553993225097656e-01
7.771450877189636230e-01
7.771345376968383789e-01
7.771241664886474609e-01
7.771136760711669922e-01
7.771032452583312988e-01
7.770929336547851562e-01
7.770824432373046875e-01
7.770718932151794434e-01
7.770614624023437500e-01
7.770510911941528320e-01
7.770406007766723633e-01
7.770301103591918945e-01
7.770197391510009766e-01
7.770091891288757324e-01
7.769986987113952637e-01
7.769882678985595703e-01
7.769777774810791016e-01
7.769673466682434082e-01
7.769568562507629395e-01
7.769464254379272461e-01
7.769359350204467773e-01
7.769254446029663086e-01
7.769149541854858398e-01
7.769044637680053711e-01
7.768939733505249023e-01
7.768834233283996582e-01
7.768729329109191895e-01
7.768625617027282715e-01
7.768520116806030273e-01
7.768414616584777832e-01
7.768310308456420898e-01
7.768204808235168457e-01
7.768099904060363770e-01
7.767994999885559082e-01
7.767889499664306641e-01
7.767784595489501953e-01
