3.556689321994781494e-01
3.556688427925109863e-01
3.556687533855438232e-01
3.556686639785766602e-01
3.556685447692871094e-01
3.556684553623199463e-01
3.556683957576751709e-01
3.556682765483856201e-01
3.556681871414184570e-01
3.556681275367736816e-01
3.556680083274841309e-01
3.556679189205169678e-01
3.556678295135498047e-01
3.556677699089050293e-01
3.556676506996154785e-01
3.556675910949707031e-01
3.556675016880035400e-01
3.556674122810363770e-01
3.556673228740692139e-01
3.556672334671020508e-01
3.556671738624572754e-01
3.556670546531677246e-01
3.556669652462005615e-01
3.556669354438781738e-01
3.556668460369110107e-01
3.556667566299438477e-01
3.556666374206542969e-01
3.556665778160095215e-01
3.556664884090423584e-01
3.556663990020751953e-01
3.556663393974304199e-01
3.556662201881408691e-01
3.556661605834960938e-01
3.556660115718841553e-01
3.556659519672393799e-01
3.556658625602722168e-01
3.556658029556274414e-01
3.556657135486602783e-01
3.556656539440155029e-01
3.556655347347259521e-01
3.556654751300811768e-01
3.556654155254364014e-01
3.556652963161468506e-01
3.556652367115020752e-01
3.556651473045349121e-01
3.556650876998901367e-01
3.556649982929229736e-01
3.556649386882781982e-01
3.556648790836334229e-01
3.556648194789886475e-01
3.556647598743438721e-01
3.556647002696990967e-01
3.556646406650543213e-01
3.556645810604095459e-01
3.556645214557647705e-01
3.556644618511199951e-01
3.556644022464752197e-01
3.556643426418304443e-01
3.556642830371856689e-01
3.556642234325408936e-01
3.556641936302185059e-01
3.556641340255737305e-01
3.556640744209289551e-01
3.556640446186065674e-01
3.556639850139617920e-01
3.556639850139617920e-01
3.556639552116394043e-01
3.556638956069946289e-01
3.556638658046722412e-01
3.556638658046722412e-01
3.556638062000274658e-01
3.556638062000274658e-01
3.556638062000274658e-01
3.556638062000274658e-01
3.556637763977050781e-01
3.556637763977050781e-01
3.556637763977050781e-01
3.556637763977050781e-01
3.556638062000274658e-01
3.556638062000274658e-01
3.556638062000274658e-01
3.556638360023498535e-01
3.556638658046722412e-01
3.556639254093170166e-01
3.556639552116394043e-01
3.556639850139617920e-01
3.556640446186065674e-01
3.556641340255737305e-01
3.556641936302185059e-01
3.556642830371856689e-01
3.556643724441528320e-01
3.556644618511199951e-01
3.556645810604095459e-01
3.556647002696990967e-01
3.556647598743438721e-01
3.556648790836334229e-01
3.556650578975677490e-01
3.556651771068572998e-01
3.556653559207916260e-01
3.556655049324035645e-01
3.556656837463378906e-01
3.556658923625946045e-01
3.556661009788513184e-01
3.556663393974304199e-01
3.556665778160095215e-01
3.556668162345886230e-01
3.556670546531677246e-01
3.556673526763916016e-01
3.556676506996154785e-01
3.556679487228393555e-01
3.556682765483856201e-01
3.556686341762542725e-01
3.556689918041229248e-01
3.556694090366363525e-01
3.556698262691497803e-01
3.556702435016632080e-01
3.556707203388214111e-01
3.556712269783020020e-01
3.556717634201049805e-01
3.556722700595855713e-01
3.556728363037109375e-01
3.556734621524810791e-01
3.556741178035736084e-01
3.556747734546661377e-01
3.556754887104034424e-01
3.556762635707855225e-01
3.556770086288452148e-01
3.556778728961944580e-01
3.556787669658660889e-01
3.556796610355377197e-01
3.556806147098541260e-01
3.556816875934600830e-01
3.556827604770660400e-01
3.556838929653167725e-01
3.556850850582122803e-01
3.556863665580749512e-01
3.556876778602600098e-01
3.556891381740570068e-01
3.556906282901763916e-01
3.556921780109405518e-01
3.556938469409942627e-01
3.556955456733703613e-01
3.556973934173583984e-01
3.556993305683135986e-01
3.557013869285583496e-01
3.557035624980926514e-01
3.557058274745941162e-01
3.557082414627075195e-01
3.557107746601104736e-01
3.557134866714477539e-01
3.557163178920745850e-01
3.557192981243133545e-01
3.557224869728088379e-01
3.557258248329162598e-01
3.557293713092803955e-01
3.557331860065460205e-01
3.557370901107788086e-01
3.557413220405578613e-01
3.557457923889160156e-01
3.557505011558532715e-01
3.557554781436920166e-01
3.557607531547546387e-01
3.557663559913635254e-01
3.557723462581634521e-01
3.557786643505096436e-01
3.557853698730468750e-01
3.557924926280975342e-01
3.558000326156616211e-01
3.558080792427062988e-01
3.558165729045867920e-01
3.558256328105926514e-01
3.558352887630462646e-01
3.558455705642700195e-01
3.558564782142639160e-01
3.558681011199951172e-01
3.558804392814636230e-01
3.558936417102813721e-01
3.559076488018035889e-01
3.559226393699645996e-01
3.559386432170867920e-01
3.559556603431701660e-01
3.559738695621490479e-01
3.559932708740234375e-01
3.560139834880828857e-01
3.560360670089721680e-01
3.560597300529479980e-01
3.560850024223327637e-01
3.561120927333831787e-01
3.561410009860992432e-01
3.561719357967376709e-01
3.562050759792327881e-01
3.562405407428741455e-01
3.562784790992736816e-01
3.563191294670104980e-01
3.563627004623413086e-01
3.564093112945556641e-01
3.564593493938446045e-01
3.565129935741424561e-01
3.565704524517059326e-01
3.566320836544036865e-01
3.566981852054595947e-01
3.567690551280975342e-01
3.568450510501861572e-01
3.569265604019165039e-01
3.570139706134796143e-01
3.571076691150665283e-01
3.572081625461578369e-01
3.573159277439117432e-01
3.574313819408416748e-01
3.575551211833953857e-01
3.576876521110534668e-01
3.578296005725860596e-01
3.579815328121185303e-01
3.581440746784210205e-01
3.583178818225860596e-01
3.585036396980285645e-01
3.587020039558410645e-01
3.589136600494384766e-01
3.591393232345581055e-01
3.593796491622924805e-01
3.596354126930236816e-01
3.599072098731994629e-01
3.601957857608795166e-01
3.605017066001892090e-01
3.608254790306091309e-01
3.611677885055541992e-01
3.615289330482482910e-01
3.619093894958496094e-01
3.623095452785491943e-01
3.627297282218933105e-01
3.631707727909088135e-01
3.636347949504852295e-01
3.641283214092254639e-01
3.646714687347412109e-01
3.653259873390197754e-01
3.662791252136230469e-01
3.680917024612426758e-01
3.723807334899902344e-01
3.833055794239044189e-01
4.082827270030975342e-01
4.486171603202819824e-01
4.860384762287139893e-01
5.067971348762512207e-01
5.155568122863769531e-01
5.191099047660827637e-01
5.207781791687011719e-01
5.218020081520080566e-01
5.226057767868041992e-01
5.233300328254699707e-01
5.240200161933898926e-01
5.246893167495727539e-01
5.253415107727050781e-01
5.259766578674316406e-01
5.265939831733703613e-01
5.271925330162048340e-01
5.277713537216186523e-01
5.283296704292297363e-01
5.288669466972351074e-01
5.293826460838317871e-01
5.298767089843750000e-01
5.303488969802856445e-01
