6.425766944885253906e-01
6.422457695007324219e-01
6.419679522514343262e-01
6.418693065643310547e-01
6.422533988952636719e-01
6.438511013984680176e-01
6.483528017997741699e-01
6.590073108673095703e-01
6.788769364356994629e-01
7.038026452064514160e-01
7.239341139793395996e-01
7.381286025047302246e-01
7.517817616462707520e-01
7.678492665290832520e-01
7.845376133918762207e-01
7.980288267135620117e-01
8.064849376678466797e-01
8.106271624565124512e-01
8.119962215423583984e-01
8.118361830711364746e-01
8.109142780303955078e-01
8.096640110015869141e-01
8.083371520042419434e-01
8.071044087409973145e-01
8.061189651489257812e-01
8.055596351623535156e-01
8.056610226631164551e-01
8.067235946655273438e-01
8.090726137161254883e-01
8.129317164421081543e-01
8.182193636894226074e-01
8.244097232818603516e-01
8.306645750999450684e-01
8.362164497375488281e-01
8.406854271888732910e-01
8.441043496131896973e-01
8.467507362365722656e-01
8.489744663238525391e-01
8.511009812355041504e-01
8.533908724784851074e-01
8.560250401496887207e-01
8.590955734252929688e-01
8.626039624214172363e-01
8.664698004722595215e-01
8.705520033836364746e-01
8.746743202209472656e-01
8.786507844924926758e-01
8.823104500770568848e-01
8.855245709419250488e-01
8.882248997688293457e-01
8.904060721397399902e-01
8.921108841896057129e-01
8.934081792831420898e-01
8.943740725517272949e-01
8.950794935226440430e-01
8.955844044685363770e-01
8.959366083145141602e-01
8.961730599403381348e-01
8.963209986686706543e-01
8.964004516601562500e-01
8.964260816574096680e-01
8.964075446128845215e-01
8.963519334793090820e-01
8.962633013725280762e-01
8.961441516876220703e-01
8.959950804710388184e-01
8.958162665367126465e-01
8.956063985824584961e-01
8.953647613525390625e-01
8.950912356376647949e-01
8.947882652282714844e-01
8.944635391235351562e-01
8.941334486007690430e-01
8.938289284706115723e-01
8.935992717742919922e-01
8.935100436210632324e-01
8.936233520507812500e-01
8.939559459686279297e-01
8.944311141967773438e-01
8.948724865913391113e-01
8.950612545013427734e-01
8.948081135749816895e-01
8.939834833145141602e-01
8.925030827522277832e-01
8.903130888938903809e-01
8.873991370201110840e-01
8.838111758232116699e-01
8.796628117561340332e-01
8.750873208045959473e-01
8.702152371406555176e-01
8.652367591857910156e-01
8.604561686515808105e-01
8.562109470367431641e-01
8.527161478996276855e-01
8.500016927719116211e-01
8.479648232460021973e-01
8.464546799659729004e-01
8.453282117843627930e-01
8.444718122482299805e-01
8.438031077384948730e-01
8.432665467262268066e-01
8.428267836570739746e-01
8.424650430679321289e-01
8.421747684478759766e-01
8.419610857963562012e-01
8.418394923210144043e-01
8.418370485305786133e-01
8.419930934906005859e-01
8.423617482185363770e-01
8.430125713348388672e-01
8.440279960632324219e-01
8.454931974411010742e-01
8.474752306938171387e-01
8.500000238418579102e-01
8.530417680740356445e-01
8.565376996994018555e-01
8.604256510734558105e-01
8.646789193153381348e-01
8.693161010742187500e-01
8.743752241134643555e-01
8.798542618751525879e-01
8.856417536735534668e-01
8.914787173271179199e-01
8.970067501068115234e-01
9.018959403038024902e-01
9.059674143791198730e-01
9.092195630073547363e-01
9.117643833160400391e-01
9.137480258941650391e-01
9.153064489364624023e-01
9.165549874305725098e-01
9.175928235054016113e-01
9.185115694999694824e-01
9.194014668464660645e-01
9.203572273254394531e-01
9.214793443679809570e-01
9.228656888008117676e-01
9.245833754539489746e-01
9.266187548637390137e-01
9.288477301597595215e-01
9.310918450355529785e-01
9.332157373428344727e-01
9.351362586021423340e-01
9.367849826812744141e-01
9.381255507469177246e-01
9.391804933547973633e-01
9.400138854980468750e-01
9.407006502151489258e-01
9.413072466850280762e-01
9.418866038322448730e-01
9.424819946289062500e-01
9.431325197219848633e-01
9.438804388046264648e-01
9.447699785232543945e-01
9.458264708518981934e-01
9.470231533050537109e-01
9.482696652412414551e-01
9.494529962539672852e-01
9.504896402359008789e-01
9.513350725173950195e-01
9.519528150558471680e-01
9.522977471351623535e-01
9.523407816886901855e-01
9.521015882492065430e-01
9.516511559486389160e-01
9.510914087295532227e-01
9.505347609519958496e-01
9.500911831855773926e-01
9.498577713966369629e-01
9.499087333679199219e-01
9.502902030944824219e-01
9.510190486907958984e-01
9.520738124847412109e-01
9.533815383911132812e-01
9.548300504684448242e-01
9.563176631927490234e-01
9.577733278274536133e-01
9.590870738029479980e-01
9.600736498832702637e-01
9.605980515480041504e-01
9.606677889823913574e-01
9.603598713874816895e-01
9.597251415252685547e-01
9.587634801864624023e-01
9.574608206748962402e-01
9.558627009391784668e-01
9.541407823562622070e-01
9.525640010833740234e-01
9.513638615608215332e-01
9.506348371505737305e-01
9.503543972969055176e-01
9.504513740539550781e-01
9.508474469184875488e-01
9.514637589454650879e-01
9.522113800048828125e-01
9.529761672019958496e-01
9.536007046699523926e-01
9.538657069206237793e-01
9.534860253334045410e-01
9.522023200988769531e-01
9.500657320022583008e-01
9.475396275520324707e-01
9.448106288909912109e-01
9.417567849159240723e-01
9.389606714248657227e-01
9.372295141220092773e-01
9.367935657501220703e-01
9.375806450843811035e-01
9.395388960838317871e-01
9.425785541534423828e-01
9.462749361991882324e-01
9.496163725852966309e-01
9.516040682792663574e-01
9.521152973175048828e-01
9.514560103416442871e-01
9.496317505836486816e-01
9.465109705924987793e-01
9.425917863845825195e-01
9.389866590499877930e-01
9.363738298416137695e-01
9.347169399261474609e-01
9.337199330329895020e-01
9.331137537956237793e-01
9.327051043510437012e-01
9.323410391807556152e-01
9.318550825119018555e-01
9.310094118118286133e-01
9.295022487640380859e-01
9.272878170013427734e-01
9.251512289047241211e-01
9.240038990974426270e-01
9.237690567970275879e-01
9.242266416549682617e-01
9.255955815315246582e-01
9.282690882682800293e-01
9.316281080245971680e-01
9.338089823722839355e-01
9.345251321792602539e-01
9.346644878387451172e-01
9.346841573715209961e-01
9.346962571144104004e-01
9.347465634346008301e-01
9.350886940956115723e-01
9.370814561843872070e-01
9.413175582885742188e-01
9.456777572631835938e-01
9.488787055015563965e-01
9.501637220382690430e-01
9.495078921318054199e-01
9.475007653236389160e-01
9.449220895767211914e-01
9.423148036003112793e-01
9.398747682571411133e-01
9.376085996627807617e-01
9.354677796363830566e-01
9.333770871162414551e-01
9.312086701393127441e-01
9.288315176963806152e-01
9.263017177581787109e-01
9.239186048507690430e-01
9.219152927398681641e-01
