4.319133950048126280e-06
4.576681476464727893e-06
5.020769094699062407e-06
5.759301529906224459e-06
6.819734153395984322e-06
8.051049007917754352e-06
9.288951332564465702e-06
1.051640629157191142e-05
1.177149079012451693e-05
1.305176192545332015e-05
1.431229884474305436e-05
1.549909029563423246e-05
1.657731627346947789e-05
1.754057302605360746e-05
1.840502955019474030e-05
1.919704664032906294e-05
1.994327794818673283e-05
2.066454908344894648e-05
2.137395676982123405e-05
2.207733814429957420e-05
2.277517887705471367e-05
2.346498149563558400e-05
2.414337541267741472e-05
2.480795228620991111e-05
2.545836468925699592e-05
2.609645162010565400e-05
2.672607297427020967e-05
2.735306043177843094e-05
2.798378773150034249e-05
2.862532164726871997e-05
2.928418507508467883e-05
2.996635521412827075e-05
3.067667421419173479e-05
3.141877459711395204e-05
3.219470090698450804e-05
3.300466778455302119e-05
3.384746742085553706e-05
3.471996751613914967e-05
3.561733683454804122e-05
3.653347448562271893e-05
3.746109723579138517e-05
3.839238343061879277e-05
3.931940591428428888e-05
4.023476503789424896e-05
4.113229806534945965e-05
4.200725379632785916e-05
4.285710747353732586e-05
4.368110239738598466e-05
4.448049730854108930e-05
4.525850818026810884e-05
4.601935143000446260e-05
4.676831667893566191e-05
4.751121014123782516e-05
4.825375071959570050e-05
4.900140629615634680e-05
4.975940464646555483e-05
5.053183122072368860e-05
5.132246224093250930e-05
5.213410622673109174e-05
5.296899325912818313e-05
5.382864765124395490e-05
5.471409531310200691e-05
5.562619844567961991e-05
5.656532448483631015e-05
5.753148434450849891e-05
5.852492540725506842e-05
5.954567677690647542e-05
6.059376755729317665e-05
6.166889215819537640e-05
6.277074862737208605e-05
6.389856571331620216e-05
6.505124474642798305e-05
6.622697401326149702e-05
6.742338882759213448e-05
6.863708404125645757e-05
6.986377411521971226e-05
7.109875150490552187e-05
7.233603537315502763e-05
7.356979767791926861e-05
7.479364285245537758e-05
7.600123353768140078e-05
7.718694541836157441e-05
7.834593998268246651e-05
7.947435369715094566e-05
8.057020750129595399e-05
8.163313759723678231e-05
8.266592340078204870e-05
8.367466216441243887e-05
8.466994768241420388e-05
8.566703036194667220e-05
8.668543159728869796e-05
8.774841262493282557e-05
8.887974399840459228e-05
9.010021312860772014e-05
9.142492490354925394e-05
9.286150452680885792e-05
9.440966823603957891e-05
9.606283128960058093e-05
9.781170228961855173e-05
9.964466880774125457e-05
1.015524321701377630e-04
1.035274253808893263e-04
1.055638640536926687e-04
1.076590560842305422e-04
1.098100474337115884e-04
1.120154483942314982e-04
1.142728870036080480e-04
1.165795765700750053e-04
1.189319154946133494e-04
1.213246578117832541e-04
1.237523247255012393e-04
1.262084551854059100e-04
1.286859624087810516e-04
1.311785599682480097e-04
1.336804270977154374e-04
1.361870235996320844e-04
1.386953663313761353e-04
1.412049314239993691e-04
1.437174068996682763e-04
1.462366344640031457e-04
1.487695262767374516e-04
1.513237511971965432e-04
1.539090881124138832e-04
1.565342390676960349e-04
1.592073531355708838e-04
1.619330432731658220e-04
1.647132594371214509e-04
1.675454986980184913e-04
1.704220630927011371e-04
1.733345998218283057e-04
1.762728934409096837e-04
1.792301773093640804e-04
1.822056656237691641e-04
1.852050772868096828e-04
1.882436336018145084e-04
1.913446321850642562e-04
1.945361873367801309e-04
1.978475775104016066e-04
2.013068296946585178e-04
2.049332106253132224e-04
2.087357570417225361e-04
2.127083716914057732e-04
2.168297796742990613e-04
2.210655802628025413e-04
2.253677812404930592e-04
2.296816091984510422e-04
2.339477068744599819e-04
2.381081721978262067e-04
2.421081444481387734e-04
2.459004172123968601e-04
2.494472137186676264e-04
2.527203760109841824e-04
2.557058760430663824e-04
2.584052272140979767e-04
2.608389477245509624e-04
2.630539238452911377e-04
2.651332179084420204e-04
2.672055270522832870e-04
2.694593858905136585e-04
2.721406053751707077e-04
2.755201421678066254e-04
2.797910419758409262e-04
2.849180600605905056e-04
2.905467408709228039e-04
2.961287100333720446e-04
3.011987428180873394e-04
3.055571578443050385e-04
3.092515980824828148e-04
3.124495560768991709e-04
3.153400903102010489e-04
3.180786443408578634e-04
3.207795671187341213e-04
3.235185286030173302e-04
3.263433754909783602e-04
3.292810579296201468e-04
3.323453129269182682e-04
3.355413791723549366e-04
3.388694021850824356e-04
3.423281596042215824e-04
3.459137515164911747e-04
3.496225399430841208e-04
3.534500428941100836e-04
3.573908179532736540e-04
3.614368324633687735e-04
3.655781329143792391e-04
3.697996726259589195e-04
3.740809625014662743e-04
3.783957508858293295e-04
3.827125183306634426e-04
3.869932843372225761e-04
3.911965468432754278e-04
3.952813567593693733e-04
3.992095007561147213e-04
4.029484116472303867e-04
4.064778040628880262e-04
4.097908677067607641e-04
4.128982836846262217e-04
4.158299707341939211e-04
4.186364240013062954e-04
4.213916836306452751e-04
4.241967690177261829e-04
4.271757206879556179e-04
4.304725443944334984e-04
4.342252505011856556e-04
4.385344218462705612e-04
4.434211004991084337e-04
4.488069098442792892e-04
4.545240662992000580e-04
4.603576671797782183e-04
4.660965932998806238e-04
4.715765244327485561e-04
4.767069476656615734e-04
4.814856511075049639e-04
4.859898763243108988e-04
4.903476801700890064e-04
4.947015549987554550e-04
4.991685855202376842e-04
5.038265953771770000e-04
5.087109166197478771e-04
5.138259730301797390e-04
5.191581440158188343e-04
5.246874061413109303e-04
5.303950165398418903e-04
5.362636293284595013e-04
5.422834656201303005e-04
5.484507419168949127e-04
5.547680193558335304e-04
5.612481036223471165e-04
5.679067689925432205e-04
5.747678223997354507e-04
5.818592035211622715e-04
5.892048939131200314e-04
5.968245677649974823e-04
6.047191563993692398e-04
6.128623499535024166e-04
6.211867439560592175e-04
6.295614875853061676e-04
6.377708632498979568e-04
6.455058464780449867e-04
6.524156196974217892e-04
6.582672358490526676e-04
6.631580181419849396e-04
6.675648037344217300e-04
6.721667014062404633e-04
6.775712245143949986e-04
6.841171998530626297e-04
6.918332073837518692e-04
7.005382212810218334e-04
7.099694339558482170e-04
7.198868552222847939e-04
7.301024743355810642e-04
7.404780481010675430e-04
7.509140996262431145e-04
7.613338530063629150e-04
7.716821855865418911e-04
7.819169550202786922e-04
7.920110365375876427e-04
8.019525557756423950e-04
8.117391262203454971e-04
8.213881519623100758e-04
8.309250115416944027e-04
