2.272739307954907417e-03
2.241099486127495766e-03
2.210299717262387276e-03
2.180003328248858452e-03
2.149698790162801743e-03
2.118514152243733406e-03
2.084919251501560211e-03
2.046157373115420341e-03
1.997319050133228302e-03
1.929988851770758629e-03
1.831271336413919926e-03
1.686234376393258572e-03
1.489442889578640461e-03
1.263312646187841892e-03
1.056025736033916473e-03
9.043997852131724358e-04
8.103865548036992550e-04
7.561370148323476315e-04
7.234234944917261600e-04
6.997601594775915146e-04
6.773936911486089230e-04
6.512899417430162430e-04
6.182264769449830055e-04
5.773109733127057552e-04
5.312207504175603390e-04
4.860526823904365301e-04
4.483166849240660667e-04
4.214047221466898918e-04
4.049369599670171738e-04
3.965504292864352465e-04
3.936915600206702948e-04
3.943879855796694756e-04
3.973080019932240248e-04
4.015687154605984688e-04
4.065345565322786570e-04
4.116637865081429482e-04
4.164067504461854696e-04
4.201328265480697155e-04
4.220676783006638288e-04
4.212669446133077145e-04
4.167053557466715574e-04
4.076409095432609320e-04
3.942851326428353786e-04
3.782664716709405184e-04
3.619699273258447647e-04
3.469532821327447891e-04
3.331364423502236605e-04
3.195583412889391184e-04
3.057252906728535891e-04
2.922508865594863892e-04
2.803389797918498516e-04
2.708500251173973083e-04
2.639171143528074026e-04
2.591836964711546898e-04
2.561539295129477978e-04
2.544000453781336546e-04
2.536182873882353306e-04
2.536209358368068933e-04
2.543093578424304724e-04
2.556408289819955826e-04
2.576003607828170061e-04
2.601646119728684425e-04
2.632634132169187069e-04
2.667447843123227358e-04
2.703685604501515627e-04
2.738493203651160002e-04
2.769359853118658066e-04
2.794793981593102217e-04
2.814398903865367174e-04
2.828454016707837582e-04
2.837305073626339436e-04
2.840950910467654467e-04
2.838828368112444878e-04
2.829853910952806473e-04
2.812679449561983347e-04
2.786091645248234272e-04
2.749373379629105330e-04
2.702489728108048439e-04
2.645938075147569180e-04
2.580339787527918816e-04
2.505945158191025257e-04
2.422302932245656848e-04
2.328348491573706269e-04
2.223031478933990002e-04
2.106866886606439948e-04
1.984135451493784785e-04
1.864649238996207714e-04
1.762589381542056799e-04
1.691231300355866551e-04
1.657350803725421429e-04
1.660829730099067092e-04
1.698481064522638917e-04
1.766007626429200172e-04
1.855635491665452719e-04
1.954196486622095108e-04
2.046912704827263951e-04
2.123871672665700316e-04
2.182258467655628920e-04
2.224006602773442864e-04
2.252642152598127723e-04
2.271466364618390799e-04
2.282976201968267560e-04
2.288810501340776682e-04
2.289952244609594345e-04
2.286856179125607014e-04
2.279567852383479476e-04
2.267831005156040192e-04
2.251158439321443439e-04
2.228933735750615597e-04
2.200605667894706130e-04
2.165888727176934481e-04
2.125078899553045630e-04
2.079262922052294016e-04
2.030367031693458557e-04
1.980846573133021593e-04
1.933193270815536380e-04
1.889429549919441342e-04
1.850820262916386127e-04
1.817853626562282443e-04
1.790417882148176432e-04
1.768034562701359391e-04
1.750056253513321280e-04
1.735810365062206984e-04
1.724666217342019081e-04
1.716091792332008481e-04
1.709650096017867327e-04
1.705002359813079238e-04
1.701909786788746715e-04
1.700229331618174911e-04
1.699921413091942668e-04
1.701048313407227397e-04
1.703798188827931881e-04
1.708529161987826228e-04
1.715810212772339582e-04
1.726497430354356766e-04
1.741832238622009754e-04
1.763513864716514945e-04
1.793676638044416904e-04
1.834491267800331116e-04
1.886979152914136648e-04
1.948779681697487831e-04
2.012028126046061516e-04
2.064608561340719461e-04
2.095999225275591016e-04
2.102293801726773381e-04
2.085066080326214433e-04
2.046649169642478228e-04
1.986577553907409310e-04
1.900625211419537663e-04
1.782344334060326219e-04
1.628161844564601779e-04
1.446161622880026698e-04
1.261374709429219365e-04
1.105138726416043937e-04
9.953136759577319026e-05
9.317755757365375757e-05
9.088321530725806952e-05
9.302912076236680150e-05
1.028262267936952412e-04
1.285473845200613141e-04
1.727813214529305696e-04
2.097498654620721936e-04
2.252498234156519175e-04
2.270303812110796571e-04
2.177606511395424604e-04
1.938403875101357698e-04
1.599297684151679277e-04
1.325228222412988544e-04
1.172381962533108890e-04
1.099899891414679587e-04
1.069808640750125051e-04
1.062513110809959471e-04
1.069101999746635556e-04
1.085687472368590534e-04
1.110591983888298273e-04
1.142881374107673764e-04
1.181503757834434509e-04
1.224837033078074455e-04
1.270592765649780631e-04
1.316115813096985221e-04
1.358873851131647825e-04
1.396874868078157306e-04
1.428863324690610170e-04
1.454236044082790613e-04
1.472789008403196931e-04
1.484421954955905676e-04
1.488865964347496629e-04
1.485447137383744121e-04
1.472932199249044061e-04
1.449430710636079311e-04
1.412543497281149030e-04
1.359919842798262835e-04
1.290564687224105000e-04
1.206878441735170782e-04
1.116305138566531241e-04
1.030236962833441794e-04
9.594062430551275611e-05
9.093765402212738991e-05
8.804957178654149175e-05
8.715732110431417823e-05
8.842737588565796614e-05
9.268324356526136398e-05
1.014790541375987232e-04
1.158510494860820472e-04
1.333650725428014994e-04
1.485488173784688115e-04
1.582788827363401651e-04
1.629034668439999223e-04
1.633966021472588181e-04
1.597456575836986303e-04
1.511845912318676710e-04
1.385696523357182741e-04
1.263336744159460068e-04
1.184039210784249008e-04
1.150429015979170799e-04
1.149753516074270010e-04
1.170917239505797625e-04
1.206308879773132503e-04
1.249735214514657855e-04
1.295356923947110772e-04
1.338179135927930474e-04
1.375010033370926976e-04
1.404778449796140194e-04
1.428044633939862251e-04
1.446266542188823223e-04
1.461233187001198530e-04
1.474871678510680795e-04
1.489203859819099307e-04
1.506458065705373883e-04
1.529012515675276518e-04
1.558877993375062943e-04
1.596360234543681145e-04
1.638221729081124067e-04
1.677497930359095335e-04
1.706235198071226478e-04
1.717566628940403461e-04
1.703960588201880455e-04
1.654286315897479653e-04
1.551820168970152736e-04
1.379955501761287451e-04
1.154305864474736154e-04
9.531161049380898476e-05
8.494668873026967049e-05
8.521889685653150082e-05
9.579234756529331207e-05
1.159159219241701066e-04
1.390892430208623409e-04
1.570042077219113708e-04
1.676254178164526820e-04
1.730997464619576931e-04
1.756122510414570570e-04
1.763223117450252175e-04
1.756092242430895567e-04
1.734551333356648684e-04
1.697936968412250280e-04
1.647996541578322649e-04
1.589911698829382658e-04
1.530744048068299890e-04
1.476667239330708981e-04
1.431266136933118105e-04
1.395563449477776885e-04
