3.925034403800964355e-02
3.932755067944526672e-02
4.007452353835105896e-02
4.336729273200035095e-02
5.170096084475517273e-02
5.890420451760292053e-02
6.075013428926467896e-02
5.903657525777816772e-02
5.447356402873992920e-02
4.886929318308830261e-02
4.475815594196319580e-02
4.200672358274459839e-02
3.953655064105987549e-02
3.679724037647247314e-02
3.375886753201484680e-02
3.076782263815402985e-02
2.825693041086196899e-02
2.640222012996673584e-02
2.511599287390708923e-02
2.423171885311603546e-02
2.361138910055160522e-02
2.316357754170894623e-02
2.283278293907642365e-02
2.258720062673091888e-02
2.241063490509986877e-02
2.229817025363445282e-02
2.225435897707939148e-02
2.229301817715167999e-02
2.243805304169654846e-02
2.272364310920238495e-02
2.319052256643772125e-02
2.387327887117862701e-02
2.477397955954074860e-02
2.583165839314460754e-02
2.692214027047157288e-02
2.791478484869003296e-02
2.873685583472251892e-02
2.935142815113067627e-02
2.968470938503742218e-02
2.965465746819972992e-02
2.925202995538711548e-02
2.852905914187431335e-02
2.755426242947578430e-02
2.640164270997047424e-02
2.515311725437641144e-02
2.389150671660900116e-02
2.268768288195133209e-02
2.159154228866100311e-02
2.063033170998096466e-02
1.981093920767307281e-02
1.912260055541992188e-02
1.854013837873935699e-02
1.803262531757354736e-02
1.757895015180110931e-02
1.718000136315822601e-02
1.685231551527976990e-02
1.660901308059692383e-02
1.644972711801528931e-02
1.636580005288124084e-02
1.634951867163181305e-02
1.639881730079650879e-02
1.651642285287380219e-02
1.670437492430210114e-02
1.695586927235126495e-02
1.724937185645103455e-02
1.755138486623764038e-02
1.782850548624992371e-02
1.805693842470645905e-02
1.822132244706153870e-02
1.830808445811271667e-02
1.830358617007732391e-02
1.820061169564723969e-02
1.800952665507793427e-02
1.776207797229290009e-02
1.750013604760169983e-02
1.725813560187816620e-02
1.705423556268215179e-02
1.689279824495315552e-02
1.677081175148487091e-02
1.668304577469825745e-02
1.662449352443218231e-02
1.659145206212997437e-02
1.658158935606479645e-02
1.659405604004859924e-02
1.662964746356010437e-02
1.669147983193397522e-02
1.678627729415893555e-02
1.692666113376617432e-02
1.713449880480766296e-02
1.744446158409118652e-02
1.790311932563781738e-02
1.855001226067543030e-02
1.937161386013031006e-02
2.028507366776466370e-02
2.122418954968452454e-02
2.217999845743179321e-02
2.310747280716896057e-02
2.388129755854606628e-02
2.437472529709339142e-02
2.456120215356349945e-02
2.450802549719810486e-02
2.430913783609867096e-02
2.405871450901031494e-02
2.385033294558525085e-02
2.376948110759258270e-02
2.388526685535907745e-02
2.423517219722270966e-02
2.479443512856960297e-02
2.545865811407566071e-02
2.606666460633277893e-02
2.644951827824115753e-02
2.649605832993984222e-02
2.618263289332389832e-02
2.555065974593162537e-02
2.467906661331653595e-02
2.366731502115726471e-02
2.261685766279697418e-02
2.161102369427680969e-02
2.070262096822261810e-02
1.991129666566848755e-02
1.922430656850337982e-02
1.859920099377632141e-02
1.797652058303356171e-02
1.731280423700809479e-02
1.661973074078559875e-02
1.596146635711193085e-02
1.540170609951019287e-02
1.496380381286144257e-02
1.463541388511657715e-02
1.439037546515464783e-02
1.420291699469089508e-02
1.405201572924852371e-02
1.392121240496635437e-02
1.379704382270574570e-02
1.366759929805994034e-02
1.352183334529399872e-02
1.334981434047222137e-02
1.314372941851615906e-02
1.289980579167604446e-02
1.261978968977928162e-02
1.231098081916570663e-02
1.198437623679637909e-02
1.165133528411388397e-02
1.132060494273900986e-02
1.099756918847560883e-02
1.068563386797904968e-02
1.038751564919948578e-02
1.010191440582275391e-02
9.819525294005870819e-03
9.534055367112159729e-03
9.261663071811199188e-03
9.033003821969032288e-03
8.865617215633392334e-03
8.755923248827457428e-03
8.689916692674160004e-03
8.653148077428340912e-03
8.634401485323905945e-03
8.625932037830352783e-03
8.622470311820507050e-03
8.620221167802810669e-03
8.616151288151741028e-03
8.607406169176101685e-03
8.590881712734699249e-03
8.562952280044555664e-03
8.519350551068782806e-03
8.455299772322177887e-03
8.366258814930915833e-03
8.249378763139247894e-03
8.105590939521789551e-03
7.941329851746559143e-03
7.767838891595602036e-03
7.597377058118581772e-03
7.438479922711849213e-03
7.294157519936561584e-03
7.164690643548965454e-03
7.053127977997064590e-03
6.968792062252759933e-03
6.923779845237731934e-03
6.923032458871603012e-03
6.957987789064645767e-03
7.011230569332838058e-03
7.066227030009031296e-03
7.112782914191484451e-03
7.146435324102640152e-03
7.165271323174238205e-03
7.166787516325712204e-03
7.145714480429887772e-03
7.093254011124372482e-03
7.000171579420566559e-03
6.867529824376106262e-03
6.721027661114931107e-03
6.605895701795816422e-03
6.556271575391292572e-03
6.575044710189104080e-03
6.643409375101327896e-03
6.746171507984399796e-03
6.885485723614692688e-03
7.077038288116455078e-03
7.336698006838560104e-03
7.657859474420547485e-03
7.992427796125411987e-03
8.272208273410797119e-03
8.461418561637401581e-03
8.570347912609577179e-03
8.627057075500488281e-03
8.654861710965633392e-03
8.667874149978160858e-03
8.673668839037418365e-03
8.676453493535518646e-03
8.679250255227088928e-03
8.685681968927383423e-03
8.702754043042659760e-03
8.746367879211902618e-03
8.847271092236042023e-03
9.031360037624835968e-03
9.259331040084362030e-03
9.445212781429290771e-03
9.547852911055088043e-03
9.561788290739059448e-03
9.465528652071952820e-03
9.251652285456657410e-03
9.031910449266433716e-03
8.905346505343914032e-03
8.841611444950103760e-03
8.807965554296970367e-03
8.808244951069355011e-03
8.859611116349697113e-03
8.995885029435157776e-03
9.281837381422519684e-03
9.771539829671382904e-03
1.040287874639034271e-02
1.104728877544403076e-02
1.167650707066059113e-02
1.229811552911996841e-02
1.281138043850660324e-02
1.312800962477922440e-02
1.329998206347227097e-02
1.340871118009090424e-02
1.346251182258129120e-02
1.342765334993600845e-02
1.335866749286651611e-02
1.331013441085815430e-02
1.327643636614084244e-02
1.324173621833324432e-02
1.319353189319372177e-02
1.311793178319931030e-02
1.299330312758684158e-02
1.278330758213996887e-02
1.243480667471885681e-02
1.190755236893892288e-02
1.126875169575214386e-02
1.072856131941080093e-02
1.043368782848119736e-02
1.037367247045040131e-02
1.057795714586973190e-02
1.105104014277458191e-02
1.161599438637495041e-02
1.236549764871597290e-02
1.329347491264343262e-02
1.416933443397283554e-02
1.483567617833614349e-02
