3.704997652675956488e-04
3.961045877076685429e-04
4.291270452085882425e-04
4.676125827245414257e-04
5.076987436041235924e-04
5.462746485136449337e-04
5.826431442983448505e-04
6.177152972668409348e-04
6.525620701722800732e-04
6.877268897369503975e-04
7.232156349346041679e-04
7.587538566440343857e-04
7.940427167341113091e-04
8.289700490422546864e-04
8.636929560452699661e-04
8.986471220850944519e-04
9.344620630145072937e-04
9.718570508994162083e-04
1.011490239761769772e-03
1.053862390108406544e-03
1.099243061617016792e-03
1.147698378190398216e-03
1.199181075207889080e-03
1.253710477612912655e-03
1.311483560130000114e-03
1.372872036881744862e-03
1.438199775293469429e-03
1.507336623035371304e-03
1.579311327077448368e-03
1.652274513617157936e-03
1.723930588923394680e-03
1.792270923033356667e-03
1.856143469922244549e-03
1.915379543788731098e-03
1.970551209524273872e-03
2.022591186687350273e-03
2.072489820420742035e-03
2.121112309396266937e-03
2.169120823964476585e-03
2.216982655227184296e-03
2.264993498101830482e-03
2.313320524990558624e-03
2.362027065828442574e-03
2.411126624792814255e-03
2.460604067891836166e-03
2.510438906028866768e-03
2.560630673542618752e-03
2.611206611618399620e-03
2.662231680005788803e-03
2.713822294026613235e-03
2.766135148704051971e-03
2.819366520270705223e-03
2.873734338209033012e-03
2.929461887106299400e-03
2.986759645864367485e-03
3.045789897441864014e-03
3.106646239757537842e-03
3.169345902279019356e-03
3.233784576877951622e-03
3.299783216789364815e-03
3.367053810507059097e-03
3.435271792113780975e-03
3.504091175273060799e-03
3.573226276785135269e-03
3.642475698143243790e-03
3.711767494678497314e-03
3.781210398301482201e-03
3.851060522720217705e-03
3.921726718544960022e-03
3.993716090917587280e-03
4.067583009600639343e-03
4.143854137510061264e-03
4.222956486046314240e-03
4.305129870772361755e-03
4.390422720462083817e-03
4.478662740439176559e-03
4.569498356431722641e-03
4.662515129894018173e-03
4.757339600473642349e-03
4.853790625929832458e-03
4.951981361955404282e-03
5.052389577031135559e-03
5.155886989086866379e-03
5.263700149953365326e-03
5.377345718443393707e-03
5.498526152223348618e-03
5.628983490169048309e-03
5.770340561866760254e-03
5.923898890614509583e-03
6.090448703616857529e-03
6.270054262131452560e-03
6.461989134550094604e-03
6.664753425866365433e-03
6.876270286738872528e-03
7.094352971762418747e-03
7.317168638110160828e-03
7.543731480836868286e-03
7.774112280458211899e-03
8.009443990886211395e-03
8.251578547060489655e-03
8.502535521984100342e-03
8.764042519032955170e-03
9.037096984684467316e-03
9.321718476712703705e-03
9.616979397833347321e-03
9.921114891767501831e-03
1.023184694349765778e-02
1.054676622152328491e-02
1.086367107927799225e-02
1.118083577603101730e-02
1.149731595069169998e-02
1.181298121809959412e-02
1.212860457599163055e-02
1.244571991264820099e-02
1.276632491499185562e-02
1.309236790984869003e-02
1.342495158314704895e-02
1.376341748982667923e-02
1.410455256700515747e-02
1.444261800497770309e-02
1.477062702178955078e-02
1.508290320634841919e-02
1.537736505270004272e-02
1.565610803663730621e-02
1.592375524342060089e-02
1.618489809334278107e-02
1.644250005483627319e-02
1.669784449040889740e-02
1.695121265947818756e-02
1.720273680984973907e-02
1.745267957448959351e-02
1.770143397152423859e-02
1.794929243624210358e-02
1.819628477096557617e-02
1.844208687543869019e-02
1.868603378534317017e-02
1.892722025513648987e-02
1.916466839611530304e-02
1.939747855067253113e-02
1.962499134242534637e-02
1.984686218202114105e-02
2.006316743791103363e-02
2.027436345815658569e-02
2.048139832913875580e-02
2.068557031452655792e-02
2.088846266269683838e-02
2.109181508421897888e-02
2.129736728966236115e-02
2.150662057101726532e-02
2.172054350376129150e-02
2.193936146795749664e-02
2.216236293315887451e-02
2.238787151873111725e-02
2.261342294514179230e-02
2.283617109060287476e-02
2.305334247648715973e-02
2.326281554996967316e-02
2.346344105899333954e-02
2.365528047084808350e-02
2.383959479629993439e-02
2.401861362159252167e-02
2.419519424438476562e-02
2.437250874936580658e-02
2.455356344580650330e-02
2.474090643227100372e-02
2.493637613952159882e-02
2.514084242284297943e-02
2.535414882004261017e-02
2.557516470551490784e-02
2.580193243920803070e-02
2.603185921907424927e-02
2.626206539571285248e-02
2.648958750069141388e-02
2.671179175376892090e-02
2.692655101418495178e-02
2.713242359459400177e-02
2.732886560261249542e-02
2.751621976494789124e-02
2.769572846591472626e-02
2.786947600543498993e-02
2.804027684032917023e-02
2.821153402328491211e-02
2.838696911931037903e-02
2.857043594121932983e-02
2.876568399369716644e-02
2.897586114704608917e-02
2.920332551002502441e-02
2.944918349385261536e-02
2.971298433840274811e-02
2.999265491962432861e-02
3.028465062379837036e-02
3.058423660695552826e-02
3.088620118796825409e-02
3.118557296693325043e-02
3.147851303219795227e-02
3.176268935203552246e-02
3.203789144754409790e-02
3.230601549148559570e-02
3.257106989622116089e-02
3.283892944455146790e-02
3.311688825488090515e-02
3.341291099786758423e-02
3.373453393578529358e-02
3.408712893724441528e-02
3.447188436985015869e-02
3.488407284021377563e-02
3.531253710389137268e-02
3.574132174253463745e-02
3.615355119109153748e-02
3.653579205274581909e-02
3.688123077154159546e-02
3.719059005379676819e-02
3.747098147869110107e-02
3.773403912782669067e-02
3.799397498369216919e-02
3.826599940657615662e-02
3.856491297483444214e-02
3.890354186296463013e-02
3.929043561220169067e-02
3.972778096795082092e-02
4.021010547876358032e-02
4.072589427232742310e-02
4.126174747943878174e-02
4.180790856480598450e-02
4.236197099089622498e-02
4.292870312929153442e-02
4.351659491658210754e-02
4.413290694355964661e-02
4.477930441498756409e-02
4.544948041439056396e-02
4.612942039966583252e-02
4.680005460977554321e-02
4.744154587388038635e-02
4.803777113556861877e-02
4.857987910509109497e-02
4.906848818063735962e-02
4.951488971710205078e-02
4.994193464517593384e-02
5.038433521986007690e-02
5.088670551776885986e-02
5.149417370557785034e-02
5.223076045513153076e-02
5.307281389832496643e-02
5.394548177719116211e-02
5.476225167512893677e-02
5.547718331217765808e-02
5.610198900103569031e-02
5.668626725673675537e-02
5.729030817747116089e-02
5.796618759632110596e-02
5.874771624803543091e-02
5.964677408337593079e-02
6.065581366419792175e-02
6.175670027732849121e-02
6.293102353811264038e-02
6.416653841733932495e-02
6.545629352331161499e-02
6.679454445838928223e-02
6.817443668842315674e-02
6.959086656570434570e-02
7.104730606079101562e-02
