2.355511533096432686e-04
2.457633090671151876e-04
2.598371356725692749e-04
2.788496494758874178e-04
3.035661065950989723e-04
3.339017857797443867e-04
3.685625852085649967e-04
4.053596640005707741e-04
4.421573248691856861e-04
4.777040157932788134e-04
5.117332329973578453e-04
5.444971029646694660e-04
5.762760411016643047e-04
6.071478710509836674e-04
6.370190531015396118e-04
6.657647900283336639e-04
6.933595868758857250e-04
7.199404644779860973e-04
7.457851315848529339e-04
7.712638471275568008e-04
7.967777200974524021e-04
8.227053913287818432e-04
8.493807981722056866e-04
8.770825224928557873e-04
9.060308220796287060e-04
9.364081197418272495e-04
9.683673852123320103e-04
1.002059783786535263e-03
1.037641544826328754e-03
1.075301435776054859e-03
1.115258666686713696e-03
1.157761435024440289e-03
1.203079125843942165e-03
1.251466805115342140e-03
1.303125754930078983e-03
1.358144800178706646e-03
1.416457234881818295e-03
1.477786106988787651e-03
1.541637000627815723e-03
1.607318990863859653e-03
1.674016006290912628e-03
1.740876003168523312e-03
1.807110966183245182e-03
1.872084219940006733e-03
1.935357809998095036e-03
1.996708102524280548e-03
2.056084573268890381e-03
2.113592345267534256e-03
2.169429557397961617e-03
2.223840681836009026e-03
2.277111867442727089e-03
2.329519251361489296e-03
2.381340833380818367e-03
2.432831795886158943e-03
2.484238706529140472e-03
2.535795094445347786e-03
2.587728202342987061e-03
2.640256192535161972e-03
2.693596528843045235e-03
2.747959457337856293e-03
2.803551964461803436e-03
2.860580105334520340e-03
2.919225953519344330e-03
2.979666693136096001e-03
3.042042022570967674e-03
3.106455551460385323e-03
3.172946628183126450e-03
3.241497091948986053e-03
3.312010085210204124e-03
3.384300973266363144e-03
3.458124585449695587e-03
3.533184062689542770e-03
3.609166713431477547e-03
3.685793373733758926e-03
3.762862412258982658e-03
3.840285120531916618e-03
3.918112721294164658e-03
3.996501211076974869e-03
4.075715783983469009e-03
4.156048875302076340e-03
4.237784538418054581e-03
4.321149550378322601e-03
4.406302701681852341e-03
4.493368789553642273e-03
4.582467488944530487e-03
4.673790186643600464e-03
4.767650738358497620e-03
4.864547401666641235e-03
4.965191707015037537e-03
5.070514045655727386e-03
5.181629676371812820e-03
5.299787968397140503e-03
5.426268558949232101e-03
5.562278907746076584e-03
5.708840675652027130e-03
5.866642575711011887e-03
6.035922095179557800e-03
6.216350477188825607e-03
6.406995933502912521e-03
6.606345530599355698e-03
6.812604144215583801e-03
7.024127524346113205e-03
7.239913567900657654e-03
7.459969259798526764e-03
7.685494143515825272e-03
7.918592542409896851e-03
8.161944337189197540e-03
8.418086916208267212e-03
8.688865229487419128e-03
8.974752388894557953e-03
9.274614043533802032e-03
9.585638530552387238e-03
9.903781116008758545e-03
1.022456213831901550e-02
1.054393034428358078e-02
1.085898373275995255e-02
1.116832159459590912e-02
1.147174835205078125e-02
1.176982652395963669e-02
1.206317543983459473e-02
1.235204190015792847e-02
1.263620052486658096e-02
1.291509810835123062e-02
1.318817399442195892e-02
1.345520373433828354e-02
1.371643599122762680e-02
1.397260464727878571e-02
1.422480493783950806e-02
1.447431463748216629e-02
1.472238730639219284e-02
1.497007440775632858e-02
1.521824114024639130e-02
1.546735782176256180e-02
1.571765355765819550e-02
1.596907712519168854e-02
1.622130721807479858e-02
1.647386886179447174e-02
1.672611571848392487e-02
1.697735674679279327e-02
1.722683385014533997e-02
1.747382059693336487e-02
1.771765947341918945e-02
1.795774884521961212e-02
1.819361560046672821e-02
1.842494308948516846e-02
1.865155249834060669e-02
1.887343451380729675e-02
1.909076422452926636e-02
1.930379308760166168e-02
1.951298303902149200e-02
1.971887052059173584e-02
1.992209814488887787e-02
2.012332901358604431e-02
2.032326906919479370e-02
2.052263543009757996e-02
2.072207815945148468e-02
2.092218399047851562e-02
2.112344652414321899e-02
2.132621966302394867e-02
2.153072319924831390e-02
2.173702418804168701e-02
2.194504067301750183e-02
2.215454913675785065e-02
2.236514538526535034e-02
2.257637120783329010e-02
2.278763242065906525e-02
2.299832925200462341e-02
2.320783399045467377e-02
2.341556176543235779e-02
2.362101897597312927e-02
2.382388152182102203e-02
2.402394078671932220e-02
2.422120980918407440e-02
2.441588975489139557e-02
2.460841089487075806e-02
2.479938976466655731e-02
2.498957514762878418e-02
2.517981454730033875e-02
2.537100017070770264e-02
2.556394040584564209e-02
2.575930766761302948e-02
2.595752105116844177e-02
2.615869790315628052e-02
2.636266313493251801e-02
2.656890638172626495e-02
2.677669376134872437e-02
2.698506973683834076e-02
2.719321474432945251e-02
2.740032970905303955e-02
2.760605141520500183e-02
2.781034074723720551e-02
2.801362238824367523e-02
2.821675688028335571e-02
2.842106483876705170e-02
2.862812019884586334e-02
2.883972600102424622e-02
2.905772440135478973e-02
2.928392961621284485e-02
2.951984293758869171e-02
2.976661361753940582e-02
3.002487868070602417e-02
3.029467165470123291e-02
3.057535737752914429e-02
3.086567111313343048e-02
3.116389364004135132e-02
3.146809712052345276e-02
3.177636116743087769e-02
3.208718076348304749e-02
3.239976242184638977e-02
3.271406143903732300e-02
3.303096815943717957e-02
3.335195034742355347e-02
3.367894887924194336e-02
3.401373326778411865e-02
3.435777872800827026e-02
3.471157699823379517e-02
3.507465124130249023e-02
3.544540703296661377e-02
3.582144156098365784e-02
3.619985654950141907e-02
3.657788783311843872e-02
3.695350885391235352e-02
3.732582181692123413e-02
3.769550845026969910e-02
3.806476294994354248e-02
3.843735903501510620e-02
3.881826624274253845e-02
3.921329975128173828e-02
3.962855041027069092e-02
4.006988555192947388e-02
4.054227843880653381e-02
4.104924574494361877e-02
4.159241169691085815e-02
4.217103868722915649e-02
4.278207942843437195e-02
4.342058673501014709e-02
4.408006370067596436e-02
4.475382342934608459e-02
4.543595761060714722e-02
4.612241312861442566e-02
4.681162536144256592e-02
4.750469326972961426e-02
4.820432886481285095e-02
4.891395196318626404e-02
4.963520541787147522e-02
5.036666244268417358e-02
5.110281333327293396e-02
5.183473229408264160e-02
5.255251005291938782e-02
5.324828624725341797e-02
5.391917005181312561e-02
5.456861481070518494e-02
5.520627647638320923e-02
5.584679171442985535e-02
5.650748312473297119e-02
5.720616132020950317e-02
5.795901641249656677e-02
5.877866595983505249e-02
5.967298150062561035e-02
6.064420193433761597e-02
6.168899685144424438e-02
