9.993865489959716797e-01
9.993657469749450684e-01
9.993351101875305176e-01
9.992916584014892578e-01
9.992334842681884766e-01
9.991625547409057617e-01
9.990851879119873047e-01
9.990079998970031738e-01
9.989340901374816895e-01
9.988628625869750977e-01
9.987922310829162598e-01
9.987211823463439941e-01
9.986502528190612793e-01
9.985805749893188477e-01
9.985132813453674316e-01
9.984482526779174805e-01
9.983848333358764648e-01
9.983213543891906738e-01
9.982566237449645996e-01
9.981890320777893066e-01
9.981179237365722656e-01
9.980423450469970703e-01
9.979623556137084961e-01
9.978777170181274414e-01
9.977889060974121094e-01
9.976959824562072754e-01
9.975996613502502441e-01
9.975002408027648926e-01
9.973980188369750977e-01
9.972935318946838379e-01
9.971868395805358887e-01
9.970784187316894531e-01
9.969683289527893066e-01
9.968566894531250000e-01
9.967440366744995117e-01
9.966304898262023926e-01
9.965162277221679688e-01
9.964015483856201172e-01
9.962868690490722656e-01
9.961723685264587402e-01
9.960583448410034180e-01
9.959447979927062988e-01
9.958322644233703613e-01
9.957204461097717285e-01
9.956097006797790527e-01
9.954997897148132324e-01
9.953908920288085938e-01
9.952827095985412598e-01
9.951750040054321289e-01
9.950678348541259766e-01
9.949609041213989258e-01
9.948537945747375488e-01
9.947463870048522949e-01
9.946383833885192871e-01
9.945294260978698730e-01
9.944191575050354004e-01
9.943075776100158691e-01
9.941942095756530762e-01
9.940788745880126953e-01
9.939612150192260742e-01
9.938410520553588867e-01
9.937183856964111328e-01
9.935930371284484863e-01
9.934647679328918457e-01
9.933336377143859863e-01
9.931994080543518066e-01
9.930623173713684082e-01
9.929223060607910156e-01
9.927793145179748535e-01
9.926332831382751465e-01
9.924843907356262207e-01
9.923324584960937500e-01
9.921774268150329590e-01
9.920193552970886230e-01
9.918583035469055176e-01
9.916940331459045410e-01
9.915267825126647949e-01
9.913563728332519531e-01
9.911826848983764648e-01
9.910057783126831055e-01
9.908249974250793457e-01
9.906400442123413086e-01
9.904503226280212402e-01
9.902545809745788574e-01
9.900519251823425293e-01
9.898408055305480957e-01
9.896196722984313965e-01
9.893866777420043945e-01
9.891399145126342773e-01
9.888775944709777832e-01
9.885977506637573242e-01
9.882990121841430664e-01
9.879803061485290527e-01
9.876410365104675293e-01
9.872813820838928223e-01
9.869021177291870117e-01
9.865044951438903809e-01
9.860903024673461914e-01
9.856611490249633789e-01
9.852185845375061035e-01
9.847634434700012207e-01
9.842960834503173828e-01
9.838159680366516113e-01
9.833220243453979492e-01
9.828128218650817871e-01
9.822869896888732910e-01
9.817433357238769531e-01
9.811812639236450195e-01
9.806010127067565918e-01
9.800033569335937500e-01
9.793901443481445312e-01
9.787636995315551758e-01
9.781265854835510254e-01
9.774816632270812988e-01
9.768323302268981934e-01
9.761812686920166016e-01
9.755318164825439453e-01
9.748868346214294434e-01
9.742494225502014160e-01
9.736219644546508789e-01
9.730071425437927246e-01
9.724072217941284180e-01
9.718235731124877930e-01
9.712572693824768066e-01
9.707081913948059082e-01
9.701757431030273438e-01
9.696578383445739746e-01
9.691518545150756836e-01
9.686539173126220703e-01
9.681606888771057129e-01
9.676684141159057617e-01
9.671739339828491211e-01
9.666755199432373047e-01
9.661726951599121094e-01
9.656665325164794922e-01
9.651593565940856934e-01
9.646544456481933594e-01
9.641552567481994629e-01
9.636648297309875488e-01
9.631851911544799805e-01
9.627170562744140625e-01
9.622598290443420410e-01
9.618120193481445312e-01
9.613714218139648438e-01
9.609356522560119629e-01
9.605026841163635254e-01
9.600709080696105957e-01
9.596393704414367676e-01
9.592081308364868164e-01
9.587773084640502930e-01
9.583476781845092773e-01
9.579202532768249512e-01
9.574955701828002930e-01
9.570745229721069336e-01
9.566578269004821777e-01
9.562453627586364746e-01
9.558375477790832520e-01
9.554340839385986328e-01
9.550347328186035156e-01
9.546391367912292480e-01
9.542462825775146484e-01
9.538549780845642090e-01
9.534637928009033203e-01
9.530708789825439453e-01
9.526740908622741699e-01
9.522715806961059570e-01
9.518616199493408203e-01
9.514437913894653320e-01
9.510185122489929199e-01
9.505876302719116211e-01
9.501540660858154297e-01
9.497209787368774414e-01
9.492920637130737305e-01
9.488704800605773926e-01
9.484586119651794434e-01
9.480577111244201660e-01
9.476680755615234375e-01
9.472885727882385254e-01
9.469175338745117188e-01
9.465516805648803711e-01
9.461876153945922852e-01
9.458209276199340820e-01
9.454472064971923828e-01
9.450621604919433594e-01
9.446619749069213867e-01
9.442437887191772461e-01
9.438059926033020020e-01
9.433487653732299805e-01
9.428737163543701172e-01
9.423842430114746094e-01
9.418846964836120605e-01
9.413799047470092773e-01
9.408744573593139648e-01
9.403718709945678711e-01
9.398741722106933594e-01
9.393811821937561035e-01
9.388908147811889648e-01
9.383988380432128906e-01
9.378994107246398926e-01
9.373856782913208008e-01
9.368499517440795898e-01
9.362854361534118652e-01
9.356865882873535156e-01
9.350507855415344238e-01
9.343785047531127930e-01
9.336745142936706543e-01
9.329475164413452148e-01
9.322099685668945312e-01
9.314768910408020020e-01
9.307636618614196777e-01
9.300828576087951660e-01
9.294401407241821289e-01
9.288311004638671875e-01
9.282409548759460449e-01
9.276482462882995605e-01
9.270312190055847168e-01
9.263738393783569336e-01
9.256687164306640625e-01
9.249153137207031250e-01
9.241179823875427246e-01
9.232824444770812988e-01
9.224143028259277344e-01
9.215186238288879395e-01
9.205994606018066406e-01
9.196596145629882812e-01
9.187002778053283691e-01
9.177198410034179688e-01
9.167141318321228027e-01
9.156764149665832520e-01
9.146001935005187988e-01
9.134814739227294922e-01
9.123230576515197754e-01
9.111375212669372559e-01
9.099456667900085449e-01
9.087719917297363281e-01
9.076346158981323242e-01
9.065365791320800781e-01
9.054594039916992188e-01
9.043642878532409668e-01
9.032008647918701172e-01
9.019243717193603516e-01
9.005163908004760742e-01
8.990010023117065430e-01
8.974398374557495117e-01
8.959051370620727539e-01
8.944467306137084961e-01
8.930734992027282715e-01
8.917579054832458496e-01
8.904531002044677734e-01
8.891111612319946289e-01
8.876946568489074707e-01
8.861824274063110352e-01
8.845675587654113770e-01
8.828529119491577148e-01
8.810446858406066895e-01
8.791468143463134766e-01
8.771584033966064453e-01
8.750730752944946289e-01
8.728805184364318848e-01
8.705691695213317871e-01
8.681276440620422363e-01
