2.250614576041698456e-02
2.276773005723953247e-02
2.303026244044303894e-02
2.329346723854541779e-02
2.355712279677391052e-02
2.382095344364643097e-02
2.408469654619693756e-02
2.434810623526573181e-02
2.461091987788677216e-02
2.487284503877162933e-02
2.513363398611545563e-02
2.539300546050071716e-02
2.565070800483226776e-02
2.590644732117652893e-02
2.615996636450290680e-02
2.641102112829685211e-02
2.665931917726993561e-02
2.690464444458484650e-02
2.714673429727554321e-02
2.738532982766628265e-02
2.762023732066154480e-02
2.785119600594043732e-02
2.807801775634288788e-02
2.830046415328979492e-02
2.851837873458862305e-02
2.873155660927295685e-02
2.893984690308570862e-02
2.914307825267314911e-02
2.934110723435878754e-02
2.953382022678852081e-02
2.972110360860824585e-02
2.990286611020565033e-02
3.007899783551692963e-02
3.024948202073574066e-02
3.041422925889492035e-02
3.057324141263961792e-02
3.072649054229259491e-02
3.087399154901504517e-02
3.101574815809726715e-02
3.115183487534523010e-02
3.128227591514587402e-02
3.140716254711151123e-02
3.152658790349960327e-02
3.164063766598701477e-02
3.174943849444389343e-02
3.185316920280456543e-02
3.195193782448768616e-02
3.204593807458877563e-02
3.213530778884887695e-02
3.222027793526649475e-02
3.230103850364685059e-02
3.237778320908546448e-02
3.245073184370994568e-02
3.252012655138969421e-02
3.258618339896202087e-02
3.264914825558662415e-02
3.270924836397171021e-02
3.276673331856727600e-02
3.282183781266212463e-02
3.287479653954505920e-02
3.292585536837577820e-02
3.297523781657218933e-02
3.302316740155220032e-02
3.306985646486282349e-02
3.311552107334136963e-02
3.316038101911544800e-02
3.320459276437759399e-02
3.324833884835243225e-02
3.329179435968399048e-02
3.333510830998420715e-02
3.337842971086502075e-02
3.342185914516448975e-02
3.346552327275276184e-02
3.350950405001640320e-02
3.355387970805168152e-02
3.359871730208396912e-02
3.364404290914535522e-02
3.368994221091270447e-02
3.373638913035392761e-02
3.378339856863021851e-02
3.383097052574157715e-02
3.387909382581710815e-02
3.392772749066352844e-02
3.397685289382934570e-02
3.402641043066978455e-02
3.407634794712066650e-02
3.412660956382751465e-02
3.417716547846794128e-02
3.422790020704269409e-02
3.427876159548759460e-02
3.432967886328697205e-02
3.438060730695724487e-02
3.443145751953125000e-02
3.448215872049331665e-02
3.453265503048896790e-02
3.458288311958312988e-02
3.463277965784072876e-02
3.468230739235877991e-02
3.473139181733131409e-02
3.478001430630683899e-02
3.482814878225326538e-02
3.487570956349372864e-02
3.492273017764091492e-02
3.496916592121124268e-02
3.501499816775321960e-02
3.506023064255714417e-02
3.510486334562301636e-02
3.514888882637023926e-02
3.519232571125030518e-02
3.523518517613410950e-02
3.527749329805374146e-02
3.531926125288009644e-02
3.536053374409675598e-02
3.540132567286491394e-02
3.544168174266815186e-02
3.548163175582885742e-02
3.552123531699180603e-02
3.556051850318908691e-02
3.559954836964607239e-02
3.563834354281425476e-02
3.567698225378990173e-02
3.571550920605659485e-02
3.575396165251731873e-02
3.579242154955863953e-02
3.583092987537384033e-02
3.586953133344650269e-02
3.590830415487289429e-02
3.594728931784629822e-02
3.598654642701148987e-02
3.602614253759384155e-02
3.606612980365753174e-02
3.610654920339584351e-02
3.614747524261474609e-02
3.618896752595901489e-02
3.623106330633163452e-02
3.627384826540946960e-02
3.631734102964401245e-02
3.636163100600242615e-02
3.640674799680709839e-02
3.645277023315429688e-02
3.649972751736640930e-02
3.654769808053970337e-02
3.659671545028686523e-02
3.664685413241386414e-02
3.669814020395278931e-02
3.675064072012901306e-02
3.680444881319999695e-02
3.685956075787544250e-02
3.691605478525161743e-02
3.697396442294120789e-02
