8.638439178466796875e-01
8.620824813842773438e-01
8.603072166442871094e-01
8.585196733474731445e-01
8.567212820053100586e-01
8.549137711524963379e-01
8.530985116958618164e-01
8.512771129608154297e-01
8.494511842727661133e-01
8.476223945617675781e-01
8.457924127578735352e-01
8.439629077911376953e-01
8.421355485916137695e-01
8.403121232986450195e-01
8.384941220283508301e-01
8.366833925247192383e-01
8.348816633224487305e-01
8.330904841423034668e-01
8.313117027282714844e-01
8.295467495918273926e-01
8.277974724769592285e-01
8.260652422904968262e-01
8.243517279624938965e-01
8.226585388183593750e-01
8.209869861602783203e-01
8.193386793136596680e-01
8.177148699760437012e-01
8.161169290542602539e-01
8.145462274551391602e-01
8.130037188529968262e-01
8.114908933639526367e-01
8.100085258483886719e-01
8.085577487945556641e-01
8.071394562721252441e-01
8.057546019554138184e-01
8.044037818908691406e-01
8.030877113342285156e-01
8.018070459365844727e-01
8.005621433258056641e-01
7.993534803390502930e-01
7.981813549995422363e-01
7.970459461212158203e-01
7.959473729133605957e-01
7.948855757713317871e-01
7.938605546951293945e-01
7.928720712661743164e-01
7.919197678565979004e-01
7.910033464431762695e-01
7.901222109794616699e-01
7.892758250236511230e-01
7.884634137153625488e-01
7.876843214035034180e-01
7.869374752044677734e-01
7.862221002578735352e-01
7.855371832847595215e-01
7.848813533782958984e-01
7.842537164688110352e-01
7.836529016494750977e-01
7.830774784088134766e-01
7.825262546539306641e-01
7.819977998733520508e-01
7.814906239509582520e-01
7.810033559799194336e-01
7.805342674255371094e-01
7.800822257995605469e-01
7.796455621719360352e-01
7.792227268218994141e-01
7.788124084472656250e-01
7.784131765365600586e-01
7.780234813690185547e-01
7.776421904563903809e-01
7.772679328918457031e-01
7.768995165824890137e-01
7.765357494354248047e-01
7.761756181716918945e-01
7.758181095123291016e-01
7.754623889923095703e-01
7.751075029373168945e-01
7.747529745101928711e-01
7.743979692459106445e-01
7.740419507026672363e-01
7.736846804618835449e-01
7.733256816864013672e-01
7.729647159576416016e-01
7.726015448570251465e-01
7.722362279891967773e-01
7.718685865402221680e-01
7.714986801147460938e-01
7.711267471313476562e-01
7.707529067993164062e-01
7.703771591186523438e-01
7.699999809265136719e-01
7.696214914321899414e-01
7.692420482635498047e-01
7.688618898391723633e-01
7.684813737869262695e-01
7.681006789207458496e-01
7.677202224731445312e-01
7.673403024673461914e-01
7.669609785079956055e-01
7.665827274322509766e-01
7.662056684494018555e-01
7.658300399780273438e-01
7.654559612274169922e-01
7.650835514068603516e-01
7.647129297256469727e-01
7.643441557884216309e-01
7.639771699905395508e-01
7.636122107505798340e-01
7.632489800453186035e-01
7.628875374794006348e-01
7.625277638435363770e-01
7.621695995330810547e-01
7.618128061294555664e-01
7.614572048187255859e-01
7.611026763916015625e-01
7.607491016387939453e-01
7.603960037231445312e-01
7.600432634353637695e-01
7.596906423568725586e-01
7.593379020690917969e-01
7.589846849441528320e-01
7.586307525634765625e-01
7.582757472991943359e-01
7.579194307327270508e-01
7.575615644454956055e-01
7.572016716003417969e-01
7.568395137786865234e-01
7.564749717712402344e-01
7.561074495315551758e-01
7.557369470596313477e-01
7.553628683090209961e-01
7.549850940704345703e-01
7.546033859252929688e-01
7.542173266410827637e-01
7.538267374038696289e-01
7.534311413764953613e-01
7.530305385589599609e-01
7.526245117187500000e-01
7.522127628326416016e-01
7.517951130867004395e-01
7.513713240623474121e-01
7.509410381317138672e-01
7.505041956901550293e-01
7.500603199005126953e-01
7.496093511581420898e-01
7.491509914398193359e-01
7.486849427223205566e-01
7.482110261917114258e-01
7.477291822433471680e-01
