2.791070342063903809e-01
2.791083753108978271e-01
2.791098356246948242e-01
2.791114151477813721e-01
2.791130542755126953e-01
2.791148126125335693e-01
2.791167199611663818e-01
2.791186571121215820e-01
2.791208028793334961e-01
2.791229486465454102e-01
2.791253030300140381e-01
2.791277170181274414e-01
2.791302502155303955e-01
2.791329920291900635e-01
2.791357636451721191e-01
2.791387140750885010e-01
2.791418135166168213e-01
2.791449725627899170e-01
2.791483402252197266e-01
2.791518270969390869e-01
2.791555225849151611e-01
2.791592776775360107e-01
2.791632711887359619e-01
2.791674137115478516e-01
2.791717052459716797e-01
2.791761457920074463e-01
2.791808247566223145e-01
2.791856229305267334e-01
2.791906595230102539e-01
2.791958749294281006e-01
2.792012691497802734e-01
2.792069017887115479e-01
2.792127430438995361e-01
2.792187631130218506e-01
2.792250812053680420e-01
2.792315781116485596e-01
2.792383432388305664e-01
2.792453765869140625e-01
2.792526483535766602e-01
2.792601585388183594e-01
2.792679667472839355e-01
2.792760729789733887e-01
2.792844474315643311e-01
2.792931795120239258e-01
2.793021500110626221e-01
2.793115079402923584e-01
2.793211638927459717e-01
2.793311476707458496e-01
2.793415188789367676e-01
2.793522775173187256e-01
2.793633937835693359e-01
2.793749272823333740e-01
2.793868184089660645e-01
2.793991863727569580e-01
2.794120013713836670e-01
2.794252336025238037e-01
2.794389724731445312e-01
2.794531583786010742e-01
2.794679105281829834e-01
2.794831395149230957e-01
2.794989347457885742e-01
2.795152664184570312e-01
2.795321941375732422e-01
2.795497775077819824e-01
2.795679271221160889e-01
2.795867323875427246e-01
2.796061933040618896e-01
2.796264290809631348e-01
2.796473503112792969e-01
2.796690165996551514e-01
2.796914875507354736e-01
2.797147035598754883e-01
2.797388434410095215e-01
2.797637879848480225e-01
2.797896564006805420e-01
2.798165082931518555e-01
2.798443138599395752e-01
2.798731029033660889e-01
2.799029648303985596e-01
2.799338996410369873e-01
2.799659967422485352e-01
2.799992859363555908e-01
2.800337672233581543e-01
2.800695300102233887e-01
2.801065742969512939e-01
2.801450490951538086e-01
2.801849246025085449e-01
2.802262902259826660e-01
2.802691757678985596e-01
2.803137004375457764e-01
2.803598344326019287e-01
2.804076969623565674e-01
2.804574072360992432e-01
2.805089354515075684e-01
2.805624008178710938e-01
2.806179225444793701e-01
2.806755304336547852e-01
2.807353138923645020e-01
2.807973623275756836e-01
2.808617949485778809e-01
2.809286713600158691e-01
2.809980809688568115e-01
2.810701131820678711e-01
2.811449468135833740e-01
2.812226414680480957e-01
2.813033461570739746e-01
2.813871204853057861e-01
2.814741432666778564e-01
2.815645337104797363e-01
2.816584408283233643e-01
2.817559540271759033e-01
2.818572521209716797e-01
2.819624841213226318e-01
2.820718586444854736e-01
2.821854352951049805e-01
2.823035120964050293e-01
2.824261784553527832e-01
2.825536131858825684e-01
2.826860845088958740e-01
2.828237116336822510e-01
2.829667925834655762e-01
2.831154763698577881e-01
2.832700610160827637e-01
2.834306657314300537e-01
2.835976481437683105e-01
2.837712168693542480e-01
2.839516699314117432e-01
2.841393053531646729e-01
2.843342721462249756e-01
2.845370173454284668e-01
2.847477793693542480e-01
2.849669158458709717e-01
2.851947546005249023e-01
2.854315936565399170e-01
2.856778502464294434e-01
2.859339416027069092e-01
2.862001359462738037e-01
2.864769101142883301e-01
2.867646813392639160e-01
2.870638966560363770e-01
2.873749136924743652e-01
2.876983880996704102e-01
2.880345880985260010e-01
2.883841097354888916e-01
2.887475192546844482e-01
2.891252934932708740e-01
2.895179688930511475e-01
2.899261116981506348e-01
2.903503775596618652e-01
2.907913625240325928e-01
2.912496030330657959e-01
2.917258739471435547e-01
2.922207713127136230e-01
2.927350103855133057e-01
2.932693064212799072e-01
2.938243150711059570e-01
2.944008708000183105e-01
2.949996888637542725e-01
2.956216335296630859e-01
2.962674498558044434e-01
2.969379425048828125e-01
2.976340353488922119e-01
2.983565926551818848e-01
2.991064190864562988e-01
2.998844981193542480e-01
3.006917238235473633e-01
3.015289902687072754e-01
3.023973107337951660e-01
3.032975792884826660e-01
3.042308390140533447e-01
3.051980435848236084e-01
3.062001764774322510e-01
3.072381913661956787e-01
3.083131313323974609e-01
3.094260692596435547e-01
3.105778098106384277e-01
3.117695152759552002e-01
3.130020499229431152e-01
3.142764866352081299e-01
3.155937194824218750e-01
3.169546723365783691e-01
3.183602690696716309e-01
3.198113739490509033e-01
3.213088512420654297e-01
3.228534162044525146e-01
3.244459033012390137e-01
3.260869979858398438e-01
3.277773261070251465e-01
3.295174241065979004e-01
3.313078582286834717e-01
3.331490755081176758e-01
3.350414335727691650e-01
3.369850516319274902e-01
3.389802277088165283e-01
3.410269320011138916e-01
3.431251943111419678e-01
3.452747464179992676e-01
3.474754095077514648e-01
3.497266769409179688e-01
3.520280122756958008e-01
3.543787598609924316e-01
3.567780256271362305e-01
3.592249453067779541e-01
3.617183864116668701e-01
3.642569184303283691e-01
3.668392300605773926e-01
3.694637715816497803e-01
3.721288442611694336e-01
3.748325407505035400e-01
3.775728344917297363e-01
3.803476393222808838e-01
3.831546306610107422e-01
3.859913647174835205e-01
3.888553977012634277e-01
3.917440474033355713e-01
3.946545720100402832e-01
3.975842297077178955e-01
4.005299508571624756e-01
4.034888744354248047e-01
4.064579308032989502e-01
4.094340801239013672e-01
4.124141633510589600e-01
4.153951406478881836e-01
4.183737933635711670e-01
4.213471114635467529e-01
4.243120253086090088e-01
4.272654354572296143e-01
4.302044510841369629e-01
4.331261515617370605e-01
4.360276162624359131e-01
4.389062523841857910e-01
4.417592883110046387e-01
4.445842802524566650e-01
4.473787248134613037e-01
4.501404166221618652e-01
4.528672695159912109e-01
4.555570781230926514e-01
4.582080841064453125e-01
4.608185291290283203e-01
4.633868038654327393e-01
4.659115672111511230e-01
4.683913886547088623e-01
4.708251059055328369e-01
4.732118248939514160e-01
4.755505621433258057e-01
4.778406322002410889e-01
4.800813794136047363e-01
4.822725355625152588e-01
4.844135046005249023e-01
4.865040779113769531e-01
4.885442554950714111e-01
4.905339777469635010e-01
4.924734234809875488e-01
4.943626224994659424e-01
4.962019622325897217e-01
4.979917407035827637e-01
4.997324049472808838e-01
5.014245510101318359e-01
5.030686259269714355e-01
5.046653151512145996e-01
5.062152147293090820e-01
