6.924843788146972656e-01
6.941515207290649414e-01
6.958833336830139160e-01
6.976828575134277344e-01
6.995529532432556152e-01
7.014964222908020020e-01
7.035162448883056641e-01
7.056154608726501465e-01
7.077969312667846680e-01
7.100633382797241211e-01
7.124174833297729492e-01
7.148616313934326172e-01
7.173981666564941406e-01
7.200292348861694336e-01
7.227562665939331055e-01
7.255805730819702148e-01
7.285028100013732910e-01
7.315230965614318848e-01
7.346411347389221191e-01
7.378557324409484863e-01
7.411649823188781738e-01
7.445662617683410645e-01
7.480562925338745117e-01
7.516309618949890137e-01
7.552855610847473145e-01
7.590149044990539551e-01
7.628135085105895996e-01
7.666755318641662598e-01
7.705956697463989258e-01
7.745684981346130371e-01
7.785895466804504395e-01
7.826548814773559570e-01
7.867615818977355957e-01
7.909071445465087891e-01
7.950898408889770508e-01
7.993071079254150391e-01
8.035560250282287598e-01
8.078311681747436523e-01
8.121243119239807129e-01
8.164228200912475586e-01
8.207089304924011230e-01
8.249596357345581055e-01
8.291466832160949707e-01
8.332375288009643555e-01
8.371974825859069824e-01
8.409917950630187988e-01
8.445878028869628906e-01
8.479576110839843750e-01
8.510797619819641113e-01
8.539402484893798828e-01
8.565326333045959473e-01
8.588580489158630371e-01
8.609233498573303223e-01
8.627406954765319824e-01
8.643254041671752930e-01
8.656947612762451172e-01
8.668671846389770508e-01
8.678607344627380371e-01
8.686924576759338379e-01
8.693786263465881348e-01
8.699331879615783691e-01
8.703684210777282715e-01
8.706946372985839844e-01
8.709202408790588379e-01
8.710517287254333496e-01
8.710935115814208984e-01
8.710482716560363770e-01
8.709172606468200684e-01
8.706994652748107910e-01
8.703927993774414062e-01
8.699933290481567383e-01
8.694957494735717773e-01
8.688935041427612305e-01
8.681786656379699707e-01
8.673424124717712402e-01
8.663753271102905273e-01
8.652676343917846680e-01
8.640100359916687012e-01
8.625942468643188477e-01
8.610138297080993652e-01
8.592651486396789551e-01
8.573483228683471680e-01
8.552670478820800781e-01
8.530293703079223633e-01
8.506472706794738770e-01
8.481350541114807129e-01
8.455083370208740234e-01
8.427817821502685547e-01
8.399673700332641602e-01
8.370730876922607422e-01
8.341019749641418457e-01
8.310524821281433105e-01
8.279191851615905762e-01
8.246955275535583496e-01
8.213775157928466797e-01
8.179680705070495605e-01
8.144832253456115723e-01
8.109580278396606445e-01
8.074511289596557617e-01
8.040468692779541016e-01
8.008514046669006348e-01
7.979843616485595703e-01
7.955656647682189941e-01
7.937039136886596680e-01
7.924873232841491699e-01
7.919798493385314941e-01
7.922216057777404785e-01
7.932290434837341309e-01
7.949962615966796875e-01
7.974953055381774902e-01
8.006792068481445312e-01
8.044855594635009766e-01
8.088420033454895020e-01
8.136709332466125488e-01
8.188916444778442383e-01
8.244199156761169434e-01
8.301658034324645996e-01
8.360317349433898926e-01
8.419128060340881348e-01
8.477019071578979492e-01
8.532984256744384766e-01
8.586190938949584961e-01
8.636072278022766113e-01
8.682382702827453613e-01
8.725178241729736328e-01
8.764749169349670410e-01
8.801521062850952148e-01
8.835947513580322266e-01
8.868436813354492188e-01
8.899305462837219238e-01
8.928775787353515625e-01
8.956984877586364746e-01
8.984011411666870117e-01
9.009895920753479004e-01
9.034653306007385254e-01
9.058288335800170898e-01
9.080794453620910645e-01
9.102171063423156738e-01
9.122427701950073242e-01
9.141595959663391113e-01
9.159737825393676758e-01
9.176946282386779785e-01
9.193337559700012207e-01
9.209046363830566406e-01
9.224202632904052734e-01
9.238915443420410156e-01
9.253260493278503418e-01
9.267273545265197754e-01
9.280942678451538086e-01
9.294223189353942871e-01
9.307041764259338379e-01
9.319310784339904785e-01
9.330949187278747559e-01
9.341886043548583984e-01
9.352075457572937012e-01
9.361497759819030762e-01
9.370159506797790527e-01
9.378089308738708496e-01
9.385338425636291504e-01
9.391971826553344727e-01
9.398064613342285156e-01
9.403696656227111816e-01
9.408954381942749023e-01
9.413924813270568848e-01
9.418696165084838867e-01
9.423360824584960938e-01
9.428016543388366699e-01
9.432762861251831055e-01
9.437711834907531738e-01
9.442979693412780762e-01
9.448693990707397461e-01
9.454976916313171387e-01
9.461933970451354980e-01
9.469615817070007324e-01
9.477983713150024414e-01
9.486876130104064941e-01
9.496008753776550293e-01
9.505019187927246094e-01
9.513540267944335938e-01
9.521262049674987793e-01
9.527948498725891113e-01
9.533436298370361328e-01
9.537615180015563965e-01
9.540407061576843262e-01
9.541772007942199707e-01
9.541697502136230469e-01
9.540200829505920410e-01
9.537338614463806152e-01
9.533201456069946289e-01
9.527915120124816895e-01
9.521644711494445801e-01
9.514588117599487305e-01
9.506971240043640137e-01
9.499033689498901367e-01
9.491020441055297852e-01
9.483167529106140137e-01
9.475689530372619629e-01
9.468771219253540039e-01
9.462569952011108398e-01
9.457211494445800781e-01
9.452807903289794922e-01
9.449463486671447754e-01
9.447296857833862305e-01
9.446449875831604004e-01
9.447106122970581055e-01
9.449456930160522461e-01
9.453644156455993652e-01
9.459638595581054688e-01
9.467109441757202148e-01
9.475404620170593262e-01
9.483714103698730469e-01
9.491330981254577637e-01
9.497795701026916504e-01
9.502860307693481445e-01
9.506310820579528809e-01
9.507808089256286621e-01
9.506797790527343750e-01
9.502527713775634766e-01
9.494278430938720703e-01
9.481823444366455078e-01
9.465991258621215820e-01
9.448804259300231934e-01
9.432767033576965332e-01
9.419746994972229004e-01
9.410386085510253906e-01
9.404331445693969727e-01
9.400793313980102539e-01
9.398967027664184570e-01
9.398214817047119141e-01
9.398089647293090820e-01
9.398304224014282227e-01
9.398678541183471680e-01
9.399107098579406738e-01
9.399529099464416504e-01
9.399909377098083496e-01
9.400229454040527344e-01
9.400480389595031738e-01
9.400652050971984863e-01
9.400737285614013672e-01
9.400725960731506348e-01
9.400602579116821289e-01
9.400344491004943848e-01
9.399921298027038574e-01
9.399288892745971680e-01
9.398388862609863281e-01
9.397141337394714355e-01
9.395445585250854492e-01
9.393171072006225586e-01
9.390153288841247559e-01
9.386197328567504883e-01
9.381067752838134766e-01
9.374505877494812012e-01
9.366233944892883301e-01
9.355979561805725098e-01
9.343515038490295410e-01
9.328690767288208008e-01
9.311489462852478027e-01
9.292057156562805176e-01
9.270724654197692871e-01
9.247995615005493164e-01
9.224494695663452148e-01
