6.266545824473723769e-06
6.544480584125267342e-06
6.917859082022914663e-06
7.416440894303377718e-06
8.067343514994718134e-06
8.881748726707883179e-06
9.841332030191551894e-06
1.089903344109188765e-05
1.199905909743392840e-05
1.310013340116711333e-05
1.418271676811855286e-05
1.524136496300343424e-05
1.627446545171551406e-05
1.727837297949008644e-05
1.824703940656036139e-05
1.917384724947623909e-05
2.005370333790779114e-05
2.088487599394284189e-05
2.166875856346450746e-05
2.240990579593926668e-05
2.311506068508606404e-05
2.379195939283818007e-05
2.444879828544799238e-05
2.509331352484878153e-05
2.573235360614489764e-05
2.637187026266474277e-05
2.701666744542308152e-05
2.767046680673956871e-05
2.833584949257783592e-05
2.901449261116795242e-05
2.970748391817323864e-05
3.041497257072478533e-05
3.113687489531002939e-05
3.187247421010397375e-05
3.262097379774786532e-05
3.338128590257838368e-05
3.415221726754680276e-05
3.493258918751962483e-05
3.572135756257921457e-05
3.651738006738014519e-05
3.731968172360211611e-05
3.812757131527177989e-05
3.894046676578000188e-05
3.975776417064480484e-05
4.057924888911657035e-05
4.140479359193705022e-05
4.223436189931817353e-05
4.306810660636983812e-05
4.390628964756615460e-05
4.474942761589772999e-05
4.559771332424134016e-05
4.645175431505776942e-05
4.731218359665945172e-05
4.817958688363432884e-05
4.905456444248557091e-05
4.993752372683957219e-05
5.082910502096638083e-05
5.173004683456383646e-05
5.264077844913117588e-05
5.356156543712131679e-05
5.449289528769440949e-05
5.543513907468877733e-05
5.638839866151101887e-05
5.735285594710148871e-05
5.832852184539660811e-05
5.931552732363343239e-05
6.031335942680016160e-05
6.132219277787953615e-05
6.234141619643196464e-05
6.337105151033028960e-05
6.441032746806740761e-05
6.545920768985524774e-05
6.651692092418670654e-05
6.758322706446051598e-05
6.865764589747413993e-05
6.974017014726996422e-05
7.083009404595941305e-05
7.192765770014375448e-05
7.303282473003491759e-05
7.414592255372554064e-05
7.526722765760496259e-05
7.639739487785845995e-05
7.753750833217054605e-05
7.868856482673436403e-05
7.985212869243696332e-05
8.103004074655473232e-05
8.222431642934679985e-05
8.343713852809742093e-05
8.467147563351318240e-05
8.593023085268214345e-05
8.721643098397180438e-05
8.853368490235880017e-05
8.988541230792179704e-05
9.127552766585722566e-05
9.270764712709933519e-05
9.418558329343795776e-05
9.571290138410404325e-05
9.729328303365036845e-05
9.892965317703783512e-05
1.006252059596590698e-04
1.023820295813493431e-04
1.042021031025797129e-04
1.060864815372042358e-04
1.080359652405604720e-04
1.100498848245479167e-04
1.121271270676515996e-04
1.142662440543062985e-04
1.164644563687033951e-04
1.187184461741708219e-04
1.210242407978512347e-04
1.233776274602860212e-04
1.257737894775345922e-04
1.282081648241728544e-04
1.306759368162602186e-04
1.331726816715672612e-04
1.356945867883041501e-04
1.382376212859526277e-04
1.407996896887198091e-04
1.433789002476260066e-04
1.459745835745707154e-04
1.485877583036199212e-04
1.512190356152132154e-04
1.538716605864465237e-04
1.565491693327203393e-04
1.592557819094508886e-04
1.619976101210340858e-04
1.647798635531216860e-04
1.676089304964989424e-04
1.704914611764252186e-04
1.734329853206872940e-04
1.764400367392227054e-04
1.795170101104304194e-04
1.826683583203703165e-04
1.858954346971586347e-04
1.892004074761644006e-04
1.925817487062886357e-04
1.960369845619425178e-04
1.995616039494052529e-04
2.031490294029936194e-04
2.067912573693320155e-04
2.104794693877920508e-04
2.142030425602570176e-04
2.179509465349838138e-04
2.217132132500410080e-04
2.254782448289915919e-04
2.292361896252259612e-04
2.329792041564360261e-04
2.366986445849761367e-04
2.403890102868899703e-04
2.440461394144222140e-04
2.476667577866464853e-04
2.512493229005485773e-04
2.547947515267878771e-04
2.583040040917694569e-04
2.617801947053521872e-04
2.652255061548203230e-04
2.686449442990124226e-04
2.720422926358878613e-04
2.754224697127938271e-04
2.787901030387729406e-04
2.821499947458505630e-04
2.855059574358165264e-04
2.888627350330352783e-04
2.922238491009920835e-04
2.955916570499539375e-04
2.989697677548974752e-04
3.023605095222592354e-04
3.057651920244097710e-04
3.091858525294810534e-04
3.126224037259817123e-04
3.160763008054345846e-04
3.195482713636010885e-04
3.230380243621766567e-04
3.265462873969227076e-04
3.300731186755001545e-04
3.336182853672653437e-04
3.371819038875401020e-04
3.407644398976117373e-04
3.443659516051411629e-04
3.479853330645710230e-04
3.516232536640018225e-04
3.552800917532294989e-04
3.589546831790357828e-04
3.626465913839638233e-04
3.663556417450308800e-04
3.700800298247486353e-04
3.738194936886429787e-04
3.775720251724123955e-04
3.813368093688040972e-04
3.851126530207693577e-04
3.888973151333630085e-04
3.926900099031627178e-04
3.964893985539674759e-04
4.002957721240818501e-04
4.041066858917474747e-04
4.079257196281105280e-04
4.117523203603923321e-04
4.155880305916070938e-04
4.194373614154756069e-04
4.233022627886384726e-04
4.271885554771870375e-04
4.311010707169771194e-04
4.350460658315569162e-04
4.390311078168451786e-04
4.430640547070652246e-04
4.471523570828139782e-04
4.513060848694294691e-04
4.555338528007268906e-04
4.598451778292655945e-04
4.642484418582171202e-04
4.687532491516321898e-04
4.733680689241737127e-04
4.781003517564386129e-04
4.829576937481760979e-04
4.879459738731384277e-04
4.930701106786727905e-04
4.983337712474167347e-04
5.037389928475022316e-04
5.092871142551302910e-04
5.149762146174907684e-04
5.208041402511298656e-04
5.267667002044618130e-04
5.328577244654297829e-04
5.390702281147241592e-04
5.453953635878860950e-04
5.518231773748993874e-04
5.583441816270351410e-04
5.649463273584842682e-04
5.716204759664833546e-04
5.783535307273268700e-04
5.851371097378432751e-04
5.919616669416427612e-04
5.988188786432147026e-04
6.057041464373469353e-04
6.126121152192354202e-04
6.195433670654892921e-04
6.264971452765166759e-04
6.334775825962424278e-04
6.404915475286543369e-04
6.475466652773320675e-04
6.546566728502511978e-04
6.618336192332208157e-04
6.690963055007159710e-04
6.764605059288442135e-04
6.839490379206836224e-04
6.915833801031112671e-04
6.993871647864580154e-04
7.073847809806466103e-04
7.156009669415652752e-04
7.240624399855732918e-04
7.327948696911334991e-04
7.418246241286396980e-04
7.511767907999455929e-04
7.608780288137495518e-04
7.709508063271641731e-04
7.814212003722786903e-04
7.923118537291884422e-04
8.036439539864659309e-04
8.154390379786491394e-04
8.277170709334313869e-04
8.404956315644085407e-04
