1.511839567683637142e-03
1.495185424573719501e-03
1.478272373788058758e-03
1.460947911255061626e-03
1.443019136786460876e-03
1.424247166141867638e-03
1.404330017976462841e-03
1.382880262099206448e-03
1.359409769065678120e-03
1.333292457275092602e-03
1.303738448768854141e-03
1.269768807105720043e-03
1.230217632837593555e-03
1.183809014037251472e-03
1.129349926486611366e-03
1.066134544089436531e-03
9.945324854925274849e-04
9.165900992229580879e-04
8.361822692677378654e-04
7.582823163829743862e-04
6.874995306134223938e-04
6.267219432629644871e-04
5.767008406110107899e-04
5.365619435906410217e-04
5.046653677709400654e-04
4.792649997398257256e-04
4.588463634718209505e-04
4.422203928697854280e-04
4.284906026441603899e-04
4.169912426732480526e-04
4.072249284945428371e-04
3.988138923887163401e-04
3.914690751116722822e-04
3.849636414088308811e-04
3.791213675867766142e-04
3.738032537512481213e-04
3.688984434120357037e-04
3.643218369688838720e-04
3.600052732508629560e-04
3.558972093742340803e-04
3.519564343150705099e-04
3.481527382973581553e-04
3.444625181145966053e-04
3.408677293919026852e-04
3.373555373400449753e-04
3.339151444379240274e-04
3.305394493509083986e-04
3.272221947554498911e-04
3.239571233280003071e-04
3.207410336472094059e-04
3.175687161274254322e-04
3.144358634017407894e-04
3.113380516879260540e-04
3.082696057390421629e-04
3.052266838494688272e-04
3.022037271875888109e-04
2.991944493260234594e-04
2.961945137940347195e-04
2.931983617600053549e-04
2.902009582612663507e-04
2.871980832424014807e-04
2.841864188667386770e-04
2.811625890899449587e-04
2.781261573545634747e-04
2.750768617261201143e-04
2.720163611229509115e-04
2.689486136659979820e-04
2.658794692251831293e-04
2.628157672006636858e-04
2.597680431790649891e-04
2.567470946814864874e-04
2.537655818741768599e-04
2.508380857761949301e-04
2.479791291989386082e-04
2.452027401886880398e-04
2.425240090815350413e-04
2.399562217760831118e-04
2.375115873292088509e-04
2.351985895074903965e-04
2.330254064872860909e-04
2.309966803295537829e-04
2.291144774062559009e-04
2.273785066790878773e-04
2.257860905956476927e-04
2.243322960566729307e-04
2.230105019407346845e-04
2.218127920059487224e-04
2.207300713052973151e-04
2.197529538534581661e-04
2.188711805501952767e-04
2.180748269893229008e-04
2.173536777263507247e-04
2.166983467759564519e-04
2.160989679396152496e-04
2.155462279915809631e-04
2.150316140614449978e-04
2.145464386558160186e-04
2.140819706255570054e-04
2.136295224772766232e-04
2.131806395482271910e-04
2.127258194377645850e-04
2.122547739418223500e-04
2.117556869052350521e-04
2.112164802383631468e-04
2.106222091242671013e-04
2.099551347782835364e-04
2.091976057272404432e-04
2.083291328744962811e-04
2.073286450468003750e-04
2.061789418803527951e-04
2.048693277174606919e-04
2.034002245636656880e-04
2.017895603785291314e-04
2.000741224037483335e-04
1.983080146601423621e-04
1.965550472959876060e-04
1.948781718965619802e-04
1.933294552145525813e-04
1.919416245073080063e-04
1.907280238810926676e-04
1.896859612315893173e-04
1.888028491521254182e-04
1.880586787592619658e-04
1.874324807431548834e-04
1.869045954663306475e-04
1.864574587671086192e-04
1.860754127847030759e-04
1.857458846643567085e-04
1.854579604696482420e-04
1.852027926361188293e-04
1.849724794737994671e-04
1.847600797191262245e-04
1.845596998464316130e-04
1.843648205976933241e-04
1.841694465838372707e-04
1.839663746068254113e-04
1.837486488511785865e-04
1.835068542277440429e-04
1.832307752920314670e-04
1.829061075113713741e-04
1.825172512326389551e-04
1.820425823098048568e-04
1.814552815631031990e-04
1.807228254619985819e-04
1.798043085727840662e-04
1.786524662747979164e-04
1.772159448591992259e-04
1.754430268192663789e-04
1.732962700771167874e-04
1.707620103843510151e-04
1.678690168773755431e-04
1.646942691877484322e-04
1.613596832612529397e-04
1.580119715072214603e-04
1.547946594655513763e-04
1.518228236818686128e-04
1.491685397922992706e-04
1.468619739171117544e-04
1.448995462851598859e-04
1.432549470337107778e-04
1.418908505002036691e-04
1.407658564858138561e-04
1.398400781909003854e-04
1.390773104503750801e-04
1.384457718813791871e-04
1.379187160637229681e-04
1.374740095343440771e-04
1.370924146613106132e-04
1.367590884910896420e-04
1.364616909995675087e-04
1.361889735562726855e-04
1.359323505312204361e-04
1.356841094093397260e-04
1.354375999653711915e-04
1.351867686025798321e-04
1.349261146970093250e-04
1.346505450783297420e-04
1.343543990515172482e-04
1.340331073151901364e-04
1.336809364147484303e-04
1.332936080871149898e-04
1.328653306700289249e-04
1.323917240370064974e-04
1.318675931543111801e-04
1.312900712946429849e-04
1.306558842770755291e-04
1.299646391998976469e-04
1.292175293201580644e-04
1.284188620047643781e-04
1.275773101951926947e-04
1.267034385818988085e-04
1.258129050256684422e-04
1.249231136171147227e-04
1.240541896549984813e-04
1.232254871865734458e-04
1.224548614118248224e-04
1.217574099428020418e-04
1.211440758197568357e-04
1.206218075822107494e-04
1.201943377964198589e-04
1.198624377138912678e-04
1.196272060042247176e-04
1.194907381432130933e-04
1.194596334244124591e-04
1.195474978885613382e-04
1.197795863845385611e-04
1.201965278596617281e-04
1.208593312185257673e-04
1.218492907355539501e-04
1.232628710567951202e-04
1.251851062988862395e-04
1.276483671972528100e-04
1.305800396949052811e-04
1.337858993792906404e-04
1.369982055621221662e-04
1.399677421431988478e-04
1.425383670721203089e-04
1.446608512196689844e-04
1.463607914047315717e-04
1.477006589993834496e-04
1.487481058575212955e-04
1.495623437222093344e-04
1.501884253229945898e-04
1.506560074631124735e-04
1.509820285718888044e-04
1.511704467702656984e-04
1.512150047346949577e-04
1.510989823145791888e-04
1.507988781668245792e-04
1.502874220022931695e-04
1.495400938438251615e-04
1.485440006945282221e-04
1.473110605729743838e-04
1.458877522964030504e-04
1.443582586944103241e-04
1.428359391866251826e-04
1.414420985383912921e-04
1.402815978508442640e-04
1.394273276673629880e-04
1.389161479892209172e-04
1.387583324685692787e-04
1.389493991155177355e-04
1.394803839502856135e-04
1.403450296493247151e-04
1.415397855453193188e-04
1.430612610420212150e-04
1.449027331545948982e-04
1.470475108362734318e-04
1.494680909672752023e-04
1.521261292509734631e-04
1.549758744658902287e-04
1.579714444233104587e-04
1.610699109733104706e-04
1.642382121644914150e-04
1.674525556154549122e-04
1.706986950011923909e-04
1.739700965117663145e-04
1.772647956386208534e-04
1.805850188247859478e-04
1.839333999669179320e-04
1.873142173280939460e-04
