3.921744227409362793e-02
3.890183940529823303e-02
3.857453167438507080e-02
3.823481872677803040e-02
3.788200020790100098e-02
3.751530125737190247e-02
3.713377565145492554e-02
3.673632815480232239e-02
3.632153198122978210e-02
3.588749095797538757e-02
3.543145954608917236e-02
3.494935855269432068e-02
3.443458303809165955e-02
3.387663140892982483e-02
3.325811773538589478e-02
3.255065903067588806e-02
3.171011060476303101e-02
3.067553415894508362e-02
2.938620932400226593e-02
2.783836238086223602e-02
2.616577595472335815e-02
2.462824247777462006e-02
2.343740127980709076e-02
2.262300066649913788e-02
2.209468185901641846e-02
2.175745740532875061e-02
2.156147547066211700e-02
2.150275744497776031e-02
2.161330170929431915e-02
2.195166051387786865e-02
2.258525416254997253e-02
2.354929409921169281e-02
2.478662319481372833e-02
2.612441778182983398e-02
2.734532393515110016e-02
2.829940430819988251e-02
2.894267626106739044e-02
2.929427474737167358e-02
2.938198111951351166e-02
2.921586483716964722e-02
2.879004739224910736e-02
2.810190431773662567e-02
2.717703022062778473e-02
2.608392573893070221e-02
2.492257021367549896e-02
2.379080653190612793e-02
2.275237068533897400e-02
2.182810939848423004e-02
2.100978232920169830e-02
2.028034068644046783e-02
1.962845958769321442e-02
1.905262283980846405e-02
1.855695247650146484e-02
1.814473606646060944e-02
1.781423948705196381e-02
1.755825988948345184e-02
1.736608520150184631e-02
1.722595468163490295e-02
1.712676696479320526e-02
1.705901697278022766e-02
1.701495982706546783e-02
1.698864623904228210e-02
1.697551086544990540e-02
1.697208173573017120e-02
1.697587035596370697e-02
1.698500663042068481e-02
1.699811778962612152e-02
1.701421104371547699e-02
1.703261025249958038e-02
1.705282926559448242e-02
1.707455888390541077e-02
1.709762960672378540e-02
1.712197624146938324e-02
1.714767329394817352e-02
1.717484183609485626e-02
1.720374636352062225e-02
1.723469793796539307e-02
1.726819202303886414e-02
1.730476692318916321e-02
1.734516024589538574e-02
1.739027723670005798e-02
1.744120195508003235e-02
1.749927550554275513e-02
1.756612397730350494e-02
1.764368638396263123e-02
1.773438788950443268e-02
1.784105785191059113e-02
1.796713471412658691e-02
1.811666600406169891e-02
1.829445362091064453e-02
1.850597560405731201e-02
1.875742897391319275e-02
1.905551925301551819e-02
1.940712146461009979e-02
1.981855183839797974e-02
2.029471285641193390e-02
2.083755843341350555e-02
2.144456841051578522e-02
2.210714481770992279e-02
2.280967496335506439e-02
2.352985553443431854e-02
2.424050308763980865e-02
2.491265162825584412e-02
2.551869675517082214e-02
2.603480964899063110e-02
2.644223906099796295e-02
2.672716788947582245e-02
2.688019350171089172e-02
2.689542807638645172e-02
2.677017077803611755e-02
2.650509774684906006e-02
2.610496990382671356e-02
2.557957917451858521e-02
2.494488097727298737e-02
2.422291785478591919e-02
2.344074472784996033e-02
2.262786589562892914e-02
2.181280590593814850e-02
2.102001197636127472e-02
2.026775479316711426e-02
1.956743188202381134e-02
1.892417110502719879e-02
1.833803579211235046e-02
1.780555583536624908e-02
1.732104830443859100e-02
1.687776483595371246e-02
1.646866276860237122e-02
1.608697883784770966e-02
1.572659611701965332e-02
1.538212224841117859e-02
1.504906732589006424e-02
1.472383271902799606e-02
1.440369058400392532e-02
1.408672053366899490e-02
1.377176307141780853e-02
1.345839537680149078e-02
1.314685214310884476e-02
1.283791288733482361e-02
1.253282930701971054e-02
1.223314274102449417e-02
1.194064784795045853e-02
1.165712997317314148e-02
1.138430740684270859e-02
1.112367119640111923e-02
1.087639573961496353e-02
1.064334809780120850e-02
1.042498648166656494e-02
1.022140216082334518e-02
1.003238745033740997e-02
9.857420809566974640e-03
9.695753455162048340e-03
9.546477347612380981e-03
9.408581070601940155e-03
9.280978702008724213e-03
9.162559174001216888e-03
9.052252396941184998e-03
8.949003182351589203e-03
8.851825259625911713e-03
8.759798482060432434e-03
8.672033436596393585e-03
8.587738499045372009e-03
8.506162092089653015e-03
8.426632732152938843e-03
8.348516188561916351e-03
8.271249942481517792e-03
8.194313384592533112e-03
8.117268793284893036e-03
8.039734326303005219e-03
7.961388677358627319e-03
7.882011123001575470e-03
7.801484782248735428e-03
7.719782646745443344e-03
7.637018803507089615e-03
7.553447503596544266e-03
7.469500415027141571e-03
7.385735400021076202e-03
7.302912417799234390e-03
7.221904117614030838e-03
7.143719121813774109e-03
7.069453131407499313e-03
7.000251207500696182e-03
6.937209051102399826e-03
6.881365552544593811e-03
6.833624094724655151e-03
6.794780027121305466e-03
6.765445694327354431e-03
6.746181286871433258e-03
6.737428717315196991e-03
6.739678326994180679e-03
6.753479130566120148e-03
6.779514253139495850e-03
6.818582303822040558e-03
6.871583405882120132e-03
6.939318496733903885e-03
7.022304460406303406e-03
7.120441179722547531e-03
7.232736796140670776e-03
7.357117719948291779e-03
7.490518502891063690e-03
7.629203144460916519e-03
7.769272197037935257e-03
7.907288148999214172e-03
8.040821179747581482e-03
8.168737404048442841e-03
8.291406556963920593e-03
8.410528302192687988e-03
8.528837002813816071e-03
8.649368770420551300e-03
8.774210698902606964e-03
8.902708068490028381e-03
9.029644541442394257e-03
9.144905023276805878e-03
9.236237034201622009e-03
9.294272400438785553e-03
9.316040202975273132e-03
9.304911829531192780e-03
9.268062189221382141e-03
9.213909506797790527e-03
9.150536730885505676e-03
9.085192345082759857e-03
9.024236351251602173e-03
8.973463438451290131e-03
8.938694372773170471e-03
8.926536887884140015e-03
8.945577777922153473e-03
9.007748216390609741e-03
9.129579178988933563e-03
9.331883862614631653e-03
9.634484536945819855e-03
1.004371233284473419e-02
1.053841412067413330e-02
1.107129454612731934e-02
1.159125845879316330e-02
1.206586882472038269e-02
1.248449552804231644e-02
1.284821983426809311e-02
1.315941102802753448e-02
1.341709587723016739e-02
1.361651159822940826e-02
1.375056244432926178e-02
1.381175592541694641e-02
1.379402820020914078e-02
1.369481533765792847e-02
1.351714134216308594e-02
1.327142026275396347e-02
1.297569926828145981e-02
1.265378668904304504e-02
1.233127899467945099e-02
1.203130278736352921e-02
1.177140139043331146e-02
1.156279165297746658e-02
1.141145639121532440e-02
1.132014021277427673e-02
1.129022985696792603e-02
1.132284756749868393e-02
1.141908671706914902e-02
1.157950237393379211e-02
1.180311106145381927e-02
1.208646222949028015e-02
1.242305990308523178e-02
1.280360389500856400e-02
