4.442926729097962379e-04
4.561337118502706289e-04
4.711813235189765692e-04
4.902897053398191929e-04
5.141772562637925148e-04
5.430342280305922031e-04
5.761392530985176563e-04
6.118523888289928436e-04
6.482101161964237690e-04
6.837766268290579319e-04
7.180951070040464401e-04
7.515437901020050049e-04
7.848925888538360596e-04
8.189443033188581467e-04
8.543361909687519073e-04
8.914966601878404617e-04
9.306702995672821999e-04
9.719663648866117001e-04
1.015417510643601418e-03
1.061039627529680729e-03
1.108887605369091034e-03
1.159087405540049076e-03
1.211848342791199684e-03
1.267441199161112309e-03
1.326114987023174763e-03
1.387956086546182632e-03
1.452761818654835224e-03
1.519909128546714783e-03
1.588387764059007168e-03
1.656924956478178501e-03
1.724259695038199425e-03
1.789385685697197914e-03
1.851689419709146023e-03
1.910979626700282097e-03
1.967413350939750671e-03
2.021357649937272072e-03
2.073291689157485962e-03
2.123709768056869507e-03
2.173081506043672562e-03
2.221825066953897476e-03
2.270285040140151978e-03
2.318749437108635902e-03
2.367450157180428505e-03
2.416572533547878265e-03
2.466253004968166351e-03
2.516605192795395851e-03
2.567708026617765427e-03
2.619616221636533737e-03
2.672375412657856941e-03
2.726000035181641579e-03
2.780508482828736305e-03
2.835902851074934006e-03
2.892178716138005257e-03
2.949325833469629288e-03
3.007335355505347252e-03
3.066195407882332802e-03
3.125891555100679398e-03
3.186424961313605309e-03
3.247784683480858803e-03
3.309981897473335266e-03
3.373024519532918930e-03
3.436937462538480759e-03
3.501749131828546524e-03
3.567512612789869308e-03
3.634283784776926041e-03
3.702136687934398651e-03
3.771161660552024841e-03
3.841459983959794044e-03
3.913154359906911850e-03
3.986389841884374619e-03
4.061314277350902557e-03
4.138113930821418762e-03
4.216971341520547867e-03
4.298102110624313354e-03
4.381735809147357941e-03
4.468125756829977036e-03
4.557523876428604126e-03
4.650218877941370010e-03
4.746510647237300873e-03
4.846715833991765976e-03
4.951161332428455353e-03
5.060192663222551346e-03
5.174172576516866684e-03
5.293472204357385635e-03
5.418458953499794006e-03
5.549532826989889145e-03
5.687071476131677628e-03
5.831478629261255264e-03
5.983139853924512863e-03
6.142439320683479309e-03
6.309746764600276947e-03
6.485420744866132736e-03
6.669787690043449402e-03
6.863153539597988129e-03
7.065775338560342789e-03
7.277875207364559174e-03
7.499603088945150375e-03
7.731059566140174866e-03
7.972268387675285339e-03
8.223168551921844482e-03
8.483598940074443817e-03
8.753316476941108704e-03
9.031965397298336029e-03
9.319094009697437286e-03
9.614137001335620880e-03
9.916426613926887512e-03
1.022520381957292557e-02
1.053961832076311111e-02
1.085876394063234329e-02
1.118166279047727585e-02
1.150733046233654022e-02
1.183477137237787247e-02
1.216296665370464325e-02
1.249098218977451324e-02
1.281793788075447083e-02
1.314298529177904129e-02
1.346541196107864380e-02
1.378454826772212982e-02
1.409989129751920700e-02
1.441095024347305298e-02
1.471737958490848541e-02
1.501889526844024658e-02
1.531528960913419724e-02
1.560642197728157043e-02
1.589219458401203156e-02
1.617253571748733521e-02
1.644748263061046600e-02
1.671704463660717010e-02
1.698129810392856598e-02
1.724036969244480133e-02
1.749439723789691925e-02
1.774356141686439514e-02
1.798811927437782288e-02
1.822830364108085632e-02
1.846443861722946167e-02
1.869685202836990356e-02
1.892590709030628204e-02
1.915195770561695099e-02
1.937541738152503967e-02
1.959667168557643890e-02
1.981607452034950256e-02
2.003400400280952454e-02
2.025074511766433716e-02
2.046655118465423584e-02
2.068164385855197906e-02
2.089614421129226685e-02
2.111010998487472534e-02
2.132350020110607147e-02
2.153624780476093292e-02
2.174821309745311737e-02
2.195920981466770172e-02
2.216904424130916595e-02
2.237750403583049774e-02
2.258444763720035553e-02
2.278976701200008392e-02
2.299346029758453369e-02
2.319555170834064484e-02
2.339625172317028046e-02
2.359584905207157135e-02
2.379469946026802063e-02
2.399325743317604065e-02
2.419199049472808838e-02
2.439140528440475464e-02
2.459196560084819794e-02
2.479398436844348907e-02
2.499773539602756500e-02
2.520331554114818573e-02
2.541060373187065125e-02
2.561938948929309845e-02
2.582919597625732422e-02
2.603951282799243927e-02
2.624969184398651123e-02
2.645911462604999542e-02
2.666716277599334717e-02
2.687335386872291565e-02
2.707735449075698853e-02
2.727902121841907501e-02
2.747845835983753204e-02
2.767597883939743042e-02
2.787210978567600250e-02
2.806757204234600067e-02
2.826328761875629425e-02
2.846023626625537872e-02
2.865953743457794189e-02
2.886238507926464081e-02
2.906992472708225250e-02
2.928323298692703247e-02
2.950338087975978851e-02
2.973129786550998688e-02
2.996776066720485687e-02
3.021338023245334625e-02
3.046863153576850891e-02
3.073373064398765564e-02
3.100877068936824799e-02
3.129366785287857056e-02
3.158819302916526794e-02
3.189203143119812012e-02
3.220476582646369934e-02
3.252599015831947327e-02
3.285518661141395569e-02
3.319185599684715271e-02
3.353536501526832581e-02
3.388488665223121643e-02
3.423938900232315063e-02
3.459744900465011597e-02
3.495738655328750610e-02
3.531707078218460083e-02
3.567432612180709839e-02
3.602695837616920471e-02
3.637315332889556885e-02
3.671180084347724915e-02
3.704265877604484558e-02
3.736670315265655518e-02
3.768616914749145508e-02
3.800456598401069641e-02
3.832660242915153503e-02
3.865810483694076538e-02
3.900562226772308350e-02
3.937609121203422546e-02
3.977623581886291504e-02
4.021178930997848511e-02
4.068652167916297913e-02
4.120132699608802795e-02
4.175367206335067749e-02
4.233761876821517944e-02
4.294481873512268066e-02
4.356584697961807251e-02
4.419179633259773254e-02
4.481574892997741699e-02
4.543293640017509460e-02
4.604103043675422668e-02
4.663937538862228394e-02
4.722843319177627563e-02
4.780932888388633728e-02
4.838348180055618286e-02
4.895259812474250793e-02
4.951867088675498962e-02
5.008403956890106201e-02
5.065149813890457153e-02
5.122442170977592468e-02
5.180654674768447876e-02
5.240214988589286804e-02
5.301557481288909912e-02
5.365119501948356628e-02
5.431327596306800842e-02
5.500562116503715515e-02
5.573152750730514526e-02
5.649382621049880981e-02
5.729481577873229980e-02
5.813645198941230774e-02
5.902048572897911072e-02
5.994874611496925354e-02
6.092316284775733948e-02
6.194620206952095032e-02
6.302065402269363403e-02
6.414996832609176636e-02
6.533827632665634155e-02
6.659009307622909546e-02
6.791068613529205322e-02
6.930580735206604004e-02
7.078177481889724731e-02
