2.890090108849108219e-04
2.981548313982784748e-04
3.091578255407512188e-04
3.223661042284220457e-04
3.381287970114499331e-04
3.567476233001798391e-04
3.784127475228160620e-04
4.031307180412113667e-04
4.306681221351027489e-04
4.605395952239632607e-04
4.920643987134099007e-04
5.244764033704996109e-04
5.570533103309571743e-04
5.892318440601229668e-04
6.206520483829081059e-04
6.511581013910472393e-04
6.807483150623738766e-04
7.095297332853078842e-04
7.376671419478952885e-04
7.653506472706794739e-04
7.927831029519438744e-04
8.201719610951840878e-04
8.477313094772398472e-04
8.756846073083579540e-04
9.042765013873577118e-04
9.337669471278786659e-04
9.644474484957754612e-04
9.966314537450671196e-04
1.030659768730401993e-03
1.066897180862724781e-03
1.105714589357376099e-03
1.147472532466053963e-03
1.192495343275368214e-03
1.241024117916822433e-03
1.293170847930014133e-03
1.348884194158017635e-03
1.407899311743676662e-03
1.469741691835224628e-03
1.533748465590178967e-03
1.599132316187024117e-03
1.665066229179501534e-03
1.730778953060507774e-03
1.795625896193087101e-03
1.859138021245598793e-03
1.921047805808484554e-03
1.981252338737249374e-03
2.039805054664611816e-03
2.096859505400061607e-03
2.152635483071208000e-03
2.207388868555426598e-03
2.261381130665540695e-03
2.314876299351453781e-03
2.368110464885830879e-03
2.421302953734993935e-03
2.474649110808968544e-03
2.528322394937276840e-03
2.582467161118984222e-03
2.637214027345180511e-03
2.692679408937692642e-03
2.748953644186258316e-03
2.806119387969374657e-03
2.864253707230091095e-03
2.923415042459964752e-03
2.983662765473127365e-03
3.045044373720884323e-03
3.107605967670679092e-03
3.171387594193220139e-03
3.236430697143077850e-03
3.302769036963582039e-03
3.370438469573855400e-03
3.439476480707526207e-03
3.509913338348269463e-03
3.581796307116746902e-03
3.655159845948219299e-03
3.730052383616566658e-03
3.806517226621508598e-03
3.884616540744900703e-03
3.964405041188001633e-03
4.045965149998664856e-03
4.129367414861917496e-03
4.214711487293243408e-03
4.302107729017734528e-03
4.391686059534549713e-03
4.483593627810478210e-03
4.578006453812122345e-03
4.675119183957576752e-03
4.775186534970998764e-03
4.878463223576545715e-03
4.985275212675333023e-03
5.095987580716609955e-03
5.211013834923505783e-03
5.330835003405809402e-03
5.455979611724615097e-03
5.587063264101743698e-03
5.724748130887746811e-03
5.869758315384387970e-03
6.022879388183355331e-03
6.184936501085758209e-03
6.356751080602407455e-03
6.539162248373031616e-03
6.732896436005830765e-03
6.938627921044826508e-03
7.156829815357923508e-03
7.387728430330753326e-03
7.631285581737756729e-03
7.887110114097595215e-03
8.154448121786117554e-03
8.432169444859027863e-03
8.718837052583694458e-03
9.012742899358272552e-03
9.312041103839874268e-03
9.614841081202030182e-03
9.919353760778903961e-03
1.022393442690372467e-02
1.052725873887538910e-02
1.082826592028141022e-02
1.112623605877161026e-02
1.142074540257453918e-02
1.171161606907844543e-02
1.199890207499265671e-02
1.228276453912258148e-02
1.256346981972455978e-02
1.284132059663534164e-02
1.311662141233682632e-02
1.338963583111763000e-02
1.366058643907308578e-02
1.392959896475076675e-02
1.419678982347249985e-02
1.446216646581888199e-02
1.472568698227405548e-02
1.498727779835462570e-02
1.524679455906152725e-02
1.550412923097610474e-02
1.575910672545433044e-02
1.601155102252960205e-02
1.626135781407356262e-02
1.650835387408733368e-02
1.675246842205524445e-02
1.699361577630043030e-02
1.723178289830684662e-02
1.746694371104240417e-02
1.769914478063583374e-02
1.792845688760280609e-02
1.815499365329742432e-02
1.837887056171894073e-02
1.860026642680168152e-02
1.881933771073818207e-02
1.903630048036575317e-02
1.925134472548961639e-02
1.946467719972133636e-02
1.967650279402732849e-02
1.988705247640609741e-02
2.009650319814682007e-02
2.030502632260322571e-02
2.051280438899993896e-02
2.071999572217464447e-02
2.092668600380420685e-02
2.113302238285541534e-02
2.133905142545700073e-02
2.154485695064067841e-02
2.175044827163219452e-02
2.195585705339908600e-02
2.216106094419956207e-02
2.236602269113063812e-02
2.257074229419231415e-02
2.277512848377227783e-02
2.297914773225784302e-02
2.318271063268184662e-02
2.338574081659317017e-02
2.358821034431457520e-02
2.379004284739494324e-02
2.399117685854434967e-02
2.419158257544040680e-02
2.439122460782527924e-02
2.459010109305381775e-02
2.478821761906147003e-02
2.498559840023517609e-02
2.518231794238090515e-02
2.537842653691768646e-02
2.557403594255447388e-02
2.576924860477447510e-02
2.596423029899597168e-02
2.615914121270179749e-02
2.635417133569717407e-02
2.654956467449665070e-02
2.674555964767932892e-02
2.694241702556610107e-02
2.714042365550994873e-02
2.733995020389556885e-02
2.754130214452743530e-02
2.774490602314472198e-02
2.795111387968063354e-02
2.816036529839038849e-02
2.837314270436763763e-02
2.858986333012580872e-02
2.881107293069362640e-02
2.903723530471324921e-02
2.926889248192310333e-02
2.950655482709407806e-02
2.975069917738437653e-02
3.000179305672645569e-02
3.026033751666545868e-02
3.052666410803794861e-02
3.080112487077713013e-02
3.108392283320426941e-02
3.137518465518951416e-02
3.167491033673286438e-02
3.198293223977088928e-02
3.229897096753120422e-02
3.262257203459739685e-02
3.295313194394111633e-02
3.328995034098625183e-02
3.363215178251266479e-02
3.397887572646141052e-02
3.432922810316085815e-02
3.468230366706848145e-02
3.503738343715667725e-02
3.539381176233291626e-02
3.575123474001884460e-02
3.610955178737640381e-02
3.646898642182350159e-02
3.683020547032356262e-02
3.719425573945045471e-02
3.756260499358177185e-02
3.793720901012420654e-02
3.832041099667549133e-02
3.871496021747589111e-02
3.912386298179626465e-02
3.955033794045448303e-02
3.999761864542961121e-02
4.046877101063728333e-02
4.096655920147895813e-02
4.149303212761878967e-02
4.204950109124183655e-02
4.263619333505630493e-02
4.325225576758384705e-02
4.389565810561180115e-02
4.456325992941856384e-02
4.525109380483627319e-02
4.595455154776573181e-02
4.666873812675476074e-02
4.738884419202804565e-02
4.811046272516250610e-02
4.882977530360221863e-02
4.954386875033378601e-02
5.025088787078857422e-02
5.094972997903823853e-02
5.164058506488800049e-02
5.232429131865501404e-02
5.300265550613403320e-02
5.367823690176010132e-02
5.435410514473915100e-02
5.503404513001441956e-02
5.572224035859107971e-02
5.642329156398773193e-02
5.714222043752670288e-02
5.788444355130195618e-02
5.865569412708282471e-02
5.946201458573341370e-02
6.030980870127677917e-02
6.120582669973373413e-02
