9.992535710334777832e-01
9.992363452911376953e-01
9.992146492004394531e-01
9.991871714591979980e-01
9.991523027420043945e-01
9.991087317466735840e-01
9.990558028221130371e-01
9.989941716194152832e-01
9.989257454872131348e-01
9.988538026809692383e-01
9.987816214561462402e-01
9.987113475799560547e-01
9.986438155174255371e-01
9.985785484313964844e-01
9.985141158103942871e-01
9.984494447708129883e-01
9.983832836151123047e-01
9.983149766921997070e-01
9.982441663742065430e-01
9.981703758239746094e-01
9.980937838554382324e-01
9.980144500732421875e-01
9.979321956634521484e-01
9.978470802307128906e-01
9.977589845657348633e-01
9.976679682731628418e-01
9.975737929344177246e-01
9.974765181541442871e-01
9.973763227462768555e-01
9.972731471061706543e-01
9.971674084663391113e-01
9.970594048500061035e-01
9.969494938850402832e-01
9.968380928039550781e-01
9.967256784439086914e-01
9.966127276420593262e-01
9.964995384216308594e-01
9.963864088058471680e-01
9.962735176086425781e-01
9.961611032485961914e-01
9.960492253303527832e-01
9.959379434585571289e-01
9.958272576332092285e-01
9.957171082496643066e-01
9.956073164939880371e-01
9.954978227615356445e-01
9.953882694244384766e-01
9.952789545059204102e-01
9.951693415641784668e-01
9.950596094131469727e-01
9.949492216110229492e-01
9.948384165763854980e-01
9.947269558906555176e-01
9.946146607398986816e-01
9.945014715194702148e-01
9.943872690200805664e-01
9.942719936370849609e-01
9.941554069519042969e-01
9.940376281738281250e-01
9.939184188842773438e-01
9.937977194786071777e-01
9.936754107475280762e-01
9.935514926910400391e-01
9.934257268905639648e-01
9.932981133460998535e-01
9.931683540344238281e-01
9.930365681648254395e-01
9.929023385047912598e-01
9.927655458450317383e-01
9.926262497901916504e-01
9.924840331077575684e-01
9.923386573791503906e-01
9.921899437904357910e-01
9.920376539230346680e-01
9.918815493583679199e-01
9.917212128639221191e-01
9.915564060211181641e-01
9.913868308067321777e-01
9.912119507789611816e-01
9.910314083099365234e-01
9.908447861671447754e-01
9.906516075134277344e-01
9.904512166976928711e-01
9.902433753013610840e-01
9.900272488594055176e-01
9.898023009300231934e-01
9.895678162574768066e-01
9.893231987953186035e-01
9.890676140785217285e-01
9.888002872467041016e-01
9.885205626487731934e-01
9.882274270057678223e-01
9.879200458526611328e-01
9.875976443290710449e-01
9.872593283653259277e-01
9.869041442871093750e-01
9.865313172340393066e-01
9.861401319503784180e-01
9.857298135757446289e-01
9.852999448776245117e-01
9.848496913909912109e-01
9.843792319297790527e-01
9.838882088661193848e-01
9.833768606185913086e-01
9.828456044197082520e-01
9.822953939437866211e-01
9.817271232604980469e-01
9.811422228813171387e-01
9.805425405502319336e-01
9.799300432205200195e-01
9.793072938919067383e-01
9.786763787269592285e-01
9.780403375625610352e-01
9.774016141891479492e-01
9.767629504203796387e-01
9.761266708374023438e-01
9.754952192306518555e-01
9.748702049255371094e-01
9.742535948753356934e-01
9.736461639404296875e-01
9.730489253997802734e-01
9.724622368812561035e-01
9.718859195709228516e-01
9.713200926780700684e-01
9.707639217376708984e-01
9.702171683311462402e-01
9.696788191795349121e-01
9.691482186317443848e-01
9.686248302459716797e-01
9.681078195571899414e-01
9.675967693328857422e-01
9.670912027359008789e-01
9.665907621383666992e-01
9.660951495170593262e-01
9.656043052673339844e-01
9.651181101799011230e-01
9.646366834640502930e-01
9.641597270965576172e-01
9.636875391006469727e-01
9.632198810577392578e-01
9.627570509910583496e-01
9.622986912727355957e-01
9.618448615074157715e-01
9.613954424858093262e-01
9.609504342079162598e-01
9.605096578598022461e-01
9.600727558135986328e-01
9.596398472785949707e-01
9.592104554176330566e-01
9.587846398353576660e-01
9.583621621131896973e-01
9.579427838325500488e-01
9.575261473655700684e-01
9.571121931076049805e-01
9.567005634307861328e-01
9.562911391258239746e-01
9.558833837509155273e-01
9.554769396781921387e-01
9.550716280937194824e-01
9.546668529510498047e-01
9.542621970176696777e-01
9.538572430610656738e-01
9.534518122673034668e-01
9.530451297760009766e-01
9.526373147964477539e-01
9.522280097007751465e-01
9.518171548843383789e-01
9.514047503471374512e-01
9.509910345077514648e-01
9.505761265754699707e-01
9.501605033874511719e-01
9.497447609901428223e-01
9.493293166160583496e-01
9.489147067070007324e-01
9.485015869140625000e-01
9.480903744697570801e-01
9.476814270019531250e-01
9.472751021385192871e-01
9.468714594841003418e-01
9.464703202247619629e-01
9.460715055465698242e-01
9.456743597984313965e-01
9.452782273292541504e-01
9.448820352554321289e-01
9.444848299026489258e-01
9.440849423408508301e-01
9.436810016632080078e-01
9.432713389396667480e-01
9.428543448448181152e-01
9.424281716346740723e-01
9.419910907745361328e-01
9.415413737297058105e-01
9.410774111747741699e-01
9.405979514122009277e-01
9.401017427444458008e-01
9.395880103111267090e-01
9.390563368797302246e-01
9.385065436363220215e-01
9.379391670227050781e-01
9.373548626899719238e-01
9.367551803588867188e-01
9.361416697502136230e-01
9.355162978172302246e-01
9.348813295364379883e-01
9.342391490936279297e-01
9.335917234420776367e-01
9.329410791397094727e-01
9.322889447212219238e-01
9.316360950469970703e-01
9.309831857681274414e-01
9.303299188613891602e-01
9.296752810478210449e-01
9.290177226066589355e-01
9.283548593521118164e-01
9.276840686798095703e-01
9.270020127296447754e-01
9.263052940368652344e-01
9.255903959274291992e-01
9.248538017272949219e-01
9.240920543670654297e-01
9.233021140098571777e-01
9.224818348884582520e-01
9.216291904449462891e-01
9.207430481910705566e-01
9.198229908943176270e-01
9.188694357872009277e-01
9.178835153579711914e-01
9.168668389320373535e-01
9.158216118812561035e-01
9.147503376007080078e-01
9.136553406715393066e-01
9.125393033027648926e-01
9.114043116569519043e-01
9.102518558502197266e-01
9.090830087661743164e-01
9.078983664512634277e-01
9.066978693008422852e-01
9.054809212684631348e-01
9.042468070983886719e-01
9.029942750930786133e-01
9.017223715782165527e-01
9.004301428794860840e-01
8.991166353225708008e-01
8.977811932563781738e-01
8.964231610298156738e-01
8.950416445732116699e-01
8.936357498168945312e-01
8.922038674354553223e-01
8.907438516616821289e-01
8.892527222633361816e-01
8.877264261245727539e-01
8.861600160598754883e-01
8.845477104187011719e-01
8.828822970390319824e-01
8.811558485031127930e-01
8.793594241142272949e-01
8.774833083152770996e-01
8.755169510841369629e-01
8.734490275382995605e-01
8.712676763534545898e-01
8.689602613449096680e-01
