7.405013591051101685e-02
7.495284825563430786e-02
7.585903257131576538e-02
7.676794379949569702e-02
7.767861336469650269e-02
7.859022170305252075e-02
7.950187474489212036e-02
8.041261881589889526e-02
8.132159709930419922e-02
8.222783356904983521e-02
8.313038945198059082e-02
8.402848243713378906e-02
8.492098748683929443e-02
8.580707758665084839e-02
8.668582886457443237e-02
8.755639195442199707e-02
8.841782063245773315e-02
8.926922082901000977e-02
9.010980278253555298e-02
9.093875437974929810e-02
9.175509214401245117e-02
9.255829453468322754e-02
9.334749728441238403e-02
9.412202984094619751e-02
9.488119184970855713e-02
9.562438726425170898e-02
9.635111689567565918e-02
9.706065803766250610e-02
9.775274246931076050e-02
9.842678904533386230e-02
9.908253699541091919e-02
9.971949458122253418e-02
1.003374978899955750e-01
1.009363532066345215e-01
1.015158817172050476e-01
1.020759716629981995e-01
1.026165783405303955e-01
1.031377986073493958e-01
1.036395877599716187e-01
1.041221544146537781e-01
1.045857220888137817e-01
1.050304621458053589e-01
1.054568141698837280e-01
1.058650240302085876e-01
1.062555536627769470e-01
1.066288203001022339e-01
1.069854646921157837e-01
1.073259338736534119e-01
1.076508611440658569e-01
1.079608798027038574e-01
1.082567423582077026e-01
1.085390821099281311e-01
1.088086366653442383e-01
1.090661808848381042e-01
1.093124747276306152e-01
1.095483377575874329e-01
1.097746118903160095e-01
1.099919900298118591e-01
1.102013513445854187e-01
1.104034557938575745e-01
1.105990707874298096e-01
1.107890605926513672e-01
1.109740957617759705e-01
1.111548691987991333e-01
1.113322228193283081e-01
1.115067154169082642e-01
1.116789281368255615e-01
1.118495613336563110e-01
1.120190918445587158e-01
1.121880337595939636e-01
1.123568341135978699e-01
1.125259399414062500e-01
1.126956269145011902e-01
1.128662899136543274e-01
1.130381226539611816e-01
1.132113561034202576e-01
1.133860424160957336e-01
1.135624796152114868e-01
1.137405931949615479e-01
1.139204129576683044e-01
1.141019836068153381e-01
1.142851635813713074e-01
1.144698858261108398e-01
1.146560385823249817e-01
1.148434728384017944e-01
1.150319725275039673e-01
1.152213960886001587e-01
1.154114603996276855e-01
1.156020238995552063e-01
1.157927662134170532e-01
1.159835010766983032e-01
1.161739677190780640e-01
1.163639202713966370e-01
1.165531650185585022e-01
1.167414486408233643e-01
1.169285848736763000e-01
1.171143129467964172e-01
1.172985434532165527e-01
1.174810007214546204e-01
1.176616325974464417e-01
1.178402081131935120e-01
1.180166974663734436e-01
1.181909292936325073e-01
1.183629259467124939e-01
1.185325831174850464e-01
1.186998784542083740e-01
1.188647672533988953e-01
1.190273016691207886e-01
1.191875413060188293e-01
1.193454563617706299e-01
1.195011213421821594e-01
1.196546703577041626e-01
1.198061779141426086e-01
1.199557036161422729e-01
1.201034486293792725e-01
1.202495172619819641e-01
1.203940138220787048e-01
1.205371469259262085e-01
1.206791028380393982e-01
1.208199709653854370e-01
1.209600418806076050e-01
1.210994347929954529e-01
1.212383583188056946e-01
1.213770136237144470e-01
1.215155869722366333e-01
1.216543167829513550e-01
1.217934265732765198e-01
1.219330877065658569e-01
1.220734789967536926e-01
1.222149133682250977e-01
1.223575547337532043e-01
1.225016191601753235e-01
1.226472929120063782e-01
1.227948889136314392e-01
1.229445338249206543e-01
1.230964586138725281e-01
1.232509240508079529e-01
1.234081387519836426e-01
1.235682591795921326e-01
1.237315610051155090e-01
1.238982602953910828e-01
1.240685209631919861e-01
1.242426037788391113e-01
1.244207620620727539e-01
1.246030926704406738e-01
1.247898861765861511e-01
1.249814033508300781e-01
1.251778155565261841e-01
1.253792941570281982e-01
1.255861073732376099e-01
