6.378136575222015381e-02
6.466860324144363403e-02
6.556642800569534302e-02
6.647401303052902222e-02
6.739044934511184692e-02
6.831493973731994629e-02
6.924650073051452637e-02
7.018423080444335938e-02
7.112723588943481445e-02
7.207445800304412842e-02
7.302507758140563965e-02
7.397796958684921265e-02
7.493223994970321655e-02
7.588690519332885742e-02
7.684101164340972900e-02
7.779355347156524658e-02
7.874351739883422852e-02
7.969002425670623779e-02
8.063206821680068970e-02
8.156870305538177490e-02
8.249899744987487793e-02
8.342203497886657715e-02
8.433697372674942017e-02
8.524286746978759766e-02
8.613890409469604492e-02
8.702424913644790649e-02
8.789812773466110229e-02
8.875970542430877686e-02
8.960831910371780396e-02
9.044327586889266968e-02
9.126387536525726318e-02
9.206944704055786133e-02
9.285945445299148560e-02
9.363336116075515747e-02
9.439057856798171997e-02
9.513068944215774536e-02
9.585323184728622437e-02
9.655787795782089233e-02
9.724435210227966309e-02
9.791217744350433350e-02
9.856132417917251587e-02
9.919145703315734863e-02
9.980248659849166870e-02
1.003943309187889099e-01
1.009669303894042969e-01
1.015202254056930542e-01
1.020544096827507019e-01
1.025694087147712708e-01
1.030655279755592346e-01
1.035428717732429504e-01
1.040016785264015198e-01
1.044422611594200134e-01
1.048649623990058899e-01
1.052701026201248169e-01
1.056581512093544006e-01
1.060295999050140381e-01
1.063847616314888000e-01
1.067243441939353943e-01
1.070488691329956055e-01
1.073589250445365906e-01
1.076550707221031189e-01
1.079381108283996582e-01
1.082085222005844116e-01
1.084672063589096069e-01
1.087146401405334473e-01
1.089517772197723389e-01
1.091793105006217957e-01
1.093978881835937500e-01
1.096083521842956543e-01
1.098114252090454102e-01
1.100078970193862915e-01
1.101984307169914246e-01
1.103838309645652771e-01
1.105648353695869446e-01
1.107420921325683594e-01
1.109162643551826477e-01
1.110880598425865173e-01
1.112580969929695129e-01
1.114270016551017761e-01
1.115952059626579285e-01
1.117633432149887085e-01
1.119318604469299316e-01
1.121011376380920410e-01
1.122715920209884644e-01
1.124436110258102417e-01
1.126173436641693115e-01
1.127931401133537292e-01
1.129711270332336426e-01
1.131514459848403931e-01
1.133341416716575623e-01
1.135193035006523132e-01
1.137068122625350952e-01
1.138966456055641174e-01
1.140886992216110229e-01
1.142827495932579041e-01
1.144786849617958069e-01
1.146762222051620483e-01
1.148750633001327515e-01
1.150749921798706055e-01
1.152756065130233765e-01
1.154766380786895752e-01
1.156776994466781616e-01
1.158784776926040649e-01
1.160786077380180359e-01
1.162777096033096313e-01
1.164754927158355713e-01
1.166715770959854126e-01
1.168656796216964722e-01
1.170575246214866638e-01
1.172468513250350952e-01
1.174333989620208740e-01
1.176169812679290771e-01
1.177974641323089600e-01
1.179746836423873901e-01
1.181485801935195923e-01
1.183190941810607910e-01
1.184861883521080017e-01
1.186499744653701782e-01
1.188104525208473206e-01
1.189678385853767395e-01
1.191222220659255981e-01
1.192738488316535950e-01
1.194229498505592346e-01
1.195697784423828125e-01
1.197146698832511902e-01
1.198579967021942139e-01
1.200001016259193420e-01
1.201414167881011963e-01
1.202823966741561890e-01
1.204234510660171509e-01
1.205651015043258667e-01
1.207078322768211365e-01
1.208522245287895203e-01
1.209987029433250427e-01
1.211479827761650085e-01
1.213004067540168762e-01
1.214567273855209351e-01
1.216174587607383728e-01
1.217831596732139587e-01
1.219544708728790283e-01
1.221319437026977539e-01
1.223161518573760986e-01
1.225077435374259949e-01
1.227072328329086304e-01
1.229153349995613098e-01
1.231324821710586548e-01
1.233593001961708069e-01
1.235964223742485046e-01
1.238443776965141296e-01
1.241037622094154358e-01
