8.623527288436889648e-01
8.605051636695861816e-01
8.586477637290954590e-01
8.567818403244018555e-01
8.549088835716247559e-01
8.530307412147521973e-01
8.511490225791931152e-01
8.492651581764221191e-01
8.473808765411376953e-01
8.454980254173278809e-01
8.436180353164672852e-01
8.417428135871887207e-01
8.398739695549011230e-01
8.380132317543029785e-01
8.361622691154479980e-01
8.343226909637451172e-01
8.324962854385375977e-01
8.306846022605895996e-01
8.288893699645996094e-01
8.271120786666870117e-01
8.253543972969055176e-01
8.236177563667297363e-01
8.219037055969238281e-01
8.202135562896728516e-01
8.185489177703857422e-01
8.169110417366027832e-01
8.153011202812194824e-01
8.137204051017761230e-01
8.121702075004577637e-01
8.106514215469360352e-01
8.091651797294616699e-01
8.077122569084167480e-01
8.062937855720520020e-01
8.049102425575256348e-01
8.035625219345092773e-01
8.022512197494506836e-01
8.009766936302185059e-01
7.997394800186157227e-01
7.985398769378662109e-01
7.973782420158386230e-01
7.962545156478881836e-01
7.951686382293701172e-01
7.941208481788635254e-01
7.931106686592102051e-01
7.921380400657653809e-01
7.912024259567260742e-01
7.903033494949340820e-01
7.894403338432312012e-01
7.886126041412353516e-01
7.878193855285644531e-01
7.870597243309020996e-01
7.863328456878662109e-01
7.856374979019165039e-01
7.849726080894470215e-01
7.843369841575622559e-01
7.837293744087219238e-01
7.831482887268066406e-01
7.825922369956970215e-01
7.820600271224975586e-01
7.815499901771545410e-01
7.810604572296142578e-01
7.805900573730468750e-01
7.801372408866882324e-01
7.797002792358398438e-01
7.792775630950927734e-01
7.788676619529724121e-01
7.784689068794250488e-01
7.780798673629760742e-01
7.776990532875061035e-01
7.773250937461853027e-01
7.769566774368286133e-01
7.765925526618957520e-01
7.762314677238464355e-01
7.758724689483642578e-01
7.755144238471984863e-01
7.751566171646118164e-01
7.747983336448669434e-01
7.744385600090026855e-01
7.740771174430847168e-01
7.737134099006652832e-01
7.733471393585205078e-01
7.729780077934265137e-01
7.726059556007385254e-01
7.722309827804565430e-01
7.718530893325805664e-01
7.714724540710449219e-01
7.710893154144287109e-01
7.707037925720214844e-01
7.703164815902709961e-01
7.699275612831115723e-01
7.695375680923461914e-01
7.691468596458435059e-01
7.687560319900512695e-01
7.683654427528381348e-01
7.679756283760070801e-01
7.675870656967163086e-01
7.672001719474792480e-01
7.668154239654541016e-01
7.664331793785095215e-01
7.660537958145141602e-01
7.656777501106262207e-01
7.653051614761352539e-01
7.649364471435546875e-01
7.645716667175292969e-01
7.642111182212829590e-01
7.638548612594604492e-01
7.635030746459960938e-01
7.631555199623107910e-01
7.628125548362731934e-01
7.624739408493041992e-01
7.621396183967590332e-01
7.618094682693481445e-01
7.614834308624267578e-01
7.611611485481262207e-01
7.608426213264465332e-01
7.605274319648742676e-01
7.602155208587646484e-01
7.599064707756042480e-01
7.596000432968139648e-01
7.592958807945251465e-01
7.589938044548034668e-01
7.586933970451354980e-01
7.583943009376525879e-01
7.580963373184204102e-01
7.577989697456359863e-01
7.575019598007202148e-01
7.572050094604492188e-01
7.569077610969543457e-01
7.566097974777221680e-01
7.563108801841735840e-01
7.560106515884399414e-01
7.557088136672973633e-01
7.554048895835876465e-01
7.550988197326660156e-01
7.547900676727294922e-01
7.544785737991333008e-01
7.541638016700744629e-01
7.538456320762634277e-01
7.535235881805419922e-01
7.531976699829101562e-01
7.528674006462097168e-01
7.525325417518615723e-01
7.521928548812866211e-01
7.518481612205505371e-01
7.514981031417846680e-01
7.511423826217651367e-01
7.507809996604919434e-01
7.504134774208068848e-01
7.500397562980651855e-01
7.496595382690429688e-01
