1.459600180387496948e-01
1.459486782550811768e-01
1.459369361400604248e-01
1.459245681762695312e-01
1.459117084741592407e-01
1.458982676267623901e-01
1.458842009305953979e-01
1.458695381879806519e-01
1.458540558815002441e-01
1.458378136157989502e-01
1.458206325769424438e-01
1.458025872707366943e-01
1.457834690809249878e-01
1.457631736993789673e-01
1.457416266202926636e-01
1.457186490297317505e-01
1.456940621137619019e-01
1.456677168607711792e-01
1.456393450498580933e-01
1.456086486577987671e-01
1.455754488706588745e-01
1.455392092466354370e-01
1.454996615648269653e-01
1.454562544822692871e-01
1.454083621501922607e-01
1.453553587198257446e-01
1.452964246273040771e-01
1.452305465936660767e-01
1.451565623283386230e-01
1.450732499361038208e-01
1.449787765741348267e-01
1.448712348937988281e-01
1.447482556104660034e-01
1.446069628000259399e-01
1.444438397884368896e-01
1.442546397447586060e-01
1.440342366695404053e-01
1.437763124704360962e-01
1.434730291366577148e-01
1.431149244308471680e-01
1.426904052495956421e-01
1.421850174665451050e-01
1.415811777114868164e-01
1.408573985099792480e-01
1.399874836206436157e-01
1.389399468898773193e-01
1.376773864030838013e-01
1.361563801765441895e-01
1.343281865119934082e-01
1.321406960487365723e-01
1.295427232980728149e-01
1.264906078577041626e-01
1.229585781693458557e-01
1.189505234360694885e-01
1.145120263099670410e-01
1.097367703914642334e-01
1.047628596425056458e-01
9.975614398717880249e-02
9.488279372453689575e-02
9.028193354606628418e-02
8.604638278484344482e-02
8.221938461065292358e-02
7.880493998527526855e-02
7.578448951244354248e-02
7.313238084316253662e-02
7.082566618919372559e-02
6.884681433439254761e-02
6.718220561742782593e-02
6.581845879554748535e-02
6.473951786756515503e-02
6.392499059438705444e-02
6.335061788558959961e-02
6.298932433128356934e-02
6.281290948390960693e-02
6.279356032609939575e-02
6.290486454963684082e-02
6.312274932861328125e-02
6.342543661594390869e-02
6.379406154155731201e-02
6.421220302581787109e-02
6.466595828533172607e-02
6.514364480972290039e-02
6.563562154769897461e-02
6.613410264253616333e-02
6.663281470537185669e-02
6.712687015533447266e-02
6.761246174573898315e-02
6.808677315711975098e-02
6.854762881994247437e-02
6.899342685937881470e-02
6.942280381917953491e-02
6.983458250761032104e-02
7.022735476493835449e-02
7.059939950704574585e-02
7.094819098711013794e-02
7.127007097005844116e-02
7.155966758728027344e-02
7.180911302566528320e-02
7.200706005096435547e-02
7.213740050792694092e-02
7.217760384082794189e-02
7.209658622741699219e-02
7.185284048318862915e-02
7.139327377080917358e-02
7.065372169017791748e-02
6.956504285335540771e-02
6.806673109531402588e-02
6.613107025623321533e-02
6.379443407058715820e-02
6.118346378207206726e-02
5.851483345031738281e-02
5.605747178196907043e-02
5.406951904296875000e-02
5.274497345089912415e-02
5.219586566090583801e-02
5.246622487902641296e-02
5.355321988463401794e-02
5.541380122303962708e-02
5.795050412416458130e-02
6.098188087344169617e-02
6.420412659645080566e-02
6.712017208337783813e-02
6.890005618333816528e-02
6.829475611448287964e-02
6.418429315090179443e-02
5.709047615528106689e-02
4.959210380911827087e-02
4.402908682823181152e-02
4.087890684604644775e-02
3.946423903107643127e-02
3.899102285504341125e-02
3.888991475105285645e-02
3.858271986246109009e-02
3.851553425192832947e-02
3.971081227064132690e-02
4.348511248826980591e-02
5.061310529708862305e-02
5.961803719401359558e-02
6.661467999219894409e-02
6.899297237396240234e-02
6.740264594554901123e-02
6.375435739755630493e-02
5.958940088748931885e-02
5.583246424794197083e-02
5.293164029717445374e-02
5.100132524967193604e-02
4.994316026568412781e-02
4.955184459686279297e-02
4.960059747099876404e-02
4.989860206842422485e-02
5.031650140881538391e-02
5.078511312603950500e-02
5.128025636076927185e-02
5.180460214614868164e-02
5.237290263175964355e-02
5.300287902355194092e-02
5.371048301458358765e-02
5.450832471251487732e-02
5.540590360760688782e-02
5.641045793890953064e-02
5.752804502844810486e-02
5.876434221863746643e-02
6.012511625885963440e-02
6.161652505397796631e-02
6.324471533298492432e-02
6.501545757055282593e-02
6.693338602781295776e-02
6.900066882371902466e-02
7.121614366769790649e-02
7.357395440340042114e-02
7.606244832277297974e-02
7.866318523883819580e-02
8.135098963975906372e-02
8.409380912780761719e-02
8.685385435819625854e-02
8.958880603313446045e-02
9.225378930568695068e-02
9.480286389589309692e-02
9.719134867191314697e-02
9.937702864408493042e-02
1.013217866420745850e-01
1.029928624629974365e-01
1.043640747666358948e-01
1.054171472787857056e-01
1.061433479189872742e-01
1.065450534224510193e-01
1.066372990608215332e-01
1.064489483833312988e-01
1.060229092836380005e-01
1.054154485464096069e-01
1.046937629580497742e-01
1.039328873157501221e-01
1.032114103436470032e-01
1.026073619723320007e-01
1.021942943334579468e-01
1.020387411117553711e-01
1.021984964609146118e-01
1.027226001024246216e-01
1.036519631743431091e-01
1.050205901265144348e-01
1.068572700023651123e-01
1.091866567730903625e-01
1.120304390788078308e-01
1.154078096151351929e-01
1.193355545401573181e-01
1.238282620906829834e-01
1.288980245590209961e-01
1.345549374818801880e-01
1.408073753118515015e-01
1.476625204086303711e-01
1.551264524459838867e-01
1.632019281387329102e-01
1.718841642141342163e-01
1.811517775058746338e-01
1.909553110599517822e-01
2.012046128511428833e-01
2.117608934640884399e-01
2.224376052618026733e-01
2.330166250467300415e-01
2.432728707790374756e-01
2.530066072940826416e-01
2.620702683925628662e-01
2.703845798969268799e-01
2.779414057731628418e-01
2.847967445850372314e-01
2.910568714141845703e-01
2.968636453151702881e-01
3.023833036422729492e-01
3.077966272830963135e-01
3.132940530776977539e-01
3.190720379352569580e-01
3.253313004970550537e-01
3.322730660438537598e-01
3.400930166244506836e-01
3.489693105220794678e-01
3.590433299541473389e-01
3.703900575637817383e-01
3.829816579818725586e-01
3.966490328311920166e-01
4.110547602176666260e-01
4.256942272186279297e-01
4.399398565292358398e-01
4.531233310699462891e-01
4.646410048007965088e-01
4.740413427352905273e-01
4.810733199119567871e-01
4.856862127780914307e-01
4.879989326000213623e-01
4.882591068744659424e-01
4.868126809597015381e-01
4.840834140777587891e-01
4.805530011653900146e-01
4.767288267612457275e-01
4.730960428714752197e-01
4.700658917427062988e-01
4.679382741451263428e-01
4.668911397457122803e-01
4.669943451881408691e-01
4.682366847991943359e-01
4.705547690391540527e-01
4.738560914993286133e-01
