1.274183094501495361e-01
1.268314570188522339e-01
1.261756569147109985e-01
1.254410743713378906e-01
1.246162727475166321e-01
1.236879229545593262e-01
1.226409822702407837e-01
1.214582175016403198e-01
1.201203539967536926e-01
1.186064854264259338e-01
1.168941035866737366e-01
1.149604022502899170e-01
1.127835065126419067e-01
1.103444695472717285e-01
1.076299771666526794e-01
1.046351641416549683e-01
1.013669669628143311e-01
9.784586727619171143e-02
9.410743415355682373e-02
9.020049124956130981e-02
8.618389815092086792e-02
8.212125301361083984e-02
7.807552814483642578e-02
7.410402595996856689e-02
7.025613635778427124e-02
6.657238304615020752e-02
6.308506429195404053e-02
5.981908366084098816e-02
5.679265782237052917e-02
5.401720851659774780e-02
5.149731785058975220e-02
4.923071712255477905e-02
4.720847308635711670e-02
4.541593790054321289e-02
4.383387044072151184e-02
4.243979603052139282e-02
4.120949283242225647e-02
4.011832550168037415e-02
3.914239257574081421e-02
3.825940191745758057e-02
3.744925931096076965e-02
3.669450432062149048e-02
3.598039597272872925e-02
3.529500588774681091e-02
3.462905809283256531e-02
3.397580981254577637e-02
3.333080932497978210e-02
3.269164636731147766e-02
3.205759078264236450e-02
3.142929449677467346e-02
3.080842271447181702e-02
3.019731305539608002e-02
2.959874086081981659e-02
2.901551127433776855e-02
2.845040336251258850e-02
2.790589630603790283e-02
2.738413214683532715e-02
2.688682824373245239e-02
2.641537599265575409e-02
2.597076818346977234e-02
2.555379271507263184e-02
2.516500465571880341e-02
2.480487711727619171e-02
2.447384223341941833e-02
2.417245134711265564e-02
2.390133030712604523e-02
2.366133779287338257e-02
2.345353737473487854e-02
2.327926270663738251e-02
2.314014360308647156e-02
2.303811162710189819e-02
2.297541126608848572e-02
2.295455336570739746e-02
2.297839336097240448e-02
2.304999530315399170e-02
2.317264676094055176e-02
2.334983460605144501e-02
2.358512580394744873e-02
2.388213016092777252e-02
2.424436062574386597e-02
2.467516995966434479e-02
2.517748996615409851e-02
2.575381100177764893e-02
2.640593238174915314e-02
2.713479660451412201e-02
2.794021740555763245e-02
2.882087416946887970e-02
2.977403812110424042e-02
3.079539723694324493e-02
3.187907114624977112e-02
3.301756083965301514e-02
3.420172259211540222e-02
3.542087599635124207e-02
3.666304051876068115e-02
3.791503235697746277e-02
3.916281461715698242e-02
4.039188846945762634e-02
4.158757627010345459e-02
4.273549094796180725e-02
4.382187128067016602e-02
4.483396559953689575e-02
4.576031863689422607e-02
4.659092798829078674e-02
4.731734469532966614e-02
4.793259501457214355e-02
4.843103513121604919e-02
4.880790412425994873e-02
4.905904084444046021e-02
4.918016493320465088e-02
4.916627705097198486e-02
4.901076108217239380e-02
4.870472848415374756e-02
4.823614656925201416e-02
4.758927598595619202e-02
4.674516245722770691e-02
4.568338394165039062e-02
4.438696429133415222e-02
4.285068437457084656e-02
4.109277948737144470e-02
3.916698694229125977e-02
3.716698288917541504e-02
3.521777316927909851e-02
3.345357626676559448e-02
3.199450299143791199e-02
3.094128146767616272e-02
3.040106408298015594e-02
3.052130714058876038e-02
3.143933787941932678e-02
3.306102380156517029e-02
3.484883531928062439e-02
3.599588200449943542e-02
3.633560612797737122e-02
3.791996091604232788e-02
4.189081490039825439e-02
5.007144063711166382e-02
6.384164094924926758e-02
8.023504167795181274e-02
9.485214203596115112e-02
1.086843684315681458e-01
1.241120174527168274e-01
1.412921845912933350e-01
1.591374576091766357e-01
1.767225116491317749e-01
1.936020553112030029e-01
2.096610218286514282e-01
2.250119596719741821e-01
2.399142086505889893e-01
2.546635866165161133e-01
2.694907486438751221e-01
2.845090329647064209e-01
2.997130751609802246e-01
3.150161206722259521e-01
3.303021788597106934e-01
3.454721868038177490e-01
3.604690432548522949e-01
3.752823472023010254e-01
3.899344205856323242e-01
4.044608175754547119e-01
4.188922941684722900e-01
4.332445263862609863e-01
4.475165903568267822e-01
4.616922736167907715e-01
4.757463037967681885e-01
4.896479845046997070e-01
5.033653974533081055e-01
5.168690681457519531e-01
5.301342010498046875e-01
5.431427955627441406e-01
5.558847188949584961e-01
5.683579444885253906e-01
5.805677175521850586e-01
5.925257205963134766e-01
6.042482256889343262e-01
6.157541275024414062e-01
6.270645260810852051e-01
6.382004022598266602e-01
6.491814851760864258e-01
6.600250601768493652e-01
6.707453131675720215e-01
6.813511848449707031e-01
6.918461918830871582e-01
7.022266387939453125e-01
7.124805450439453125e-01
7.225868105888366699e-01
7.325144410133361816e-01
7.422230839729309082e-01
7.516642808914184570e-01
7.607840299606323242e-01
7.695263028144836426e-01
7.778373360633850098e-01
7.856693863868713379e-01
7.929847836494445801e-01
7.997583746910095215e-01
8.059787154197692871e-01
8.116477131843566895e-01
8.167794942855834961e-01
8.213977813720703125e-01
8.255340456962585449e-01
8.292238712310791016e-01
8.325056433677673340e-01
8.354184031486511230e-01
8.379999995231628418e-01
8.402866125106811523e-01
8.423116803169250488e-01
8.441057205200195312e-01
8.456965684890747070e-01
8.471086025238037109e-01
8.483637571334838867e-01
8.494812846183776855e-01
8.504779934883117676e-01
8.513686060905456543e-01
8.521661162376403809e-01
8.528814911842346191e-01
8.535248041152954102e-01
8.541042804718017578e-01
8.546273708343505859e-01
8.551006913185119629e-01
8.555296659469604492e-01
8.559193611145019531e-01
8.562740087509155273e-01
8.565974831581115723e-01
8.568930029869079590e-01
8.571634888648986816e-01
8.574113845825195312e-01
8.576392531394958496e-01
8.578488826751708984e-01
8.580420017242431641e-01
8.582203388214111328e-01
8.583852052688598633e-01
8.585377931594848633e-01
8.586792945861816406e-01
8.588107228279113770e-01
8.589328527450561523e-01
8.590465784072875977e-01
8.591526150703430176e-01
8.592514395713806152e-01
8.593437671661376953e-01
8.594301342964172363e-01
8.595110774040222168e-01
8.595868349075317383e-01
8.596580028533935547e-01
8.597247004508972168e-01
8.597873449325561523e-01
8.598462939262390137e-01
8.599018454551696777e-01
8.599541187286376953e-01
8.600033521652221680e-01
8.600498437881469727e-01
8.600937724113464355e-01
8.601351380348205566e-01
8.601742982864379883e-01
8.602112531661987305e-01
8.602462410926818848e-01
8.602794408798217773e-01
8.603107333183288574e-01
8.603404760360717773e-01
8.603686690330505371e-01
8.603953719139099121e-01
8.604207038879394531e-01
8.604447245597839355e-01
8.604674935340881348e-01
