1.222996339201927185e-01
1.222992762923240662e-01
1.222988739609718323e-01
1.222984790802001953e-01
1.222980320453643799e-01
1.222975477576255798e-01
1.222970634698867798e-01
1.222964674234390259e-01
1.222958639264106750e-01
1.222952678799629211e-01
1.222945526242256165e-01
1.222938001155853271e-01
1.222929581999778748e-01
1.222920566797256470e-01
1.222911328077316284e-01
1.222900450229644775e-01
1.222888901829719543e-01
1.222875937819480896e-01
1.222861781716346741e-01
1.222846582531929016e-01
1.222829595208168030e-01
1.222810596227645874e-01
1.222789809107780457e-01
1.222766414284706116e-01
1.222740486264228821e-01
1.222711652517318726e-01
1.222678571939468384e-01
1.222642064094543457e-01
1.222600713372230530e-01
1.222553104162216187e-01
1.222499534487724304e-01
1.222437992691993713e-01
1.222366988658905029e-01
1.222284808754920959e-01
1.222188919782638550e-01
1.222076416015625000e-01
1.221943795680999756e-01
1.221785619854927063e-01
1.221596002578735352e-01
1.221365928649902344e-01
1.221083775162696838e-01
1.220733746886253357e-01
1.220294088125228882e-01
1.219734251499176025e-01
1.219009608030319214e-01
1.218058317899703979e-01
1.216791719198226929e-01
1.215085461735725403e-01
1.212775334715843201e-01
1.209667399525642395e-01
1.205594688653945923e-01
1.200549453496932983e-01
1.194875314831733704e-01
1.189330965280532837e-01
1.184791848063468933e-01
1.181748658418655396e-01
1.180146262049674988e-01
1.179713681340217590e-01
1.180373951792716980e-01
1.182098537683486938e-01
1.181421503424644470e-01
1.170508414506912231e-01
1.172517389059066772e-01
1.177088394761085510e-01
1.188882067799568176e-01
1.201189234852790833e-01
1.209974214434623718e-01
1.218488812446594238e-01
1.229426637291908264e-01
1.244006156921386719e-01
1.262491494417190552e-01
1.284976601600646973e-01
1.311811655759811401e-01
1.343151032924652100e-01
1.378132402896881104e-01
1.414774954319000244e-01
1.450951397418975830e-01
1.485498845577239990e-01
1.518476605415344238e-01
1.550644189119338989e-01
1.582820415496826172e-01
1.615532487630844116e-01
1.648954749107360840e-01
1.682999879121780396e-01
1.717438548803329468e-01
1.751987189054489136e-01
1.786333024501800537e-01
1.820109933614730835e-01
1.852850615978240967e-01
1.883949935436248779e-01
1.912682056427001953e-01
1.938292980194091797e-01
1.960162520408630371e-01
1.977966278791427612e-01
1.991766691207885742e-01
2.001979947090148926e-01
2.009243220090866089e-01
2.014250308275222778e-01
2.017632424831390381e-01
2.019893825054168701e-01
2.021405547857284546e-01
2.022424191236495972e-01
2.023120969533920288e-01
2.023608535528182983e-01
2.023961842060089111e-01
2.024232298135757446e-01
2.024460881948471069e-01
2.024690359830856323e-01
2.024984955787658691e-01
2.025469392538070679e-01
2.026433944702148438e-01
2.028612494468688965e-01
2.033947110176086426e-01
2.047570347785949707e-01
2.082111239433288574e-01
2.163453698158264160e-01
2.326444536447525024e-01
2.577932476997375488e-01
2.856257259845733643e-01
3.078371882438659668e-01
3.213365674018859863e-01
3.270579874515533447e-01
3.247067928314208984e-01
3.083781898021697998e-01
2.760540843009948730e-01
2.348182052373886108e-01
1.835557520389556885e-01
1.321705430746078491e-01
7.487206906080245972e-02
5.846519768238067627e-02
7.286899536848068237e-02
7.896816730499267578e-02
1.038971245288848877e-01
1.376771032810211182e-01
1.791323870420455933e-01
2.256125807762145996e-01
2.660236954689025879e-01
3.016864657402038574e-01
3.277199864387512207e-01
3.378999531269073486e-01
3.400287330150604248e-01
3.377478420734405518e-01
3.294167220592498779e-01
3.143318891525268555e-01
3.005168139934539795e-01
2.938763499259948730e-01
2.921985387802124023e-01
2.931861281394958496e-01
2.964759171009063721e-01
3.026896119117736816e-01
3.124898970127105713e-01
3.257929980754852295e-01
3.414886295795440674e-01
3.579607903957366943e-01
3.739565908908843994e-01
3.891381621360778809e-01
4.041392207145690918e-01
4.201278984546661377e-01
4.376846849918365479e-01
4.557555317878723145e-01
4.728417396545410156e-01
4.891426265239715576e-01
5.057224035263061523e-01
5.225520730018615723e-01
5.391065478324890137e-01
5.556111335754394531e-01
5.724400877952575684e-01
5.894259214401245117e-01
6.064041256904602051e-01
6.237088441848754883e-01
6.416677832603454590e-01
6.599485278129577637e-01
6.778354048728942871e-01
6.951514482498168945e-01
7.124767899513244629e-01
7.302950024604797363e-01
7.482129931449890137e-01
7.651795744895935059e-01
7.804087996482849121e-01
7.939650416374206543e-01
8.064405322074890137e-01
8.182206153869628906e-01
8.291278481483459473e-01
8.386720418930053711e-01
8.464986085891723633e-01
8.525855541229248047e-01
8.571596741676330566e-01
8.605387806892395020e-01
8.630241751670837402e-01
8.648597598075866699e-01
8.662278652191162109e-01
8.672597408294677734e-01
8.680483102798461914e-01
8.686593174934387207e-01
8.691388964653015137e-01
8.695202469825744629e-01
8.698272705078125000e-01
8.700770735740661621e-01
8.702827095985412598e-01
8.704533576965332031e-01
8.705964684486389160e-01
8.707174658775329590e-01
8.708205223083496094e-01
8.709088563919067383e-01
8.709851503372192383e-01
8.710513710975646973e-01
8.711092472076416016e-01
8.711600303649902344e-01
8.712049126625061035e-01
8.712445497512817383e-01
8.712798357009887695e-01
8.713113069534301758e-01
8.713396191596984863e-01
8.713649511337280273e-01
8.713878989219665527e-01
8.714085817337036133e-01
8.714273571968078613e-01
8.714444637298583984e-01
8.714600205421447754e-01
8.714742660522460938e-01
8.714872002601623535e-01
8.714991211891174316e-01
8.715102076530456543e-01
8.715202212333679199e-01
8.715295791625976562e-01
8.715381622314453125e-01
8.715460300445556641e-01
8.715534806251525879e-01
8.715602755546569824e-01
8.715665936470031738e-01
8.715724945068359375e-01
8.715780377388000488e-01
8.715831637382507324e-01
8.715878725051879883e-01
8.715923428535461426e-01
8.715964555740356445e-01
8.716003894805908203e-01
8.716040253639221191e-01
8.716074228286743164e-01
8.716105818748474121e-01
8.716136217117309570e-01
8.716164231300354004e-01
8.716191053390502930e-01
8.716215491294860840e-01
8.716239333152770996e-01
8.716260790824890137e-01
8.716281652450561523e-01
8.716300725936889648e-01
8.716319799423217773e-01
8.716337084770202637e-01
8.716353178024291992e-01
8.716368675231933594e-01
8.716382980346679688e-01
8.716396689414978027e-01
8.716409206390380859e-01
8.716422319412231445e-01
8.716434240341186523e-01
8.716444969177246094e-01
8.716454505920410156e-01
8.716464638710021973e-01
8.716473579406738281e-01
