9.164366126060485840e-02
9.161812812089920044e-02
9.158924967050552368e-02
9.155640006065368652e-02
9.151908755302429199e-02
9.147647023200988770e-02
9.142764657735824585e-02
9.137146919965744019e-02
9.130668640136718750e-02
9.123166650533676147e-02
9.114445000886917114e-02
9.104257822036743164e-02
9.092319011688232422e-02
9.078270196914672852e-02
9.061668813228607178e-02
9.041973203420639038e-02
9.018516540527343750e-02
8.990497142076492310e-02
8.956926316022872925e-02
8.916626125574111938e-02
8.868204802274703979e-02
8.810039609670639038e-02
8.740331232547760010e-02
8.657138049602508545e-02
8.558536320924758911e-02
8.442852646112442017e-02
8.308964222669601440e-02
8.156730234622955322e-02
7.987383008003234863e-02
7.803837954998016357e-02
7.610736042261123657e-02
7.414094358682632446e-02
7.220607995986938477e-02
7.036655396223068237e-02
6.867437809705734253e-02
6.716343015432357788e-02
6.584776937961578369e-02
6.472373753786087036e-02
6.377399712800979614e-02
6.297280639410018921e-02
6.229012459516525269e-02
6.169462203979492188e-02
6.115566566586494446e-02
6.064418330788612366e-02
6.013295054435729980e-02
5.959666892886161804e-02
5.901228263974189758e-02
5.835938453674316406e-02
5.762137845158576965e-02
5.678657814860343933e-02
5.584988370537757874e-02
5.481373891234397888e-02
5.368801951408386230e-02
5.248885229229927063e-02
5.123592913150787354e-02
4.994922876358032227e-02
4.864587634801864624e-02
4.733867570757865906e-02
4.603597149252891541e-02
4.474246874451637268e-02
4.346108064055442810e-02
4.219373315572738647e-02
4.094240814447402954e-02
3.970929235219955444e-02
3.849721699953079224e-02
3.731019422411918640e-02
3.615425527095794678e-02
3.503788262605667114e-02
3.397206589579582214e-02
3.296965360641479492e-02
3.204401209950447083e-02
3.120762668550014496e-02
3.047107532620429993e-02
2.984207123517990112e-02
2.932572737336158752e-02
2.892479114234447479e-02
2.864044904708862305e-02
2.847306244075298309e-02
2.842292375862598419e-02
2.849074266850948334e-02
2.867812290787696838e-02
2.898764796555042267e-02
2.942313067615032196e-02
2.998923882842063904e-02
3.069132566452026367e-02
3.153488785028457642e-02
3.252479434013366699e-02
3.366412594914436340e-02
3.495313599705696106e-02
3.638804331421852112e-02
3.795963898301124573e-02
3.965299203991889954e-02
4.144711419939994812e-02
4.331568256020545959e-02
4.522851109504699707e-02
4.715340584516525269e-02
4.905836284160614014e-02
5.091348662972450256e-02
5.269256979227066040e-02
5.437424033880233765e-02
5.594232305884361267e-02
5.738591030240058899e-02
5.869897082448005676e-02
5.987975746393203735e-02
6.093008071184158325e-02
6.185429170727729797e-02
6.265826523303985596e-02
6.334865838289260864e-02
6.393148005008697510e-02
6.441128998994827271e-02
6.478992849588394165e-02
6.506533175706863403e-02
6.523018330335617065e-02
6.527006626129150391e-02
6.516120582818984985e-02
6.486704200506210327e-02
6.433414667844772339e-02
6.348665058612823486e-02
6.222109496593475342e-02
6.040695682168006897e-02
5.790242552757263184e-02
5.460407212376594543e-02
5.053719133138656616e-02
4.594924300909042358e-02
4.130769148468971252e-02
3.713897243142127991e-02
3.381952643394470215e-02
3.151307255029678345e-02
3.027021139860153198e-02
3.000596910715103149e-02
3.020872175693511963e-02
3.031811118125915527e-02
3.111664019525051117e-02
3.520444780588150024e-02
5.116653069853782654e-02
7.619371265172958374e-02
9.748149663209915161e-02
1.225585490465164185e-01
1.480674892663955688e-01
1.725851446390151978e-01
1.959042400121688843e-01
2.187210321426391602e-01
2.413032948970794678e-01
2.636242210865020752e-01
2.856427729129791260e-01
3.073000311851501465e-01
3.285103440284729004e-01
3.491936028003692627e-01
3.693029880523681641e-01
3.888318836688995361e-01
4.078021943569183350e-01
4.262517094612121582e-01
4.442239701747894287e-01
4.617655277252197266e-01
4.789227545261383057e-01
4.957413077354431152e-01
5.122592449188232422e-01
5.285018086433410645e-01
5.444743633270263672e-01
5.601601004600524902e-01
5.755215287208557129e-01
5.905048251152038574e-01
6.050498485565185547e-01
6.190969944000244141e-01
6.325953602790832520e-01
6.455086469650268555e-01
6.578170657157897949e-01
6.695176959037780762e-01
6.806243658065795898e-01
6.911638975143432617e-01
7.011734843254089355e-01
7.106967568397521973e-01
7.197813987731933594e-01
7.284750342369079590e-01
7.368244528770446777e-01
7.448727488517761230e-01
7.526582479476928711e-01
7.602136731147766113e-01
7.675662040710449219e-01
7.747363448143005371e-01
7.817397713661193848e-01
7.885863184928894043e-01
7.952815890312194824e-01
8.018273115158081055e-01
8.082215785980224609e-01
8.144603967666625977e-01
8.205363154411315918e-01
8.264402151107788086e-01
8.321605920791625977e-01
8.376834988594055176e-01
8.429934978485107422e-01
8.480740785598754883e-01
8.529080152511596680e-01
8.574793934822082520e-01
8.617741465568542480e-01
8.657818436622619629e-01
8.694959878921508789e-01
8.729153275489807129e-01
8.760429620742797852e-01
8.788869976997375488e-01
8.814595341682434082e-01
8.837755918502807617e-01
8.858525156974792480e-01
8.877091407775878906e-01
8.893644213676452637e-01
8.908374905586242676e-01
8.921466469764709473e-01
8.933093547821044922e-01
8.943416476249694824e-01
8.952584266662597656e-01
8.960729837417602539e-01
8.967974185943603516e-01
8.974423408508300781e-01
8.980172276496887207e-01
8.985306024551391602e-01
8.989897370338439941e-01
8.994010090827941895e-01
8.997703194618225098e-01
9.001024365425109863e-01
9.004016518592834473e-01
9.006718397140502930e-01
9.009163975715637207e-01
9.011380672454833984e-01
9.013394117355346680e-01
9.015226364135742188e-01
9.016898274421691895e-01
9.018425941467285156e-01
9.019824266433715820e-01
9.021106362342834473e-01
9.022284746170043945e-01
9.023369550704956055e-01
9.024368524551391602e-01
9.025291800498962402e-01
9.026145339012145996e-01
9.026936888694763184e-01
9.027670621871948242e-01
9.028351306915283203e-01
9.028986096382141113e-01
9.029576778411865234e-01
9.030128121376037598e-01
9.030643105506896973e-01
9.031124711036682129e-01
9.031574726104736328e-01
9.031997919082641602e-01
9.032393693923950195e-01
9.032767415046691895e-01
9.033116102218627930e-01
9.033446311950683594e-01
9.033756256103515625e-01
9.034049510955810547e-01
9.034325480461120605e-01
9.034586548805236816e-01
9.034833312034606934e-01
9.035066962242126465e-01
9.035288095474243164e-01
9.035497307777404785e-01
9.035695791244506836e-01
9.035883545875549316e-01
9.036062955856323242e-01
9.036232233047485352e-01
9.036393761634826660e-01
