3.559875488281250000e-02
4.214686155319213867e-02
6.109269708395004272e-02
1.139653921127319336e-01
1.894848495721817017e-01
2.606880366802215576e-01
3.263150751590728760e-01
3.906832933425903320e-01
4.422000646591186523e-01
4.869955778121948242e-01
5.249733328819274902e-01
5.531697273254394531e-01
5.755348205566406250e-01
5.934579968452453613e-01
6.069025993347167969e-01
6.218709349632263184e-01
6.422194838523864746e-01
6.665052771568298340e-01
6.908971667289733887e-01
7.149230837821960449e-01
7.334468960762023926e-01
7.503858208656311035e-01
7.629115581512451172e-01
7.752622365951538086e-01
7.889427542686462402e-01
8.023914694786071777e-01
8.154390454292297363e-01
8.293281793594360352e-01
8.429208397865295410e-01
8.540052771568298340e-01
8.632376790046691895e-01
8.721678256988525391e-01
8.805072307586669922e-01
8.871636390686035156e-01
8.923009634017944336e-01
8.966900706291198730e-01
9.006348252296447754e-01
9.041349887847900391e-01
9.072362780570983887e-01
9.100270867347717285e-01
9.125457406044006348e-01
9.147995710372924805e-01
9.168633222579956055e-01
9.189015626907348633e-01
9.210684895515441895e-01
9.234051108360290527e-01
9.258385896682739258e-01
9.282524585723876953e-01
9.305580854415893555e-01
9.327447414398193359e-01
9.348828196525573730e-01
9.370699524879455566e-01
9.393613934516906738e-01
9.417465329170227051e-01
9.441793560981750488e-01
9.466172456741333008e-01
9.490319490432739258e-01
9.513956904411315918e-01
9.536638855934143066e-01
9.557765722274780273e-01
9.576900005340576172e-01
9.594296216964721680e-01
9.611189961433410645e-01
9.628989100456237793e-01
9.647313356399536133e-01
9.664009809494018555e-01
9.678042531013488770e-01
9.690194129943847656e-01
9.701541066169738770e-01
9.712675809860229492e-01
9.723768830299377441e-01
9.734779000282287598e-01
9.745563864707946777e-01
9.755936861038208008e-01
9.765689373016357422e-01
9.774622321128845215e-01
9.782584309577941895e-01
9.789494276046752930e-01
9.795346260070800781e-01
9.800201654434204102e-01
9.804169535636901855e-01
9.807378649711608887e-01
9.809959530830383301e-01
9.812033772468566895e-01
9.813708662986755371e-01
9.815070629119873047e-01
9.816192388534545898e-01
9.817128777503967285e-01
9.817927479743957520e-01
9.818621277809143066e-01
9.819243550300598145e-01
9.819815754890441895e-01
9.820359349250793457e-01
9.820896387100219727e-01
9.821444749832153320e-01
9.822027683258056641e-01
9.822668433189392090e-01
9.823400974273681641e-01
9.824266433715820312e-01
9.825319051742553711e-01
9.826631546020507812e-01
9.828299880027770996e-01
9.830442070960998535e-01
9.833192229270935059e-01
9.836682677268981934e-01
9.840999841690063477e-01
9.846124053001403809e-01
9.851878881454467773e-01
9.857920408248901367e-01
9.863814711570739746e-01
9.869175553321838379e-01
9.873785376548767090e-01
9.877640604972839355e-01
9.880919456481933594e-01
9.883906841278076172e-01
9.886887669563293457e-01
9.890015125274658203e-01
9.893190264701843262e-01
9.896053075790405273e-01
9.898177981376647949e-01
9.899341464042663574e-01
9.899656772613525391e-01
9.899495840072631836e-01
9.899274706840515137e-01
9.899260997772216797e-01
9.899504184722900391e-01
9.899910688400268555e-01
9.900348782539367676e-01
9.900723695755004883e-01
9.900985360145568848e-01
9.901115298271179199e-01
9.901150465011596680e-01
9.901294112205505371e-01
9.901574254035949707e-01
9.901975393295288086e-01
9.902458190917968750e-01
9.902942180633544922e-01
9.903319478034973145e-01
9.903517365455627441e-01
9.903566241264343262e-01
9.903661012649536133e-01
9.904140830039978027e-01
9.905383586883544922e-01
9.907661676406860352e-01
9.910992980003356934e-01
9.915103912353515625e-01
9.919555783271789551e-01
9.923949241638183594e-01
9.927992820739746094e-01
9.931468367576599121e-01
9.934256076812744141e-01
9.936380982398986816e-01
9.937983155250549316e-01
9.939233660697937012e-01
9.940263032913208008e-01
9.941149950027465820e-01
9.941928982734680176e-01
9.942610263824462891e-01
9.943197965621948242e-01
9.943696856498718262e-01
9.944112896919250488e-01
9.944453835487365723e-01
9.944732785224914551e-01
9.944960474967956543e-01
9.945147037506103516e-01
9.945301413536071777e-01
9.945429563522338867e-01
9.945538043975830078e-01
9.945632815361022949e-01
9.945715069770812988e-01
9.945789575576782227e-01
9.945858716964721680e-01
9.945923686027526855e-01
9.945986270904541016e-01
9.946048855781555176e-01
9.946112632751464844e-01
9.946176409721374512e-01
9.946243166923522949e-01
9.946312904357910156e-01
9.946387410163879395e-01
9.946467280387878418e-01
9.946553707122802734e-01
9.946646690368652344e-01
9.946748018264770508e-01
9.946860074996948242e-01
9.946980476379394531e-01
9.947113990783691406e-01
9.947258830070495605e-01
9.947415590286254883e-01
9.947584271430969238e-01
9.947762489318847656e-01
9.947947859764099121e-01
9.948133230209350586e-01
9.948310256004333496e-01
9.948468208312988281e-01
9.948594570159912109e-01
9.948674440383911133e-01
9.948691129684448242e-01
9.948627352714538574e-01
9.948457479476928711e-01
9.948156476020812988e-01
9.947688579559326172e-01
9.947011470794677734e-01
9.946075677871704102e-01
9.944836497306823730e-01
9.943287968635559082e-01
9.941461086273193359e-01
9.939354062080383301e-01
9.936795234680175781e-01
9.933559894561767578e-01
9.929826259613037109e-01
9.926053285598754883e-01
9.922061562538146973e-01
9.917268753051757812e-01
9.912009239196777344e-01
9.907175898551940918e-01
9.902387857437133789e-01
9.896801114082336426e-01
9.891392588615417480e-01
9.887036681175231934e-01
9.882921576499938965e-01
9.878520965576171875e-01
9.874282479286193848e-01
9.870763421058654785e-01
9.867999553680419922e-01
9.865695834159851074e-01
9.863590598106384277e-01
9.861576557159423828e-01
9.859607219696044922e-01
9.857611060142517090e-01
9.855456948280334473e-01
9.852939248085021973e-01
9.849784970283508301e-01
9.845849871635437012e-01
9.841423630714416504e-01
9.836798310279846191e-01
9.831492304801940918e-01
9.825127124786376953e-01
9.818720221519470215e-01
9.812832474708557129e-01
9.806647300720214844e-01
9.799972772598266602e-01
9.793757796287536621e-01
9.788848161697387695e-01
9.785376787185668945e-01
9.783070087432861328e-01
9.781625866889953613e-01
9.780851602554321289e-01
9.780674576759338379e-01
9.781109094619750977e-01
9.782186150550842285e-01
9.783837199211120605e-01
9.785747528076171875e-01
9.787362217903137207e-01
9.788159132003784180e-01
9.787938594818115234e-01
9.786810278892517090e-01
9.785031676292419434e-01
9.782892465591430664e-01
9.780644178390502930e-01
9.778470993041992188e-01
