1.543705314397811890e-01
1.771939992904663086e-01
2.078790217638015747e-01
2.486040592193603516e-01
3.002995848655700684e-01
3.606443107128143311e-01
4.231751561164855957e-01
4.798266589641571045e-01
5.254920721054077148e-01
5.601481199264526367e-01
5.870973467826843262e-01
6.099187731742858887e-01
6.307857036590576172e-01
6.505036950111389160e-01
6.692076325416564941e-01
6.868899464607238770e-01
7.036104798316955566e-01
7.195180654525756836e-01
7.348076105117797852e-01
7.496718764305114746e-01
7.642633318901062012e-01
7.786673307418823242e-01
7.928878664970397949e-01
8.068475127220153809e-01
8.204023241996765137e-01
8.333689570426940918e-01
8.455606102943420410e-01
8.568197488784790039e-01
8.670404553413391113e-01
8.761790394783020020e-01
8.842487335205078125e-01
8.913079500198364258e-01
8.974443674087524414e-01
9.027603268623352051e-01
9.073613882064819336e-01
9.113484621047973633e-01
9.148134589195251465e-01
9.178373217582702637e-01
9.204897284507751465e-01
9.228293299674987793e-01
9.249054789543151855e-01
9.267590641975402832e-01
9.284241199493408203e-01
9.299284219741821289e-01
9.312952160835266113e-01
9.325434565544128418e-01
9.336891770362854004e-01
9.347454905509948730e-01
9.357235431671142578e-01
9.366323947906494141e-01
9.374799132347106934e-01
9.382728934288024902e-01
9.390165805816650391e-01
9.397161006927490234e-01
9.403755664825439453e-01
9.409983754158020020e-01
9.415878653526306152e-01
9.421466588973999023e-01
9.426770806312561035e-01
9.431813955307006836e-01
9.436613917350769043e-01
9.441189169883728027e-01
9.445552229881286621e-01
9.449718594551086426e-01
9.453699588775634766e-01
9.457506537437438965e-01
9.461150765419006348e-01
9.464638829231262207e-01
9.467982649803161621e-01
9.471187591552734375e-01
9.474260807037353516e-01
9.477209448814392090e-01
9.480040073394775391e-01
9.482759237289428711e-01
9.485369920730590820e-01
9.487879276275634766e-01
9.490290284156799316e-01
9.492607712745666504e-01
9.494836330413818359e-01
9.496979713439941406e-01
9.499041438102722168e-01
9.501023888587951660e-01
9.502931237220764160e-01
9.504765868186950684e-01
9.506531357765197754e-01
9.508230686187744141e-01
9.509865045547485352e-01
9.511435627937316895e-01
9.512947797775268555e-01
9.514402747154235840e-01
9.515801072120666504e-01
9.517146348953247070e-01
9.518439173698425293e-01
9.519681334495544434e-01
9.520875215530395508e-01
9.522022008895874023e-01
9.523122310638427734e-01
9.524178504943847656e-01
9.525191783905029297e-01
9.526164531707763672e-01
9.527094960212707520e-01
9.527986645698547363e-01
9.528839588165283203e-01
9.529654383659362793e-01
9.530432820320129395e-01
9.531176090240478516e-01
9.531884193420410156e-01
9.532557725906372070e-01
9.533199071884155273e-01
9.533807039260864258e-01
9.534383416175842285e-01
9.534928798675537109e-01
9.535442590713500977e-01
9.535925984382629395e-01
9.536380171775817871e-01
9.536806344985961914e-01
9.537202119827270508e-01
9.537570476531982422e-01
9.537910223007202148e-01
9.538222551345825195e-01
9.538508653640747070e-01
9.538766741752624512e-01
9.538998007774353027e-01
9.539203643798828125e-01
9.539381861686706543e-01
9.539534449577331543e-01
9.539661407470703125e-01
9.539762735366821289e-01
9.539838433265686035e-01
9.539888501167297363e-01
9.539912343025207520e-01
9.539918899536132812e-01
9.539945721626281738e-01
9.539998173713684082e-01
9.540076255798339844e-01
9.540179371833801270e-01
9.540306925773620605e-01
9.540461301803588867e-01
9.540639519691467285e-01
9.540843367576599121e-01
9.541071057319641113e-01
9.541323184967041016e-01
9.541599750518798828e-01
9.541898965835571289e-01
9.542223811149597168e-01
9.542571306228637695e-01
9.542940258979797363e-01
9.543333053588867188e-01
9.543747901916503906e-01
9.544184207916259766e-01
9.544642567634582520e-01
9.545120596885681152e-01
9.545620083808898926e-01
9.546139240264892578e-01
9.546678066253662109e-01
9.547236561775207520e-01
9.547812938690185547e-01
9.548407196998596191e-01
9.549019336700439453e-01
9.549647569656372070e-01
9.550293087959289551e-01
9.550954103469848633e-01
9.551629424095153809e-01
9.552321434020996094e-01
9.553026556968688965e-01
9.553744196891784668e-01
9.554476737976074219e-01
9.555220007896423340e-01
9.555975794792175293e-01
9.556742906570434570e-01
9.557520747184753418e-01
9.558308124542236328e-01
9.559103846549987793e-01
9.559909105300903320e-01
9.560722708702087402e-01
9.561544656753540039e-01
9.562371969223022461e-01
9.563207030296325684e-01
9.564047455787658691e-01
9.564892649650573730e-01
9.565743803977966309e-01
9.566598534584045410e-01
9.567456245422363281e-01
9.568318724632263184e-01
9.569181799888610840e-01
9.570048451423645020e-01
9.570915699005126953e-01
9.571784734725952148e-01
9.572654366493225098e-01
9.573523998260498047e-01
9.574392437934875488e-01
9.575261473655700684e-01
9.576128125190734863e-01
9.576994180679321289e-01
9.577857255935668945e-01
9.578717947006225586e-01
9.579576253890991211e-01
9.580430984497070312e-01
9.581282138824462891e-01
9.582129120826721191e-01
9.582971930503845215e-01
9.583810567855834961e-01
9.584645032882690430e-01
9.585472941398620605e-01
9.586296081542968750e-01
9.587113261222839355e-01
9.587925076484680176e-01
9.588729739189147949e-01
9.589528441429138184e-01
9.590319991111755371e-01
9.591105580329895020e-01
9.591884016990661621e-01
9.592654109001159668e-01
9.593417644500732422e-01
9.594173431396484375e-01
9.594922065734863281e-01
9.595661759376525879e-01
9.596393704414367676e-01
9.597117304801940918e-01
9.597833156585693359e-01
9.598541855812072754e-01
9.599240422248840332e-01
9.599931240081787109e-01
9.600613713264465332e-01
9.601287245750427246e-01
9.601951837539672852e-01
9.602608084678649902e-01
9.603256583213806152e-01
9.603895545005798340e-01
9.604525566101074219e-01
9.605146646499633789e-01
9.605760574340820312e-01
9.606364369392395020e-01
9.606959819793701172e-01
9.607546329498291016e-01
9.608123898506164551e-01
9.608693122863769531e-01
9.609254002571105957e-01
9.609805941581726074e-01
9.610349535942077637e-01
9.610884785652160645e-01
9.611411094665527344e-01
9.611928462982177734e-01
9.612438678741455078e-01
9.612941145896911621e-01
9.613433480262756348e-01
9.613919258117675781e-01
9.614396691322326660e-01
9.614864587783813477e-01
9.615326523780822754e-01
9.615779519081115723e-01
9.616224765777587891e-01
9.616662263870239258e-01
9.617093801498413086e-01
9.617515802383422852e-01
9.617931842803955078e-01
9.618339538574218750e-01
9.618740081787109375e-01
9.619133472442626953e-01
9.619520902633666992e-01
9.619900584220886230e-01
