4.836514964699745178e-02
5.076002329587936401e-02
5.414758995175361633e-02
5.923163518309593201e-02
6.731273978948593140e-02
8.065879344940185547e-02
1.025447621941566467e-01
1.357996761798858643e-01
1.797967404127120972e-01
2.300629764795303345e-01
2.822955548763275146e-01
3.346394598484039307e-01
3.861176371574401855e-01
4.351177811622619629e-01
4.796743392944335938e-01
5.184118747711181641e-01
5.509893298149108887e-01
5.779308080673217773e-01
6.002265810966491699e-01
6.190207004547119141e-01
6.354491710662841797e-01
6.505835056304931641e-01
6.653930544853210449e-01
6.806497573852539062e-01
6.967399120330810547e-01
7.134661078453063965e-01
7.300514578819274902e-01
7.454773783683776855e-01
7.589582800865173340e-01
7.702010273933410645e-01
7.793405652046203613e-01
7.867316007614135742e-01
7.927743196487426758e-01
7.978265285491943359e-01
8.021802902221679688e-01
8.060669302940368652e-01
8.096690773963928223e-01
8.131315112113952637e-01
8.165683746337890625e-01
8.200649023056030273e-01
8.236773610115051270e-01
8.274317383766174316e-01
8.313224315643310547e-01
8.353152275085449219e-01
8.393520116806030273e-01
8.433614969253540039e-01
8.472697138786315918e-01
8.510118126869201660e-01
8.545387387275695801e-01
8.578209877014160156e-01
8.608479499816894531e-01
8.636248707771301270e-01
8.661674261093139648e-01
8.684974908828735352e-01
8.706395626068115234e-01
8.726177811622619629e-01
8.744542598724365234e-01
8.761684298515319824e-01
8.777765035629272461e-01
8.792919516563415527e-01
8.807257413864135742e-01
8.820866346359252930e-01
8.833816647529602051e-01
8.846169114112854004e-01
8.857971429824829102e-01
8.869270086288452148e-01
8.880103230476379395e-01
8.890511989593505859e-01
8.900532126426696777e-01
8.910202383995056152e-01
8.919564485549926758e-01
8.928655982017517090e-01
8.937520980834960938e-01
8.946202397346496582e-01
8.954747915267944336e-01
8.963201045989990234e-01
8.971614837646484375e-01
8.980035781860351562e-01
8.988516926765441895e-01
8.997108340263366699e-01
9.005861878395080566e-01
9.014826416969299316e-01
9.024050831794738770e-01
9.033582210540771484e-01
9.043462276458740234e-01
9.053727388381958008e-01
9.064410328865051270e-01
9.075535535812377930e-01
9.087115526199340820e-01
9.099158644676208496e-01
9.111660122871398926e-01
9.124606847763061523e-01
9.137973785400390625e-01
9.151726365089416504e-01
9.165821075439453125e-01
9.180209040641784668e-01
9.194831848144531250e-01
9.209631681442260742e-01
9.224547743797302246e-01
9.239521622657775879e-01
9.254505634307861328e-01
9.269466996192932129e-01
9.284394979476928711e-01
9.299317002296447754e-01
9.314310550689697266e-01
9.329522252082824707e-01
9.345177412033081055e-01
9.361598491668701172e-01
9.379180669784545898e-01
9.398362636566162109e-01
9.419532418251037598e-01
9.442903399467468262e-01
9.468376040458679199e-01
9.495438933372497559e-01
9.523179531097412109e-01
9.550421833992004395e-01
9.575990438461303711e-01
9.599002003669738770e-01
9.619087576866149902e-01
9.636494517326354980e-01
9.652134180068969727e-01
9.667724370956420898e-01
9.686112999916076660e-01
9.711211919784545898e-01
9.745459556579589844e-01
9.784643650054931641e-01
9.819175601005554199e-01
9.843494296073913574e-01
9.858383536338806152e-01
9.866573214530944824e-01
9.870108366012573242e-01
9.871000051498413086e-01
9.874502420425415039e-01
9.880453944206237793e-01
9.887456297874450684e-01
9.894156455993652344e-01
9.899734258651733398e-01
9.903988838195800781e-01
9.907097816467285156e-01
9.909352660179138184e-01
9.911028146743774414e-01
9.912332892417907715e-01
9.913417696952819824e-01
9.914376139640808105e-01
9.915266633033752441e-01
9.916124343872070312e-01
9.916969537734985352e-01
9.917817711830139160e-01
9.918679594993591309e-01
9.919565916061401367e-01
9.920485615730285645e-01
9.921452403068542480e-01
9.922473430633544922e-01
9.923560619354248047e-01
9.924724102020263672e-01
9.925971031188964844e-01
9.927309155464172363e-01
9.928740262985229492e-01
9.930263757705688477e-01
9.931871891021728516e-01
9.933552742004394531e-01
9.935287833213806152e-01
9.937056899070739746e-01
9.938833713531494141e-01
9.940592050552368164e-01
9.942307472229003906e-01
9.943957328796386719e-01
9.945524334907531738e-01
9.946992397308349609e-01
9.948352575302124023e-01
9.949599504470825195e-01
9.950732588768005371e-01
9.951751232147216797e-01
9.952658414840698242e-01
9.953460097312927246e-01
9.954158067703247070e-01
9.954759478569030762e-01
9.955266118049621582e-01
9.955684542655944824e-01
9.956016540527343750e-01
9.956264495849609375e-01
9.956431388854980469e-01
9.956515431404113770e-01
9.956517815589904785e-01
9.956436157226562500e-01
9.956271648406982422e-01
9.956020116806030273e-01
9.955679774284362793e-01
9.955248832702636719e-01
9.954721927642822266e-01
9.954097867012023926e-01
9.953376054763793945e-01
9.952554106712341309e-01
9.951632022857666016e-01
9.950610995292663574e-01
9.949493408203125000e-01
9.948282837867736816e-01
9.946980476379394531e-01
9.945588707923889160e-01
9.944108128547668457e-01
9.942540526390075684e-01
9.940881729125976562e-01
9.939131140708923340e-01
9.937285184860229492e-01
9.935340881347656250e-01
9.933298230171203613e-01
9.931156039237976074e-01
9.928911924362182617e-01
9.926568865776062012e-01
9.924128651618957520e-01
9.921594858169555664e-01
9.918970465660095215e-01
9.916265010833740234e-01
9.913484454154968262e-01
9.910632371902465820e-01
9.907709360122680664e-01
9.904711246490478516e-01
9.901633262634277344e-01
9.898471236228942871e-01
9.895231127738952637e-01
9.891919493675231934e-01
9.888554215431213379e-01
9.885148406028747559e-01
9.881713986396789551e-01
9.878259301185607910e-01
9.874790906906127930e-01
9.871310591697692871e-01
9.867824316024780273e-01
9.864332675933837891e-01
9.860836863517761230e-01
9.857335090637207031e-01
9.853825569152832031e-01
9.850308895111083984e-01
9.846791625022888184e-01
9.843289852142333984e-01
9.839828014373779297e-01
9.836438298225402832e-01
9.833147525787353516e-01
9.829971790313720703e-01
9.826906323432922363e-01
9.823926687240600586e-01
9.820995330810546875e-01
9.818075895309448242e-01
9.815145134925842285e-01
9.812204837799072266e-01
9.809274673461914062e-01
9.806374311447143555e-01
9.803513884544372559e-01
9.800677895545959473e-01
9.797827601432800293e-01
9.794913530349731445e-01
9.791880249977111816e-01
9.788681268692016602e-01
9.785284996032714844e-01
9.781683087348937988e-01
9.777881503105163574e-01
9.773910045623779297e-01
9.769809842109680176e-01
9.765634536743164062e-01
9.761441349983215332e-01
9.757286906242370605e-01
