1.693423241376876831e-01
1.922913938760757446e-01
2.187074869871139526e-01
2.483720183372497559e-01
2.806978523731231689e-01
3.147445023059844971e-01
3.493394553661346436e-01
3.832814395427703857e-01
4.155409336090087891e-01
4.453933238983154297e-01
4.724504947662353516e-01
4.966080486774444580e-01
5.179607272148132324e-01
5.367249250411987305e-01
5.531839132308959961e-01
5.676534771919250488e-01
5.804563760757446289e-01
5.918945074081420898e-01
6.022174358367919922e-01
6.116000413894653320e-01
6.201396584510803223e-01
6.278781294822692871e-01
6.348404884338378906e-01
6.410700678825378418e-01
6.466464400291442871e-01
6.516823768615722656e-01
6.563096642494201660e-01
6.606606841087341309e-01
6.648548841476440430e-01
6.689898371696472168e-01
6.731376647949218750e-01
6.773452758789062500e-01
6.816364526748657227e-01
6.860164403915405273e-01
6.904755234718322754e-01
6.949944496154785156e-01
6.995486021041870117e-01
7.041112780570983887e-01
7.086572051048278809e-01
7.131640911102294922e-01
7.176138162612915039e-01
7.219933867454528809e-01
7.262948155403137207e-01
7.305153012275695801e-01
7.346566319465637207e-01
7.387253046035766602e-01
7.427319884300231934e-01
7.466908097267150879e-01
7.506196498870849609e-01
7.545388340950012207e-01
7.584712505340576172e-01
7.624413371086120605e-01
7.664737701416015625e-01
7.705926895141601562e-01
7.748195528984069824e-01
7.791720032691955566e-01
7.836617231369018555e-01
7.882926464080810547e-01
7.930601239204406738e-01
7.979499101638793945e-01
8.029384613037109375e-01
8.079940676689147949e-01
8.130788207054138184e-01
8.181511759757995605e-01
8.231688737869262695e-01
8.280916213989257812e-01
8.328830599784851074e-01
8.375126719474792480e-01
8.419564366340637207e-01
8.461970090866088867e-01
8.502231240272521973e-01
8.540291190147399902e-01
8.576140999794006348e-01
8.609806895256042480e-01
8.641352057456970215e-01
8.670858144760131836e-01
8.698431253433227539e-01
8.724191188812255859e-01
8.748270273208618164e-01
8.770810961723327637e-01
8.791962265968322754e-01
8.811876177787780762e-01
8.830707669258117676e-01
8.848614692687988281e-01
8.865750432014465332e-01
8.882262706756591797e-01
8.898298144340515137e-01
8.913988471031188965e-01
8.929456472396850586e-01
8.944810628890991211e-01
8.960135579109191895e-01
8.975498676300048828e-01
8.990938067436218262e-01
9.006462097167968750e-01
9.022051692008972168e-01
9.037663340568542480e-01
9.053227901458740234e-01
9.068666100502014160e-01
9.083897471427917480e-01
9.098854660987854004e-01
9.113494157791137695e-01
9.127817749977111816e-01
9.141877889633178711e-01
9.155787825584411621e-01
9.169723391532897949e-01
9.183912873268127441e-01
9.198613762855529785e-01
9.214087724685668945e-01
9.230539202690124512e-01
9.248064160346984863e-01
9.266600608825683594e-01
9.285908937454223633e-01
9.305604696273803711e-01
9.325250387191772461e-01
9.344524741172790527e-01
9.363459348678588867e-01
9.382746815681457520e-01
9.404127001762390137e-01
9.430627226829528809e-01
9.466138482093811035e-01
9.513491988182067871e-01
9.571317434310913086e-01
9.632723331451416016e-01
9.688766598701477051e-01
9.733717441558837891e-01
9.766635298728942871e-01
9.789429306983947754e-01
9.804649353027343750e-01
9.814411401748657227e-01
9.820169806480407715e-01
9.822785854339599609e-01
9.823461174964904785e-01
9.826183319091796875e-01
9.831107854843139648e-01
9.837558269500732422e-01
9.844709634780883789e-01
9.851760864257812500e-01
9.858103394508361816e-01
9.863401651382446289e-01
9.867596030235290527e-01
9.870822429656982422e-01
9.873313307762145996e-01
9.875314831733703613e-01
9.877038002014160156e-01
9.878638386726379395e-01
9.880220890045166016e-01
9.881849288940429688e-01
9.883562922477722168e-01
9.885383844375610352e-01
9.887318015098571777e-01
9.889372587203979492e-01
9.891546368598937988e-01
9.893835186958312988e-01
9.896234869956970215e-01
9.898740053176879883e-01
9.901340603828430176e-01
9.904028177261352539e-01
9.906789660453796387e-01
9.909612536430358887e-01
9.912478923797607422e-01
9.915372133255004883e-01
9.918267726898193359e-01
9.921144247055053711e-01
9.923977255821228027e-01
9.926741719245910645e-01
9.929416179656982422e-01
9.931979179382324219e-01
9.934414625167846680e-01
9.936709403991699219e-01
9.938854575157165527e-01
9.940847754478454590e-01
9.942684173583984375e-01
9.944367408752441406e-01
9.945899248123168945e-01
9.947281479835510254e-01
9.948517680168151855e-01
9.949607849121093750e-01
9.950556755065917969e-01
9.951363205909729004e-01
9.952030181884765625e-01
9.952560067176818848e-01
9.952954649925231934e-01
9.953219294548034668e-01
9.953355193138122559e-01
9.953365921974182129e-01
9.953255653381347656e-01
9.953027963638305664e-01
9.952682852745056152e-01
9.952222704887390137e-01
9.951648712158203125e-01
9.950963854789733887e-01
9.950167536735534668e-01
9.949263334274291992e-01
9.948254823684692383e-01
9.947143197059631348e-01
9.945933222770690918e-01
9.944627881050109863e-01
9.943230152130126953e-01
9.941740632057189941e-01
9.940160512924194336e-01
9.938488602638244629e-01
9.936721324920654297e-01
9.934857487678527832e-01
9.932896494865417480e-01
9.930837154388427734e-01
9.928684830665588379e-01
9.926444292068481445e-01
9.924125075340270996e-01
9.921734333038330078e-01
9.919281005859375000e-01
9.916769266128540039e-01
9.914196729660034180e-01
9.911556243896484375e-01
9.908836483955383301e-01
9.906020164489746094e-01
9.903089404106140137e-01
9.900033473968505859e-01
9.896849393844604492e-01
9.893549680709838867e-01
9.890164136886596680e-01
9.886733889579772949e-01
9.883303642272949219e-01
9.879903197288513184e-01
9.876541495323181152e-01
9.873204231262207031e-01
9.869858622550964355e-01
9.866462945938110352e-01
9.862982034683227539e-01
9.859392642974853516e-01
9.855692982673645020e-01
9.851908087730407715e-01
9.848076105117797852e-01
9.844251871109008789e-01
9.840478897094726562e-01
9.836789965629577637e-01
9.833190441131591797e-01
9.829663038253784180e-01
9.826177954673767090e-01
9.822694063186645508e-01
9.819172024726867676e-01
9.815581440925598145e-01
9.811915755271911621e-01
9.808185696601867676e-01
9.804427027702331543e-01
9.800685048103332520e-01
9.797000288963317871e-01
9.793395996093750000e-01
9.789872765541076660e-01
9.786404967308044434e-01
9.782953858375549316e-01
9.779475331306457520e-01
9.775929450988769531e-01
9.772289991378784180e-01
9.768540263175964355e-01
9.764683246612548828e-01
9.760733842849731445e-01
9.756720662117004395e-01
9.752677083015441895e-01
9.748640656471252441e-01
9.744653701782226562e-01
9.740750789642333984e-01
