4.872204444836825132e-04
5.442547262646257877e-04
6.105792126618325710e-04
6.796508096158504486e-04
7.477004546672105789e-04
8.146457257680594921e-04
8.815457113087177277e-04
9.485553600825369358e-04
1.014669542200863361e-03
1.078432425856590271e-03
1.138733816333115101e-03
1.195154036395251751e-03
1.247870502993464470e-03
1.297370879910886288e-03
1.344193820841610432e-03
1.388785778544843197e-03
1.431457931175827980e-03
1.472382224164903164e-03
1.511630020104348660e-03
1.549208769574761391e-03
1.585085759870707989e-03
1.619225600734353065e-03
1.651597558520734310e-03
1.682189526036381721e-03
1.711012446321547031e-03
1.738097285851836205e-03
1.763492473401129246e-03
1.787269487977027893e-03
1.809504581615328789e-03
1.830282155424356461e-03
1.849695108830928802e-03
1.867834478616714478e-03
1.884788391180336475e-03
1.900647766888141632e-03
1.915494445711374283e-03
1.929408637806773186e-03
1.942464965395629406e-03
1.954731065779924393e-03
1.966268522664904594e-03
1.977139851078391075e-03
1.987397903576493263e-03
1.997087150812149048e-03
2.006254624575376511e-03
2.014942467212677002e-03
2.023182343691587448e-03
2.031011274084448814e-03
2.038458129391074181e-03
2.045548753812909126e-03
2.052305499091744423e-03
2.058754442259669304e-03
2.064913045614957809e-03
2.070800168439745903e-03
2.076431410387158394e-03
2.081819344311952591e-03
2.086982131004333496e-03
2.091925358399748802e-03
2.096662996336817741e-03
2.101207152009010315e-03
2.105562016367912292e-03
2.109738299623131752e-03
2.113747410476207733e-03
2.117590978741645813e-03
2.121275989338755608e-03
2.124816644936800003e-03
2.128211315721273422e-03
2.131471410393714905e-03
2.134602516889572144e-03
2.137607894837856293e-03
2.140499651432037354e-03
2.143276855349540710e-03
2.145952545106410980e-03
2.148528117686510086e-03
2.151013817638158798e-03
2.153411973267793655e-03
2.155734226107597351e-03
2.157980576157569885e-03
2.160160336643457413e-03
2.162278629839420319e-03
2.164342673495411873e-03
2.166353631764650345e-03
2.168316161260008812e-03
2.170235849916934967e-03
2.172112930566072464e-03
2.173956483602523804e-03
2.175761153921484947e-03
2.177529968321323395e-03
2.179267117753624916e-03
2.180972369387745857e-03
2.182642696425318718e-03
2.184280892834067345e-03
2.185886260122060776e-03
2.187455072999000549e-03
2.188986632972955704e-03
2.190481638535857201e-03
2.191938227042555809e-03
2.193354070186614990e-03
2.194729866459965706e-03
2.196064684540033340e-03
2.197352470830082893e-03
2.198598114773631096e-03
2.199799055233597755e-03
2.200953895226120949e-03
2.202065195888280869e-03
2.203129930421710014e-03
2.204148098826408386e-03
2.205121330916881561e-03
2.206049161031842232e-03
2.206933218985795975e-03
2.207774203270673752e-03
2.208566293120384216e-03
2.209319965913891792e-03
2.210029633715748787e-03
2.210696460679173470e-03
2.211324404925107956e-03
2.211911603808403015e-03
2.212460152804851532e-03
2.212969586253166199e-03
2.213440136983990669e-03
2.213876228779554367e-03
2.214275300502777100e-03
2.214636886492371559e-03
2.214964479207992554e-03
2.215257612988352776e-03
2.215516753494739532e-03
2.215741435065865517e-03
2.215933287516236305e-03
2.216092310845851898e-03
2.216219902038574219e-03
2.216314896941184998e-03
2.216377062723040581e-03
2.216407796368002892e-03
2.216415014117956161e-03
2.216448774561285973e-03
2.216514199972152710e-03
2.216612221673130989e-03
2.216740977019071579e-03
2.216899069026112556e-03
2.217089990153908730e-03
2.217312576249241829e-03
2.217564731836318970e-03
2.217846456915140152e-03
2.218157751485705376e-03
2.218496520072221756e-03
2.218862762674689293e-03
2.219255547970533371e-03
2.219676040112972260e-03
2.220121677964925766e-03
2.220594091340899467e-03
2.221085131168365479e-03
2.221600851044058800e-03
2.222139853984117508e-03
2.222695155069231987e-03
2.223271643742918968e-03
2.223865129053592682e-03
2.224474446848034859e-03
2.225097035989165306e-03
2.225736388936638832e-03
2.226384822279214859e-03
2.227042568847537041e-03
2.227713353931903839e-03
2.228391822427511215e-03
2.229073550552129745e-03
2.229762962087988853e-03
2.230457030236721039e-03
2.231149002909660339e-03
2.231847494840621948e-03
2.232543192803859711e-03
2.233239123597741127e-03
2.233931794762611389e-03
2.234621904790401459e-03
2.235308755189180374e-03
2.235992578789591789e-03
2.236670348793268204e-03
2.237340901046991348e-03
2.238006098195910454e-03
2.238665707409381866e-03
2.239318564534187317e-03
2.239963272586464882e-03
2.240600530058145523e-03
2.241230569779872894e-03
2.241854555904865265e-03
2.242472255602478981e-03
2.243083668872714043e-03
2.243686700239777565e-03
2.244285540655255318e-03
2.244875067844986916e-03
2.245464827865362167e-03
2.246045973151922226e-03
2.246628282591700554e-03
2.247202442958950996e-03
2.247775439172983170e-03
2.248346805572509766e-03
2.248917939141392708e-03
2.249488374218344688e-03
2.250063233077526093e-03
2.250636927783489227e-03
2.251213183626532555e-03
2.251794794574379921e-03
2.252380829304456711e-03
2.252970356494188309e-03
2.253568498417735100e-03
2.254174323752522469e-03
2.254791092127561569e-03
2.255417872220277786e-03
2.256054198369383812e-03
2.256705891340970993e-03
2.257370389997959137e-03
2.258049324154853821e-03
2.258747583255171776e-03
2.259462373331189156e-03
2.260197885334491730e-03
2.260954119265079498e-03
2.261731773614883423e-03
2.262532245367765427e-03
2.263361588120460510e-03
2.264213282614946365e-03
2.265097806230187416e-03
2.266010735183954239e-03
2.266956493258476257e-03
2.267934847623109818e-03
2.268949523568153381e-03
2.270000986754894257e-03
2.271090866997838020e-03
2.272220328450202942e-03
2.273394726216793060e-03
2.274613827466964722e-03
2.275876002386212349e-03
2.277189865708351135e-03
2.278553321957588196e-03
2.279968233779072762e-03
2.281438559293746948e-03
2.282964996993541718e-03
2.284553600475192070e-03
2.286197384819388390e-03
2.287909854203462601e-03
2.289682626724243164e-03
2.291523385792970657e-03
2.293435158208012581e-03
2.295419573783874512e-03
2.297477796673774719e-03
2.299612388014793396e-03
2.301825676113367081e-03
2.304119989275932312e-03
2.306497655808925629e-03
2.308963332325220108e-03
2.311513293534517288e-03
2.314155921339988708e-03
2.316893544048070908e-03
2.319725695997476578e-03
2.322657499462366104e-03
2.325685927644371986e-03
2.328821457922458649e-03
2.332063158974051476e-03
2.335412660613656044e-03
2.338873688131570816e-03
2.342452527955174446e-03
2.346147317439317703e-03
2.349962946027517319e-03
2.353900345042347908e-03
2.357970690354704857e-03
2.362166298553347588e-03
