4.997419891878962517e-04
5.598848802037537098e-04
6.305660936050117016e-04
6.988574750721454620e-04
7.651916821487247944e-04
8.347879047505557537e-04
9.033276000991463661e-04
9.679168579168617725e-04
1.030368730425834656e-03
1.091293990612030029e-03
1.149945543147623539e-03
1.205489155836403370e-03
1.257006544619798660e-03
1.304648234508931637e-03
1.350381178781390190e-03
1.395294209942221642e-03
1.438587438315153122e-03
1.479495433159172535e-03
1.518061500973999500e-03
1.554649090394377708e-03
1.589529099874198437e-03
1.622791052795946598e-03
1.654425635933876038e-03
1.684404443949460983e-03
1.712733530439436436e-03
1.739476108923554420e-03
1.764727639965713024e-03
1.788609195500612259e-03
1.811203896068036556e-03
1.832539797760546207e-03
1.852564630098640919e-03
1.871173619292676449e-03
1.888275495730340481e-03
1.903853728435933590e-03
1.918025896884500980e-03
1.931015285663306713e-03
1.943084411323070526e-03
1.954460982233285904e-03
1.965289004147052765e-03
1.975640654563903809e-03
1.985524082556366920e-03
1.994927180930972099e-03
2.003835048526525497e-03
2.012245822697877884e-03
2.020175801590085030e-03
2.027662238106131554e-03
2.034744480624794960e-03
2.041467465460300446e-03
2.047888468950986862e-03
2.054046606644988060e-03
2.059978432953357697e-03
2.065721899271011353e-03
2.071295864880084991e-03
2.076718024909496307e-03
2.081996761262416840e-03
2.087138826027512550e-03
2.092141192406415939e-03
2.097004326060414314e-03
2.101724268868565559e-03
2.106292638927698135e-03
2.110708970576524734e-03
2.114965580403804779e-03
2.119061304256320000e-03
2.122991485521197319e-03
2.126757754012942314e-03
2.130361273884773254e-03
2.133806468918919563e-03
2.137094503268599510e-03
2.140232827514410019e-03
2.143227029591798782e-03
2.146084094420075417e-03
2.148808212950825691e-03
2.151411026716232300e-03
2.153895795345306396e-03
2.156269503757357597e-03
2.158542396500706673e-03
2.160717500373721123e-03
2.162803430110216141e-03
2.164805075153708458e-03
2.166727790609002113e-03
2.168578328564763069e-03
2.170360879972577095e-03
2.172077773138880730e-03
2.173735061660408974e-03
2.175337634980678558e-03
2.176885725930333138e-03
2.178387017920613289e-03
2.179841510951519012e-03
2.181254560127854347e-03
2.182628260925412178e-03
2.183965174481272697e-03
2.185273682698607445e-03
2.186546800658106804e-03
2.187796402722597122e-03
2.189018996432423592e-03
2.190223196521401405e-03
2.191408304497599602e-03
2.192578744143247604e-03
2.193738007918000221e-03
2.194886328652501106e-03
2.196028130128979683e-03
2.197166206315159798e-03
2.198301022872328758e-03
2.199432812631130219e-03
2.200562274083495140e-03
2.201687078922986984e-03
2.202808158472180367e-03
2.203922485932707787e-03
2.205027034506201744e-03
2.206114120781421661e-03
2.207183046266436577e-03
2.208225196227431297e-03
2.209238009527325630e-03
2.210215665400028229e-03
2.211150946095585823e-03
2.212042221799492836e-03
2.212881110608577728e-03
2.213669707998633385e-03
2.214402891695499420e-03
2.215078333392739296e-03
2.215695101767778397e-03
2.216254826635122299e-03
2.216755645349621773e-03
2.217198722064495087e-03
2.217583823949098587e-03
2.217912115156650543e-03
2.218181034550070763e-03
2.218397334218025208e-03
2.218557987362146378e-03
2.218663459643721581e-03
2.218716079369187355e-03
2.218728652223944664e-03
2.218785695731639862e-03
2.218895591795444489e-03
2.219060203060507774e-03
2.219276735559105873e-03
2.219547983258962631e-03
2.219867194071412086e-03
2.220234600827097893e-03
2.220651833340525627e-03
2.221114700660109520e-03
2.221619943156838417e-03
2.222166396677494049e-03
2.222749171778559685e-03
2.223363611847162247e-03
2.224005991593003273e-03
2.224673517048358917e-03
2.225356409326195717e-03
2.226058393716812134e-03
2.226767130196094513e-03
2.227481454610824585e-03
2.228195779025554657e-03
2.228907076641917229e-03
2.229612553492188454e-03
2.230306388810276985e-03
2.230988815426826477e-03
2.231660764664411545e-03
2.232315950095653534e-03
2.232955303043127060e-03
2.233579987660050392e-03
2.234190236777067184e-03
2.234783489257097244e-03
2.235365100204944611e-03
2.235932042822241783e-03
2.236488508060574532e-03
2.237034495919942856e-03
2.237572101876139641e-03
2.238101093098521233e-03
2.238624962046742439e-03
2.239143708720803261e-03
2.239659661427140236e-03
2.240172121673822403e-03
2.240685746073722839e-03
2.241198671981692314e-03
2.241713693365454674e-03
2.242231043055653572e-03
2.242752816528081894e-03
2.243282040581107140e-03
2.243814757093787193e-03
2.244356088340282440e-03
2.244905801489949226e-03
2.245462499558925629e-03
2.246031071990728378e-03
2.246611285954713821e-03
2.247202442958950996e-03
2.247805707156658173e-03
2.248422475531697273e-03
2.249052748084068298e-03
2.249702345579862595e-03
2.250360790640115738e-03
2.251035301014780998e-03
2.251725178211927414e-03
2.252432284876704216e-03
2.253154758363962173e-03
2.253894461318850517e-03
2.254648366943001747e-03
2.255416475236415863e-03
2.256201114505529404e-03
2.256999956443905830e-03
2.257812069728970528e-03
2.258639084175229073e-03
2.259476343169808388e-03
2.260324778035283089e-03
2.261182991787791252e-03
2.262051450088620186e-03
2.262926427647471428e-03
2.263806294649839401e-03
2.264690818265080452e-03
2.265579765662550926e-03
2.266468014568090439e-03
2.267357893288135529e-03
2.268247772008180618e-03
2.269137185066938400e-03
2.270023804157972336e-03
2.270907396450638771e-03
2.271789126098155975e-03
2.272668061777949333e-03
2.273546066135168076e-03
2.274426631629467010e-03
2.275308826938271523e-03
2.276196610182523727e-03
2.277093473821878433e-03
2.278001513332128525e-03
2.278929343447089195e-03
2.279874868690967560e-03
2.280852524563670158e-03
2.281861845403909683e-03
2.282911911606788635e-03
2.284012502059340477e-03
2.285167807713150978e-03
2.286385511979460716e-03
2.287673763930797577e-03
2.289040014147758484e-03
2.290491247549653053e-03
2.292035846039652824e-03
2.293677302077412605e-03
2.295422833412885666e-03
2.297278959304094315e-03
2.299243584275245667e-03
2.301322994753718376e-03
2.303518122062087059e-03
2.305828267708420753e-03
2.308252733200788498e-03
2.310788724571466446e-03
2.313437173143029213e-03
2.316188300028443336e-03
2.319036051630973816e-03
2.321975771337747574e-03
2.325006760656833649e-03
2.328114584088325500e-03
2.331296680495142937e-03
2.334545133635401726e-03
2.337851561605930328e-03
2.341209212318062782e-03
2.344612963497638702e-03
2.348056528717279434e-03
2.351534087210893631e-03
2.355042612180113792e-03
2.358573256060481071e-03
2.362126018851995468e-03
2.365695079788565636e-03
