5.061146221123635769e-04
5.584384198300540447e-04
6.195185706019401550e-04
6.832841900177299976e-04
7.465794915333390236e-04
8.100190898403525352e-04
8.748039253987371922e-04
9.406696190126240253e-04
1.006191596388816833e-03
1.069822814315557480e-03
1.130482763983309269e-03
1.187624293379485607e-03
1.241110381670296192e-03
1.291078166104853153e-03
1.337838592007756233e-03
1.381790963932871819e-03
1.423337263986468315e-03
1.462841755710542202e-03
1.500579877756536007e-03
1.536743016913533211e-03
1.571433967910706997e-03
1.604694174602627754e-03
1.636518863961100578e-03
1.666883006691932678e-03
1.695757964625954628e-03
1.723119057714939117e-03
1.748957554809749126e-03
1.773283351212739944e-03
1.796123338863253593e-03
1.817521871998906136e-03
1.837536809034645557e-03
1.856238930486142635e-03
1.873700413852930069e-03
1.890001934953033924e-03
1.905225100927054882e-03
1.919444068334996700e-03
1.932741724886000156e-03
1.945190131664276123e-03
1.956855878233909607e-03
1.967802643775939941e-03
1.978093292564153671e-03
1.987778814509510994e-03
1.996912294998764992e-03
2.005535876378417015e-03
2.013693563640117645e-03
2.021420281380414963e-03
2.028753049671649933e-03
2.035718876868486404e-03
2.042348729446530342e-03
2.048667054623365402e-03
2.054693875834345818e-03
2.060452941805124283e-03
2.065963577479124069e-03
2.071240684017539024e-03
2.076300792396068573e-03
2.081156941130757332e-03
2.085825428366661072e-03
2.090317197144031525e-03
2.094641560688614845e-03
2.098808065056800842e-03
2.102827653288841248e-03
2.106708474457263947e-03
2.110460074618458748e-03
2.114088274538516998e-03
2.117598894983530045e-03
2.120999386534094810e-03
2.124293008819222450e-03
2.127486513927578926e-03
2.130586188286542892e-03
2.133592031896114349e-03
2.136511728167533875e-03
2.139349002391099930e-03
2.142106415703892708e-03
2.144785830751061440e-03
2.147388411685824394e-03
2.149919979274272919e-03
2.152379602193832397e-03
2.154773101210594177e-03
2.157097682356834412e-03
2.159358700737357140e-03
2.161553595215082169e-03
2.163685625419020653e-03
2.165758050978183746e-03
2.167768310755491257e-03
2.169719664379954338e-03
2.171608619391918182e-03
2.173444489017128944e-03
2.175217494368553162e-03
2.176934154704213142e-03
2.178596332669258118e-03
2.180203562602400780e-03
2.181754913181066513e-03
2.183249220252037048e-03
2.184691606089472771e-03
2.186082769185304642e-03
2.187418751418590546e-03
2.188704442232847214e-03
2.189938910305500031e-03
2.191125880926847458e-03
2.192260464653372765e-03
2.193350810557603836e-03
2.194392494857311249e-03
2.195386681705713272e-03
2.196337562054395676e-03
2.197243738919496536e-03
2.198104280978441238e-03
2.198925474658608437e-03
2.199704991653561592e-03
2.200441900640726089e-03
2.201141323894262314e-03
2.201801165938377380e-03
2.202422358095645905e-03
2.203009556978940964e-03
2.203559735789895058e-03
2.204074757173657417e-03
2.204553922638297081e-03
2.204998629167675972e-03
2.205412136390805244e-03
2.205793978646397591e-03
2.206142526119947433e-03
2.206460805609822273e-03
2.206749515607953072e-03
2.207005396485328674e-03
2.207232173532247543e-03
2.207429613918066025e-03
2.207598881796002388e-03
2.207737648859620094e-03
2.207848941907286644e-03
2.207932062447071075e-03
2.207986544817686081e-03
2.208012854680418968e-03
2.208020072430372238e-03
2.208049409091472626e-03
2.208110410720109940e-03
2.208194462582468987e-03
2.208308083936572075e-03
2.208448713645339012e-03
2.208615886047482491e-03
2.208810299634933472e-03
2.209034049883484840e-03
2.209281083196401596e-03
2.209554426372051239e-03
2.209853148087859154e-03
2.210177946835756302e-03
2.210526959970593452e-03
2.210898557677865028e-03
2.211293904110789299e-03
2.211709506809711456e-03
2.212149323895573616e-03
2.212609397247433662e-03
2.213086234405636787e-03
2.213585656136274338e-03
2.214100444689393044e-03
2.214634558185935020e-03
2.215183805674314499e-03
2.215746557340025902e-03
2.216323278844356537e-03
2.216913970187306404e-03
2.217517467215657234e-03
2.218130277469754219e-03
2.218751935288310051e-03
2.219385700300335884e-03
2.220022492110729218e-03
2.220667898654937744e-03
2.221317728981375694e-03
2.221974078565835953e-03
2.222631825134158134e-03
2.223290735855698586e-03
2.223952906206250191e-03
2.224617404863238335e-03
2.225281205028295517e-03
2.225944073870778084e-03
2.226606011390686035e-03
2.227266086265444756e-03
2.227925462648272514e-03
2.228580415248870850e-03
2.229234669357538223e-03
2.229887060821056366e-03
2.230536425486207008e-03
2.231185091659426689e-03
2.231827471405267715e-03
2.232470083981752396e-03
2.233112696558237076e-03
2.233753446489572525e-03
2.234393265098333359e-03
2.235030988231301308e-03
2.235671272501349449e-03
2.236311789602041245e-03
2.236954635009169579e-03
2.237602602690458298e-03
2.238249173387885094e-03
2.238902030512690544e-03
2.239560475572943687e-03
2.240225439891219139e-03
2.240893663838505745e-03
2.241570735350251198e-03
2.242255723103880882e-03
2.242951188236474991e-03
2.243655733764171600e-03
2.244367962703108788e-03
2.245092066004872322e-03
2.245828974992036819e-03
2.246574964374303818e-03
2.247334923595190048e-03
2.248104894533753395e-03
2.248892327770590782e-03
2.249689539894461632e-03
2.250500954687595367e-03
2.251326572149991989e-03
2.252165460959076881e-03
2.253019483759999275e-03
2.253887010738253593e-03
2.254768507555127144e-03
2.255665604025125504e-03
2.256574807688593864e-03
2.257499145343899727e-03
2.258438151329755783e-03
2.259393455460667610e-03
2.260362496599555016e-03
2.261347603052854538e-03
2.262350404635071754e-03
2.263368805870413780e-03
2.264403970912098885e-03
2.265458926558494568e-03
2.266530646011233330e-03
2.267623087391257286e-03
2.268737880513072014e-03
2.269875723868608475e-03
2.271038014441728592e-03
2.272230107337236404e-03
2.273449674248695374e-03
2.274703700095415115e-03
2.275992883369326591e-03
2.277319785207509995e-03
2.278687432408332825e-03
2.280104905366897583e-03
2.281570807099342346e-03
2.283096546307206154e-03
2.284682821482419968e-03
2.286335686221718788e-03
2.288062358275055885e-03
2.289872383698821068e-03
2.291768556460738182e-03
2.293762518092989922e-03
2.295862883329391479e-03
2.298075938597321510e-03
2.300414489582180977e-03
2.302888082340359688e-03
2.305504633113741875e-03
2.308275783434510231e-03
2.311213174834847450e-03
2.314330078661441803e-03
2.317636506631970406e-03
2.321139909327030182e-03
2.324851928278803825e-03
2.328788163140416145e-03
2.332953969016671181e-03
2.337360987439751625e-03
2.342018065974116325e-03
2.346931956708431244e-03
2.352113835513591766e-03
