5.011298926547169685e-04
5.638872971758246422e-04
6.322453264147043228e-04
6.977784214541316032e-04
7.663935539312660694e-04
8.363663218915462494e-04
9.029437787830829620e-04
9.679007343947887421e-04
1.033253385685384274e-03
1.097621046938002110e-03
1.158411847427487373e-03
1.214350457303225994e-03
1.266046427190303802e-03
1.315038301981985569e-03
1.362543320283293724e-03
1.408800017088651657e-03
1.453250297345221043e-03
1.495191012509167194e-03
1.534312264993786812e-03
1.570854219608008862e-03
1.605397090315818787e-03
1.638551126234233379e-03
1.670704921707510948e-03
1.701930654235184193e-03
1.732030767016112804e-03
1.760681858286261559e-03
1.787574146874248981e-03
1.812531147152185440e-03
1.835530623793601990e-03
1.856686081737279892e-03
1.876183785498142242e-03
1.894237240776419640e-03
1.911038765683770180e-03
1.926752156578004360e-03
1.941497903317213058e-03
1.955364597961306572e-03
1.968418946489691734e-03
1.980711938813328743e-03
1.992290606722235680e-03
2.003191271796822548e-03
2.013458637520670891e-03
2.023132052272558212e-03
2.032251795753836632e-03
2.040864434093236923e-03
2.049006288871169090e-03
2.056717639788985252e-03
2.064037602394819260e-03
2.071003196761012077e-03
2.077642129734158516e-03
2.083986066281795502e-03
2.090061781927943230e-03
2.095891861245036125e-03
2.101497258991003036e-03
2.106897067278623581e-03
2.112106420099735260e-03
2.117133466526865959e-03
2.121994504705071449e-03
2.126696053892374039e-03
2.131245331838726997e-03
2.135650021955370903e-03
2.139908960089087486e-03
2.144032623618841171e-03
2.148014958947896957e-03
2.151863416656851768e-03
2.155578229576349258e-03
2.159157535061240196e-03
2.162601798772811890e-03
2.165913581848144531e-03
2.169092185795307159e-03
2.172135747969150543e-03
2.175047993659973145e-03
2.177828457206487656e-03
2.180479466915130615e-03
2.183000789955258369e-03
2.185398712754249573e-03
2.187669510021805763e-03
2.189821097999811172e-03
2.191855804994702339e-03
2.193777589127421379e-03
2.195592736825346947e-03
2.197304274886846542e-03
2.198918024078011513e-03
2.200437709689140320e-03
2.201876835897564888e-03
2.203236799687147141e-03
2.204526681452989578e-03
2.205755328759551048e-03
2.206930890679359436e-03
2.208060119301080704e-03
2.209156053140759468e-03
2.210226142778992653e-03
2.211280399933457375e-03
2.212328370660543442e-03
2.213378902524709702e-03
2.214437583461403847e-03
2.215516753494739532e-03
2.216617576777935028e-03
2.217747271060943604e-03
2.218906069174408913e-03
2.220094203948974609e-03
2.221310278400778770e-03
2.222549403086304665e-03
2.223809016868472099e-03
2.225081203505396843e-03
2.226358279585838318e-03
2.227630699053406715e-03
2.228887984529137611e-03
2.230125945061445236e-03
2.231333870440721512e-03
2.232503844425082207e-03
2.233630977571010590e-03
2.234712243080139160e-03
2.235739491879940033e-03
2.236712025478482246e-03
2.237626351416110992e-03
2.238480141386389732e-03
2.239275956526398659e-03
2.240010071545839310e-03
2.240686910226941109e-03
2.241302048787474632e-03
2.241862006485462189e-03
2.242364455014467239e-03
2.242814516648650169e-03
2.243206137791275978e-03
2.243547933176159859e-03
2.243838272988796234e-03
2.244077390059828758e-03
2.244266448542475700e-03
2.244407311081886292e-03
2.244501141831278801e-03
2.244546310976147652e-03
2.244557952508330345e-03
2.244609175249934196e-03
2.244705334305763245e-03
2.244848292320966721e-03
2.245039446279406548e-03
2.245273441076278687e-03
2.245555398985743523e-03
2.245878102257847786e-03
2.246242482215166092e-03
2.246647607535123825e-03
2.247089054435491562e-03
2.247567055746912956e-03
2.248076023533940315e-03
2.248615026473999023e-03
2.249180106446146965e-03
2.249771961942315102e-03
2.250381046906113625e-03
2.251007594168186188e-03
2.251644851639866829e-03
2.252293052151799202e-03
2.252947771921753883e-03
2.253603888675570488e-03
2.254260238260030746e-03
2.254909137263894081e-03
2.255552913993597031e-03
2.256188308820128441e-03
2.256810897961258888e-03
2.257423941045999527e-03
2.258020220324397087e-03
2.258602529764175415e-03
2.259171335026621819e-03
2.259722677990794182e-03
2.260259119793772697e-03
2.260783920064568520e-03
2.261294983327388763e-03
2.261793240904808044e-03
2.262280555441975594e-03
2.262758323922753334e-03
2.263231202960014343e-03
2.263695467263460159e-03
2.264157170429825783e-03
2.264615148305892944e-03
2.265071030706167221e-03
2.265526913106441498e-03
2.265989314764738083e-03
2.266451716423034668e-03
2.266918774694204330e-03
2.267392119392752647e-03
2.267871284857392311e-03
2.268357900902628899e-03
2.268853364512324333e-03
2.269359771162271500e-03
2.269873628392815590e-03
2.270398428663611412e-03
2.270934171974658966e-03
2.271476667374372482e-03
2.272033365443348885e-03
2.272595418617129326e-03
2.273174002766609192e-03
2.273758174851536751e-03
2.274355152621865273e-03
2.274960279464721680e-03
2.275579376146197319e-03
2.276204293593764305e-03
2.276841085404157639e-03
2.277490915730595589e-03
2.278150990605354309e-03
2.278824103996157646e-03
2.279512817040085793e-03
2.280211076140403748e-03
2.280926099047064781e-03
2.281657885760068893e-03
2.282406901940703392e-03
2.283173846080899239e-03
2.283960115164518356e-03
2.284768735989928246e-03
2.285600407049059868e-03
2.286451868712902069e-03
2.287331037223339081e-03
2.288231160491704941e-03
2.289156662300229073e-03
2.290105447173118591e-03
2.291079610586166382e-03
2.292074961587786674e-03
2.293089404702186584e-03
2.294120378792285919e-03
2.295165089890360832e-03
2.296220045536756516e-03
2.297282218933105469e-03
2.298342762514948845e-03
2.299399115145206451e-03
2.300444059073925018e-03
2.301480853930115700e-03
2.302500186488032341e-03
2.303504850715398788e-03
2.304493682458996773e-03
2.305477391928434372e-03
2.306460170075297356e-03
2.307457849383354187e-03
2.308483235538005829e-03
2.309554256498813629e-03
2.310695359483361244e-03
2.311918884515762329e-03
2.313245786353945732e-03
2.314687939360737801e-03
2.316260710358619690e-03
2.317962935194373131e-03
2.319805091246962547e-03
2.321779262274503708e-03
2.323877764865756035e-03
2.326097572222352028e-03
2.328420290723443031e-03
2.330840798094868660e-03
2.333346987143158913e-03
2.335929311811923981e-03
2.338580088689923286e-03
2.341296058148145676e-03
2.344072097912430763e-03
2.346915192902088165e-03
2.349827671423554420e-03
2.352818613871932030e-03
2.355899661779403687e-03
2.359087346121668816e-03
2.362403552979230881e-03
2.365869469940662384e-03
2.369516529142856598e-03
2.373367780819535255e-03
2.377467695623636246e-03
2.381851896643638611e-03
2.386564388871192932e-03
