5.004337290301918983e-04
5.654925480484962463e-04
6.316058570519089699e-04
6.984165520407259464e-04
7.657544920220971107e-04
8.329733391292393208e-04
9.001071448437869549e-04
9.656931506469845772e-04
1.029323204420506954e-03
1.090469886548817158e-03
1.148980227299034595e-03
1.204905216582119465e-03
1.257904688827693462e-03
1.307383412495255470e-03
1.353732426650822163e-03
1.397666288539767265e-03
1.440188265405595303e-03
1.481519779190421104e-03
1.520691090263426304e-03
1.557243056595325470e-03
1.592196174897253513e-03
1.625550445169210434e-03
1.657646032981574535e-03
1.687938813120126724e-03
1.716462546028196812e-03
1.743744709528982639e-03
1.769870286807417870e-03
1.794107840396463871e-03
1.817018724977970123e-03
1.838466851040720940e-03
1.858537318184971809e-03
1.877264003269374371e-03
1.894442946650087833e-03
1.910363207571208477e-03
1.925364951603114605e-03
1.939329318702220917e-03
1.952136983163654804e-03
1.963702961802482605e-03
1.974503509700298309e-03
1.985049108043313026e-03
1.995152328163385391e-03
2.004490233957767487e-03
2.013232558965682983e-03
2.021907130256295204e-03
2.030156319960951805e-03
2.038048347458243370e-03
2.045532222837209702e-03
2.052522962912917137e-03
2.059309510514140129e-03
2.065806882455945015e-03
2.071794122457504272e-03
2.077661920338869095e-03
2.083155792206525803e-03
2.088513690978288651e-03
2.093718387186527252e-03
2.098718890920281410e-03
2.103702630847692490e-03
2.108584158122539520e-03
2.113380469381809235e-03
2.117921831086277962e-03
2.122157253324985504e-03
2.126154256984591484e-03
2.130219480022788048e-03
2.134182490408420563e-03
2.137958537787199020e-03
2.141530392691493034e-03
2.145017031580209732e-03
2.148180734366178513e-03
2.151310443878173828e-03
2.154116984456777573e-03
2.156668109819293022e-03
2.158998511731624603e-03
2.161260694265365601e-03
2.163386670872569084e-03
2.165546873584389687e-03
2.167706843465566635e-03
2.169816056266427040e-03
2.171976258978247643e-03
2.174102235585451126e-03
2.176194451749324799e-03
2.178320661187171936e-03
2.180361654609441757e-03
2.182198455557227135e-03
2.184018259868025780e-03
2.185702323913574219e-03
2.187249949201941490e-03
2.188797807320952415e-03
2.190243452787399292e-03
2.191570121794939041e-03
2.192846033722162247e-03
2.193951513618230820e-03
2.194972010329365730e-03
2.196077490225434303e-03
2.197030000388622284e-03
2.197897527366876602e-03
2.198816044256091118e-03
2.199666341766715050e-03
2.200652845203876495e-03
2.201707335188984871e-03
2.202728064730763435e-03
2.203748794272542000e-03
2.204854274168610573e-03
2.205976750701665878e-03
2.207150217145681381e-03
2.208204939961433411e-03
2.209191443398594856e-03
2.210092963650822639e-03
2.211028477177023888e-03
2.211861778050661087e-03
2.212729305028915405e-03
2.213596599176526070e-03
2.214413136243820190e-03
2.215314656496047974e-03
2.216181950643658638e-03
2.216981491073966026e-03
2.217746805399656296e-03
2.218427136540412903e-03
2.219022484496235847e-03
2.219583839178085327e-03
2.220026217401027679e-03
2.220485359430313110e-03
2.220961730927228928e-03
2.221420872956514359e-03
2.221846254542469978e-03
2.222288632765412331e-03
2.222781768068671227e-03
2.223275136202573776e-03
2.223683055490255356e-03
2.224057214334607124e-03
2.224448369815945625e-03
2.224839525297284126e-03
2.225264906883239746e-03
2.225690288469195366e-03
2.226064447313547134e-03
2.226438606157898903e-03
2.226863987743854523e-03
2.227289136499166489e-03
2.227731514722108841e-03
2.228139666840434074e-03
2.228598808869719505e-03
2.229109173640608788e-03
2.229704288765788078e-03
2.230214653536677361e-03
2.230759011581540108e-03
2.231252146884799004e-03
2.231762278825044632e-03
2.232153434306383133e-03
2.232527593150734901e-03
2.232867991551756859e-03
2.233275910839438438e-03
2.233684062957763672e-03
2.234109444543719292e-03
2.234585583209991455e-03
2.235061954706907272e-03
2.235521096736192703e-03
2.235929248854517937e-03
2.236320404335856438e-03
2.236694563180208206e-03
2.237085718661546707e-03
2.237408887594938278e-03
2.237800043076276779e-03
2.238208195194602013e-03
2.238701563328504562e-03
2.239194698631763458e-03
2.239670837298035622e-03
2.240164205431938171e-03
2.240691334009170532e-03
2.241184469312429428e-03
2.241677837446331978e-03
2.242136979475617409e-03
2.242579357698559761e-03
2.243038499727845192e-03
2.243497874587774277e-03
2.243906026706099510e-03
2.244314178824424744e-03
2.244790317490696907e-03
2.245334675535559654e-03
2.245913026854395866e-03
2.246474381536245346e-03
2.247035736218094826e-03
2.247682074084877968e-03
2.248277422040700912e-03
2.248804550617933273e-03
2.249263692647218704e-03
2.249740064144134521e-03
2.250199206173419952e-03
2.250641584396362305e-03
2.251083962619304657e-03
2.251662313938140869e-03
2.252257429063320160e-03
2.252886770293116570e-03
2.253550337627530098e-03
2.254298655316233635e-03
2.255080966278910637e-03
2.255812287330627441e-03
2.256526844576001167e-03
2.257275162264704704e-03
2.258006483316421509e-03
2.258652588352560997e-03
2.259247936308383942e-03
2.259758068248629570e-03
2.260353416204452515e-03
2.260897774249315262e-03
2.261476125568151474e-03
2.262037480250000954e-03
2.262615831568837166e-03
2.263296395540237427e-03
2.264027716591954231e-03
2.264810260385274887e-03
2.265694551169872284e-03
2.266647061333060265e-03
2.267684554681181908e-03
2.268807031214237213e-03
2.269929507747292519e-03
2.271205419674515724e-03
2.272395882755517960e-03
2.273484366014599800e-03
2.274487866088747978e-03
2.275491366162896156e-03
2.276613842695951462e-03
2.277651336044073105e-03
2.278620842844247818e-03
2.279709326103329659e-03
2.280900022014975548e-03
2.282141475006937981e-03
2.283400390297174454e-03
2.284540096297860146e-03
2.285713562741875648e-03
2.286921255290508270e-03
2.288060961291193962e-03
2.289251657202839851e-03
2.290544332936406136e-03
2.291887998580932617e-03
2.293197670951485634e-03
2.294643316417932510e-03
2.296122955158352852e-03
2.297687809914350510e-03
2.299337647855281830e-03
2.301055472344160080e-03
2.303011249750852585e-03
2.305154455825686455e-03
2.307467628270387650e-03
2.309950767084956169e-03
2.312536351382732391e-03
2.315121702849864960e-03
2.317741047590970993e-03
2.320360392332077026e-03
2.323098713532090187e-03
2.325922250747680664e-03
2.328932750970125198e-03
2.332011470571160316e-03
2.335294382646679878e-03
2.338747028261423111e-03
2.342404099181294441e-03
2.346213907003402710e-03
2.350176917389035225e-03
2.354072174057364464e-03
2.358035184442996979e-03
2.362185390666127205e-03
2.366692759096622467e-03
2.371200127527117729e-03
