6.433696486055850983e-03
6.129348184913396835e-03
5.841131787747144699e-03
5.566481966525316238e-03
5.304329562932252884e-03
5.054594948887825012e-03
4.816769156605005264e-03
4.586577881127595901e-03
4.349285736680030823e-03
4.070976749062538147e-03
3.711490891873836517e-03
3.306630998849868774e-03
2.987248124554753304e-03
2.797002205625176430e-03
2.674305345863103867e-03
2.554961945861577988e-03
2.400799887254834175e-03
2.208715770393610001e-03
2.012596465647220612e-03
1.851391512900590897e-03
1.737255952320992947e-03
1.658693421632051468e-03
1.596206333488225937e-03
1.530618988908827305e-03
1.448262832127511501e-03
1.348425052128732204e-03
1.242419704794883728e-03
1.138034276664257050e-03
1.035988098010420799e-03
9.419588022865355015e-04
8.631565724499523640e-04
7.977380300872027874e-04
7.399042369797825813e-04
6.878366693854331970e-04
6.424704915843904018e-04
6.031710654497146606e-04
5.672894767485558987e-04
5.325345555320382118e-04
4.985494306311011314e-04
4.663530271500349045e-04
4.368465160951018333e-04
4.101189551874995232e-04
3.857428091578185558e-04
3.632596926763653755e-04
3.423877351451665163e-04
3.230066504329442978e-04
3.050887899007648230e-04
2.886614820454269648e-04
2.737756876740604639e-04
2.604699111543595791e-04
2.487216843292117119e-04
2.384220861131325364e-04
2.293785073561593890e-04
2.213496918557211757e-04
2.140836295438930392e-04
2.073505747830495238e-04
2.009614399867132306e-04
1.947733835550025105e-04
1.886878453660756350e-04
1.826429506763815880e-04
1.766061468515545130e-04
1.705639733700081706e-04
1.645181619096547365e-04
1.584788260515779257e-04
1.524606923339888453e-04
1.464790548197925091e-04
1.405489892931655049e-04
1.346799544990062714e-04
1.288744679186493158e-04
1.231250644195824862e-04
1.174136195913888514e-04
1.117135834647342563e-04
1.059961869032122195e-04
1.002416465780697763e-04
9.445162140764296055e-05
8.866270218277350068e-05
8.295170118799433112e-05
7.742927118670195341e-05
7.222376007121056318e-05
6.745509017491713166e-05
6.321250111795961857e-05
5.954090738669037819e-05
5.644096017931587994e-05
5.387769488152116537e-05
5.179362051421776414e-05
5.012082328903488815e-05
4.879119660472497344e-05
4.774152330355718732e-05
4.691640060627833009e-05
4.626956069841980934e-05
4.576276842271909118e-05
4.536545384326018393e-05
4.505306060309521854e-05
4.480613642954267561e-05
4.460937998373992741e-05
4.445034937816672027e-05
4.431896741152741015e-05
4.420655386638827622e-05
4.410566543811000884e-05
4.400886246003210545e-05
4.390846879687160254e-05
4.379551319289021194e-05
4.365903441794216633e-05
4.348480433691293001e-05
4.325373447500169277e-05
4.294068639865145087e-05
4.251196514815092087e-05
4.192341293673962355e-05
4.112017995794303715e-05
4.003653521067462862e-05
3.860201468341983855e-05
3.675208427011966705e-05
3.444837420829571784e-05
3.170386480633169413e-05
2.860651875380426645e-05
2.532368853280786425e-05
2.207502257078886032e-05
1.907721525640226901e-05
1.648810939514078200e-05
1.437911578250350431e-05
1.274452188226860017e-05
1.153056473413016647e-05
1.066444474417949095e-05
1.007275022857356817e-05
9.689811122370883822e-06
9.460014553042128682e-06
9.337044502899516374e-06
9.283212420996278524e-06
9.268643225368577987e-06
9.271064300264697522e-06
9.275726370105985552e-06
9.277335266233421862e-06
9.285832675232086331e-06
9.310430868936236948e-06
9.366778613184578717e-06
9.478166248300112784e-06
9.675543878984171897e-06
9.997071174439042807e-06
1.048603189701680094e-05
1.118571526603773236e-05
1.212803545058704913e-05
1.331486873823450878e-05
1.469706967327510938e-05
1.616542795090936124e-05
1.757147947500925511e-05
1.877577778941486031e-05
1.969426921277772635e-05
2.031355143117252737e-05
2.067239438474643975e-05
2.083126855723094195e-05
2.084857806039508432e-05
2.076957571262028068e-05
2.062444582406897098e-05
2.043085623881779611e-05
2.019778366957325488e-05
1.992894431168679148e-05
1.962555506906937808e-05
1.928815618157386780e-05
1.891823740152176470e-05
1.851902925409376621e-05
1.809596324164886028e-05
1.765686283761169761e-05
1.721147054922766984e-05
1.677056206972338259e-05
1.634506406844593585e-05
1.594516470504458994e-05
1.557915857119951397e-05
1.525336119811981916e-05
1.497166886110790074e-05
1.473589054512558505e-05
1.454614084650529549e-05
1.440134747099364176e-05
1.429955591447651386e-05
1.423848607373656705e-05
1.421575871063396335e-05
1.422906461812090129e-05
1.427625647920649499e-05
1.435553531337063760e-05
1.446517489966936409e-05
1.460379644413478673e-05
1.477007936045993119e-05
1.496279037382919341e-05
1.518081626272760332e-05
1.542292193335015327e-05
1.568794868944678456e-05
1.597461596247740090e-05
1.628157406230457127e-05
1.660755515331402421e-05
1.695106948318425566e-05
1.731074735289439559e-05
1.768522633938118815e-05
1.807323315006215125e-05
1.847355633799452335e-05
1.888528640847653151e-05
1.930761027324479073e-05
1.973994403670076281e-05
2.018220766331069171e-05
2.063459760393016040e-05
2.109781053150072694e-05
2.157290327886585146e-05
2.206168210250325501e-05
2.256641710118856281e-05
2.309000956302043051e-05
2.363591738685499877e-05
2.420799864921718836e-05
2.481024785083718598e-05
2.544647395552601665e-05
2.611953095765784383e-05
2.683062120922841132e-05
2.757810580078512430e-05
2.835685336322057992e-05
2.915731238317675889e-05
2.996541479660663754e-05
3.076356733799912035e-05
3.153209036099724472e-05
3.225234831916168332e-05
3.290912354714237154e-05
3.349289181642234325e-05
3.400065179448574781e-05
3.443579407758079469e-05
3.480692976154386997e-05
3.512574039632454515e-05
3.540588295436464250e-05
3.566131999832578003e-05
3.590612686821259558e-05
3.615441164583899081e-05
3.642090450739488006e-05
3.672279490274377167e-05
3.708227814058773220e-05
3.753003693418577313e-05
3.811092028627172112e-05
3.888888386427424848e-05
3.994996222900226712e-05
4.139353768550790846e-05
4.330243245931342244e-05
4.568951044348068535e-05
4.845151852350682020e-05
5.138293272466398776e-05
5.426074494607746601e-05
5.693537968909367919e-05
5.935852823313325644e-05
6.155532173579558730e-05
6.358073733281344175e-05
6.549123645527288318e-05
6.733202462783083320e-05
6.913469405844807625e-05
7.091931183822453022e-05
7.269749767147004604e-05
7.447501411661505699e-05
7.625350554008036852e-05
7.803241896908730268e-05
7.981011003721505404e-05
8.158403215929865837e-05
8.335189340868964791e-05
8.511072519468143582e-05
8.685895591042935848e-05
8.859457011567428708e-05
9.031621448229998350e-05
9.202284127241000533e-05
9.371390478918328881e-05
9.538944868836551905e-05
