5.126405972987413406e-03
5.092362407594919205e-03
5.052187945693731308e-03
5.003174301236867905e-03
4.941224586218595505e-03
4.860160872340202332e-03
4.751022439450025558e-03
4.601717926561832428e-03
4.398661665618419647e-03
4.132607951760292053e-03
3.809123532846570015e-03
3.455957863479852676e-03
3.114047693088650703e-03
2.815441461279988289e-03
2.570762764662504196e-03
2.374579664319753647e-03
2.216050168499350548e-03
2.085014712065458298e-03
1.973405247554183006e-03
1.874773530289530754e-03
1.783671323210000992e-03
1.695446320809423923e-03
1.606380334123969078e-03
1.514037838205695152e-03
1.417632796801626682e-03
1.318127964623272419e-03
1.217912416905164719e-03
1.120032626204192638e-03
1.027326798066496849e-03
9.418022236786782742e-04
8.644615882076323032e-04
7.954619941301643848e-04
7.343961042352020741e-04
6.805529701523482800e-04
6.331037147901952267e-04
5.912024062126874924e-04
5.540440906770527363e-04
5.208870279602706432e-04
4.910656716674566269e-04
4.639973922166973352e-04
4.391777911223471165e-04
4.161914694122970104e-04
3.947020159102976322e-04
3.744579444173723459e-04
3.552812559064477682e-04
3.370613849256187677e-04
3.197375044692307711e-04
3.032870008610188961e-04
2.877045481000095606e-04
2.729895932134240866e-04
2.591372467577457428e-04
2.461314725223928690e-04
2.339439088245853782e-04
2.225378993898630142e-04
2.118702104780822992e-04
2.018954110099002719e-04
1.925688848132267594e-04
1.838485477492213249e-04
1.756963320076465607e-04
1.680767454672604799e-04
1.609584433026611805e-04
1.543120160931721330e-04
1.481091021560132504e-04
1.423231151420623064e-04
1.369278033962473273e-04
1.318972645094618201e-04
1.272054796572774649e-04
1.228285109391435981e-04
1.187410889542661607e-04
1.149203308159485459e-04
1.113433681894093752e-04
1.079890062101185322e-04
1.048369740601629019e-04
1.018680268316529691e-04
9.906370542012155056e-05
9.640733333071693778e-05
9.388259786646813154e-05
9.147393575403839350e-05
8.916727529140189290e-05
8.694803545949980617e-05
8.480303222313523293e-05
8.271938713733106852e-05
8.068461465882137418e-05
7.868676038924604654e-05
7.671437924727797508e-05
7.475656457245349884e-05
7.280377758434042335e-05
7.084658136591315269e-05
6.887752533657476306e-05
6.688960274914279580e-05
6.487802602350711823e-05
6.283842230914160609e-05
6.076753197703510523e-05
5.866293577128089964e-05
5.652143227052874863e-05
5.433872865978628397e-05
5.210826202528551221e-05
4.981999154551886022e-05
4.745999467559158802e-05
4.501063449424691498e-05
4.245237141731195152e-05
3.976659718318842351e-05
3.694200859172269702e-05
3.398149419808760285e-05
3.091045800829306245e-05
2.778175621642731130e-05
2.467603371769655496e-05
2.169189247069880366e-05
1.892919135570991784e-05
1.646962846280075610e-05
1.436210914107505232e-05
1.261784382222685963e-05
1.121702644013566896e-05
1.011970744002610445e-05
9.277892786485608667e-06
8.644118679512757808e-06
8.176297342288307846e-06
7.839350473659578711e-06
7.605098744534188882e-06
7.451222245435928926e-06
7.359947630902752280e-06
7.316997653106227517e-06
7.310496584977954626e-06
7.330316748266341165e-06
7.367707894445629790e-06
7.414913397951750085e-06
7.465097951353527606e-06
7.512434422096703202e-06
7.552084753115195781e-06
7.580370493087684736e-06
7.594734597660135478e-06
7.598624506499618292e-06
7.615077720402041450e-06
7.648615792277269065e-06
7.701983122387900949e-06
7.779420229780953377e-06
7.886696948844473809e-06
8.031378456507809460e-06
8.223004442697856575e-06
8.473274647258222103e-06
8.796190741122700274e-06
9.207825314661022276e-06
9.725574273033998907e-06
1.036626872519263998e-05
1.114314818551065400e-05
1.206126307806698605e-05
1.311271989834494889e-05
1.427315328328404576e-05
1.550238812342286110e-05
1.675016756053082645e-05
1.796521246433258057e-05
1.910430728457868099e-05
2.013756602536886930e-05
2.104897612298373133e-05
2.183385367970913649e-05
2.249482531624380499e-05
2.303865039721131325e-05
2.347386907786130905e-05
2.380932164669502527e-05
2.405397390248253942e-05
2.421670251351315528e-05
2.430617314530536532e-05
2.433091867715120316e-05
2.429963933536782861e-05
2.422076977381948382e-05
2.410270099062472582e-05
2.395352930761873722e-05
2.378093267907388508e-05
2.359216159675270319e-05
2.339379716431722045e-05
2.319176746823359281e-05
2.299141851835884154e-05
2.279723412357270718e-05
2.261320878460537642e-05
2.244252209493424743e-05
2.228786615887656808e-05
2.215142558270599693e-05
2.203495569119695574e-05
2.193969703512266278e-05
2.186673555115703493e-05
2.181682793889194727e-05
2.179043985961470753e-05
2.178805152652785182e-05
2.180981755373068154e-05
2.185587436542846262e-05
2.192633291997481138e-05
2.202098585257772356e-05
2.213974585174582899e-05
2.228232006018515676e-05
2.244832285214215517e-05
2.263726491946727037e-05
2.284855690959375352e-05
2.308140210516285151e-05
2.333488555450458080e-05
2.360782309551723301e-05
2.389913242950569838e-05
2.420728196739219129e-05
2.453072738717310131e-05
2.486776065779849887e-05
2.521651913411915302e-05
2.557517109380569309e-05
2.594176476122811437e-05
2.631449024192988873e-05
2.669160858204122633e-05
2.707134080992545933e-05
2.745239180512726307e-05
2.783354830171447247e-05
2.821396810759324580e-05
2.859318374248687178e-05
2.897091326303780079e-05
2.934762051154393703e-05
2.972380934807006270e-05
3.010060027008876204e-05
3.047934296773746610e-05
3.086200740654021502e-05
3.125071816612035036e-05
3.164804365951567888e-05
3.205705070286057889e-05
3.248084976803511381e-05
3.292308974778279662e-05
3.338774695293977857e-05
3.387918332009576261e-05
3.440198634052649140e-05
3.496105273370631039e-05
3.556184674380347133e-05
3.621027644840069115e-05
3.691239180625416338e-05
3.767490852624177933e-05
3.850502253044396639e-05
3.941032991860993207e-05
4.039889608975499868e-05
4.147956133238039911e-05
4.266162068233825266e-05
4.395496944198384881e-05
4.536995038506574929e-05
4.691792491939850152e-05
4.861068009631708264e-05
5.046061050961725414e-05
5.248073284747079015e-05
5.468514427775517106e-05
5.708804383175447583e-05
5.970494021312333643e-05
6.255151674849912524e-05
6.564418436028063297e-05
6.900059088366106153e-05
7.263838779181241989e-05
7.657616515643894672e-05
8.083356078714132309e-05
8.543004514649510384e-05
9.038652206072583795e-05
9.572413546266034245e-05
1.014646404655650258e-04
1.076305125025101006e-04
1.142446708399802446e-04
1.213308933074586093e-04
1.289125648327171803e-04
1.370149257127195597e-04
1.456624304410070181e-04
1.548801519675180316e-04
1.646937889745458961e-04
1.751294767018407583e-04
