6.638637743890285492e-03
6.248174700886011124e-03
5.876684561371803284e-03
5.523614585399627686e-03
5.188376177102327347e-03
4.870383534580469131e-03
4.569042474031448364e-03
4.283759742975234985e-03
4.013936500996351242e-03
3.758983686566352844e-03
3.518307581543922424e-03
3.291314467787742615e-03
3.077429020777344704e-03
2.876077080145478249e-03
2.686694730073213577e-03
2.508718753233551979e-03
2.341613639146089554e-03
2.184843178838491440e-03
2.037890721112489700e-03
1.900255330838263035e-03
1.771441893652081490e-03
1.650977996177971363e-03
1.538405660539865494e-03
1.433282974176108837e-03
1.335184671916067600e-03
1.243701437488198280e-03
1.158437225967645645e-03
1.079019741155207157e-03
1.005090191029012203e-03
9.363059652969241142e-04
8.723397040739655495e-04
8.128835470415651798e-04
7.576433708891272545e-04
7.063402445055544376e-04
6.587121752090752125e-04
6.145085208117961884e-04
5.734974402002990246e-04
5.354561144486069679e-04
5.001795361749827862e-04
4.674710507970303297e-04
4.371491377241909504e-04
4.090423171874135733e-04
3.829915367532521486e-04
3.588467661757022142e-04
3.364692092873156071e-04
3.157287428621202707e-04
2.965041785500943661e-04
2.786832919809967279e-04
2.621613384690135717e-04
2.468411694280803204e-04
2.326331596123054624e-04
2.194529079133644700e-04
2.072232891805469990e-04
1.958725624717772007e-04
1.853343856055289507e-04
1.755472912918776274e-04
1.664547307882457972e-04
1.580035313963890076e-04
1.501460501458495855e-04
1.428367540938779712e-04
1.360351743642240763e-04
1.297025446547195315e-04
1.238037802977487445e-04
1.183065251098014414e-04
1.131809476646594703e-04
1.083993047359399498e-04
1.039359412970952690e-04
9.976788714993745089e-05
9.587303793523460627e-05
9.223175584338605404e-05
8.882552356226369739e-05
8.563737355871126056e-05
8.265157521236687899e-05
7.985388947417959571e-05
7.723089947830885649e-05
7.477032340830191970e-05
7.246065797517076135e-05
7.029179687378928065e-05
6.825388845754787326e-05
6.633809971390292048e-05
6.453605601564049721e-05
6.284010305535048246e-05
6.124347419245168567e-05
5.973939914838410914e-05
5.832190436194650829e-05
5.698556924471631646e-05
5.572505688178353012e-05
5.453563426272012293e-05
5.341293581295758486e-05
5.235291973804123700e-05
5.135153696755878627e-05
5.040554242441430688e-05
4.951146911480464041e-05
4.866643212153576314e-05
4.786752833751961589e-05
4.711205474450252950e-05
4.639774488168768585e-05
4.572229227051138878e-05
4.508361962507478893e-05
4.447964965947903693e-05
4.390871617943048477e-05
4.336909478297457099e-05
4.285918839741498232e-05
4.237754183122888207e-05
4.192281630821526051e-05
4.149364758632145822e-05
4.108906068722717464e-05
4.070785143994726241e-05
4.034907396999187768e-05
4.001157503807917237e-05
3.969483805121853948e-05
3.939766247640363872e-05
3.911964813596569002e-05
3.885985643137246370e-05
3.861773075186647475e-05
3.839271448669023812e-05
3.818422555923461914e-05
3.799179103225469589e-05
3.781492705456912518e-05
3.765328438021242619e-05
3.750638643396086991e-05
3.737396036740392447e-05
3.725563874468207359e-05
3.715122511493973434e-05
3.706042843987233937e-05
3.698311047628521919e-05
3.691900928970426321e-05
3.686806303448975086e-05
3.683000613818876445e-05
3.680497320601716638e-05
3.679279325297102332e-05
3.678953362395986915e-05
3.677610220620408654e-05
3.674980325740762055e-05
3.671085505629889667e-05
3.665922122308984399e-05
3.659501817310228944e-05
3.651846054708585143e-05
3.642966112238354981e-05
3.632887455751188099e-05
3.621631913119927049e-05
3.609202758525498211e-05
3.595660018618218601e-05
3.581010969355702400e-05
3.565291626728139818e-05
3.548532185959629714e-05
3.530776666593737900e-05
3.512054900056682527e-05
3.492399991955608130e-05
3.471867967164143920e-05
3.450482472544535995e-05
3.428294076002202928e-05
3.405341703910380602e-05
3.381675560376606882e-05
3.357331661391071975e-05
3.332362030050717294e-05
3.306808503111824393e-05
3.280725286458618939e-05
3.254137118346989155e-05
3.227114575565792620e-05
3.199687853339128196e-05
3.171904609189368784e-05
3.143813955830410123e-05
3.115454819635488093e-05
3.086868673563003540e-05
3.058107176912017167e-05
3.029200706805568188e-05
3.000195647473447025e-05
2.971131107187829912e-05
2.942042192444205284e-05
2.912979653046932071e-05
2.883951128751505166e-05
2.855018828995525837e-05
2.826198578986804932e-05
2.797533306875266135e-05
2.769039747363422066e-05
2.740753006946761161e-05
2.712703280849382281e-05
2.684912578843068331e-05
2.657398908922914416e-05
2.630189737828914076e-05
2.603309258120134473e-05
2.576771657913923264e-05
2.550590033933985978e-05
2.524787305446807295e-05
2.499376932973973453e-05
2.474375651217997074e-05
2.449785642966162413e-05
2.425620368740055710e-05
2.401897290837951005e-05
2.378608223807532340e-05
2.355773904128000140e-05
2.333394877496175468e-05
2.311475145688746125e-05
2.290017073391936719e-05
2.269028482260182500e-05
2.248504461022093892e-05
2.228451012342702597e-05
2.208858677477110177e-05
2.189736915170215070e-05
2.171076812373939902e-05
2.152875640604179353e-05
2.135138493031263351e-05
2.117854455718770623e-05
2.101018799294251949e-05
2.084631159959826618e-05
2.068682806566357613e-05
2.053170101135037839e-05
2.038082311628386378e-05
2.023420165642164648e-05
2.009177660511340946e-05
1.995338061533402652e-05
1.981905552383977920e-05
1.968867400137241930e-05
1.956211963261011988e-05
1.943941424542572349e-05
1.932042869157157838e-05
1.920510294439736754e-05
1.909334241645410657e-05
1.898510890896432102e-05
1.888026054075453430e-05
1.877877002698369324e-05
1.868055005616042763e-05
1.858557152445428073e-05
1.849366708484012634e-05
1.840480035752989352e-05
1.831894405768252909e-05
1.823599268391262740e-05
1.815582436393015087e-05
1.807847365853376687e-05
1.800378595362417400e-05
1.793173214537091553e-05
1.786219945643097162e-05
1.779522608558181673e-05
1.773065378074534237e-05
1.766843524819705635e-05
1.760856866894755512e-05
1.755094672262202948e-05
1.749550028762314469e-05
1.744220753607805818e-05
1.739100116537883878e-05
1.734181205392815173e-05
1.729460927890613675e-05
1.724936373648233712e-05
1.720600630505941808e-05
1.716449332889169455e-05
1.712476114335004240e-05
1.708681702439207584e-05
1.705056820355821401e-05
1.701598375802859664e-05
1.698305823083501309e-05
1.695173341431654990e-05
1.692197838565334678e-05
1.689376040303613991e-05
1.686702307779341936e-05
1.684178823779802769e-05
1.681795401964336634e-05
1.679554588918108493e-05
1.677456202742177993e-05
1.675494422670453787e-05
1.673659426160156727e-05
