6.419106852263212204e-03
6.314915139228105545e-03
6.195015273988246918e-03
6.053997669368982315e-03
5.885161925107240677e-03
5.680781789124011993e-03
5.433082580566406250e-03
5.136352032423019409e-03
4.790281411260366440e-03
4.403820261359214783e-03
3.997013438493013382e-03
3.597989678382873535e-03
3.234665608033537865e-03
2.925559179857373238e-03
2.675487194210290909e-03
2.477659843862056732e-03
2.319020684808492661e-03
2.185295568779110909e-03
2.064237836748361588e-03
1.947271288372576237e-03
1.830073306336998940e-03
1.712267170660197735e-03
1.596225309185683727e-03
1.485282438807189465e-03
1.382073853164911270e-03
1.287678838707506657e-03
1.201672595925629139e-03
1.122745452448725700e-03
1.049368176609277725e-03
9.802613640204071999e-04
9.145941003225743771e-04
8.519827388226985931e-04
7.923757075332105160e-04
7.359149749390780926e-04
6.828190525993704796e-04
6.332950433716177940e-04
5.874881171621382236e-04
5.454543861560523510e-04
5.071543855592608452e-04
4.724581958726048470e-04
4.411589179653674364e-04
4.129914159420877695e-04
3.876553382724523544e-04
3.648377896752208471e-04
3.442299203015863895e-04
3.255419724155217409e-04
3.085115458816289902e-04
2.929050242528319359e-04
2.785215328913182020e-04
2.651913673616945744e-04
2.527709584683179855e-04
2.411403547739610076e-04
2.302009670529514551e-04
2.198716101702302694e-04
2.100865094689652324e-04
2.007917501032352448e-04
1.919436181196942925e-04
1.835084112826734781e-04
1.754599215928465128e-04
1.677781110629439354e-04
1.604478602530434728e-04
1.534592011012136936e-04
1.468047121306881309e-04
1.404791837558150291e-04
1.344784832326695323e-04
1.287997729377821088e-04
1.234389492310583591e-04
1.183917265734635293e-04
1.136525825131684542e-04
1.092134698410518467e-04
1.050658538588322699e-04
1.011987187666818500e-04
9.760002285474911332e-05
9.425610915059223771e-05
9.115193097386509180e-05
8.827201963867992163e-05
8.559998241253197193e-05
8.311940473504364491e-05
8.081337000476196408e-05
7.866545638535171747e-05
7.665954035473987460e-05
7.477930921595543623e-05
7.300935976672917604e-05
7.133488543331623077e-05
6.974089774303138256e-05
6.821361603215336800e-05
6.673911411780864000e-05
6.530420796480029821e-05
6.389569898601621389e-05
6.250059232115745544e-05
6.110597314545884728e-05
5.969895937596447766e-05
5.826653796248137951e-05
5.679509558831341565e-05
5.527165922103449702e-05
5.368270649341866374e-05
5.201532621867954731e-05
5.025751670473255217e-05
4.839915709453634918e-05
4.643315332941710949e-05
4.435727169038727880e-05
4.217568130115978420e-05
3.989996912423521280e-05
3.755122816073708236e-05
3.515942080412060022e-05
3.276210918556898832e-05
3.040195224457420409e-05
2.812268940033391118e-05
2.596488229755777866e-05
2.396207491983659565e-05
2.213831248809583485e-05
2.050706461886875331e-05
1.907188379846047610e-05
1.782824801921378821e-05
1.676531610428355634e-05
1.586860162205994129e-05
1.512144626758527011e-05
1.450664603908080608e-05
1.400741075485711917e-05
1.360760325042065233e-05
1.329247515968745574e-05
1.304845136473886669e-05
1.286334281758172438e-05
1.272618283110205084e-05
1.262726891582133248e-05
1.255818006029585376e-05
1.251171488547697663e-05
1.248177704837871715e-05
1.246356714545981959e-05
1.245347903022775427e-05
1.244913346454268321e-05
1.244802933797473088e-05
1.244376835529692471e-05
1.243674523720983416e-05
1.242945290869101882e-05
1.242567122972104698e-05
1.243043698195833713e-05
1.244995200977427885e-05
1.249179240403464064e-05
1.256476843991549686e-05
1.267895004275487736e-05
1.284566678805276752e-05
1.307721595367183909e-05
1.338663969363551587e-05
1.378706747345859185e-05
1.429080566595075652e-05
1.490756949351634830e-05
1.564253398100845516e-05
1.649366095080040395e-05
1.744927612890023738e-05
1.848615647759288549e-05
1.956937558134086430e-05
2.065501212200615555e-05
2.169485196645837277e-05
2.264313843625131994e-05
2.346276778553146869e-05
2.412970025034155697e-05
2.463453347445465624e-05
2.498078356438782066e-05
2.518174551369156688e-05
2.525666423025541008e-05
2.522698378015775234e-05
2.511358979973010719e-05
2.493548709026072174e-05
2.470850449753925204e-05
2.444562596792820841e-05
2.415677772660274059e-05
2.384961226198356599e-05
2.352974297537002712e-05
2.320141175005119294e-05
2.286793824168853462e-05
2.253192542411852628e-05
2.219570706074591726e-05
2.186137680837418884e-05
2.153111745428759605e-05
2.120722274412401021e-05
2.089188819809351116e-05
2.058756035694386810e-05
2.029656752711161971e-05
2.002127621381077915e-05
1.976384737645275891e-05
1.952629645529668778e-05
1.931051883730106056e-05
1.911788422148674726e-05
1.894969136628787965e-05
1.880690797406714410e-05
1.869026164058595896e-05
1.860019983723759651e-05
1.853710455179680139e-05
1.850113039836287498e-05
1.849247018981259316e-05
1.851113665907178074e-05
1.855732261901721358e-05
1.863105353550054133e-05
1.873255132522899657e-05
1.886206700874026865e-05
1.901992072816938162e-05
1.920653085107915103e-05
1.942234848684165627e-05
1.966799391084350646e-05
1.994390549953095615e-05
2.025082176260184497e-05
2.058924837911035866e-05
2.095967647619545460e-05
2.136256625817622989e-05
2.179831790272146463e-05
2.226711148978210986e-05
2.276907616760581732e-05
2.330410461581777781e-05
2.387191307207103819e-05
2.447228689561598003e-05
2.510466038074810058e-05
2.576842962298542261e-05
2.646304528752807528e-05
2.718779069255106151e-05
2.794211104628629982e-05
2.872540790122002363e-05
2.953708644781727344e-05
3.037673923245165497e-05
3.124419527011923492e-05
3.213923628209158778e-05
3.306187500129453838e-05
3.401216963538900018e-05
3.499040394672192633e-05
3.599694900913164020e-05
3.703216498252004385e-05
3.809663758147507906e-05
3.919111259165219963e-05
4.031607022625394166e-05
4.147236541029997170e-05
4.266056203050538898e-05
4.388150773593224585e-05
4.513605381362140179e-05
4.642474232241511345e-05
4.774848639499396086e-05
4.910787538392469287e-05
5.050384061178192496e-05
5.193676406634040177e-05
5.340752977645024657e-05
5.491654883371666074e-05
5.646475256071425974e-05
5.805239561595954001e-05
5.968012192170135677e-05
6.134839350124821067e-05
6.305795250227674842e-05
6.480895535787567496e-05
6.660204962827265263e-05
6.843754817964509130e-05
7.031606946839019656e-05
7.223767170216888189e-05
7.420286419801414013e-05
7.621221448061987758e-05
7.826588989701122046e-05
8.036448707571253181e-05
8.250809332821518183e-05
8.469707972835749388e-05
8.693204290466383100e-05
8.921268454287201166e-05
9.154024883173406124e-05
9.391437924932688475e-05
9.633583249524235725e-05
