5.857747793197631836e-02
5.617544800043106079e-02
5.346842855215072632e-02
5.041747912764549255e-02
4.701698943972587585e-02
4.332818090915679932e-02
3.950817137956619263e-02
3.580125793814659119e-02
3.246676176786422729e-02
2.967484295368194580e-02
2.744940668344497681e-02
2.569661289453506470e-02
2.427696064114570618e-02
2.306249737739562988e-02
2.195996791124343872e-02
2.091080695390701294e-02
1.988250762224197388e-02
1.886001788079738617e-02
1.783931255340576172e-02
1.682290248572826385e-02
1.581664755940437317e-02
1.482760719954967499e-02
1.386261079460382462e-02
1.292780321091413498e-02
1.202870067209005356e-02
1.117090787738561630e-02
1.036053709685802460e-02
9.604312479496002197e-03
8.909046649932861328e-03
8.280415087938308716e-03
7.721663918346166611e-03
7.232798263430595398e-03
6.810449995100498199e-03
6.448575761169195175e-03
6.139520555734634399e-03
5.875086411833763123e-03
5.647341720759868622e-03
5.449096672236919403e-03
5.274109076708555222e-03
5.117116961628198624e-03
4.973766859620809555e-03
4.840491339564323425e-03
4.714387468993663788e-03
4.593069665133953094e-03
4.474614281207323074e-03
4.357410129159688950e-03
4.240155685693025589e-03
4.121753852814435959e-03
4.001311957836151123e-03
3.878096118569374084e-03
3.751539392396807671e-03
3.621263662353157997e-03
3.487064503133296967e-03
3.348976373672485352e-03
3.207315457984805107e-03
3.062706440687179565e-03
2.916163066402077675e-03
2.769103040918707848e-03
2.623351523652672768e-03
2.481089206412434578e-03
2.344700042158365250e-03
2.216549124568700790e-03
2.098750090226531029e-03
1.992887118831276894e-03
1.899862661957740784e-03
1.819875673390924931e-03
1.752488431520760059e-03
1.696786610409617424e-03
1.651571481488645077e-03
1.615517539903521538e-03
1.587317325174808502e-03
1.565742655657231808e-03
1.549699227325618267e-03
1.538239419460296631e-03
1.530551235191524029e-03
1.525958534330129623e-03
1.523896586149930954e-03
1.523896586149930954e-03
1.525571336969733238e-03
1.528601045720279217e-03
1.532730180770158768e-03
1.537731965072453022e-03
1.543434103950858116e-03
1.549683162011206150e-03
1.556350733153522015e-03
1.563325640745460987e-03
1.570507301948964596e-03
1.577798509970307350e-03
1.585098681971430779e-03
1.592304208315908909e-03
1.599299837835133076e-03
1.605950528755784035e-03
1.612099236808717251e-03
1.617559231817722321e-03
1.622097450308501720e-03
1.625437405891716480e-03
1.627238467335700989e-03
1.627078745514154434e-03
1.624450553208589554e-03
1.618742360733449459e-03
1.609230763278901577e-03
1.595103880390524864e-03
1.575498492456972599e-03
1.549595152027904987e-03
1.516799093224108219e-03
1.476974925026297569e-03
1.430774340406060219e-03
1.379926921799778938e-03
1.327437465079128742e-03
1.277566188946366310e-03
1.235584379173815250e-03
1.207396155223250389e-03
1.199143356643617153e-03
1.216710661537945271e-03
1.264756778255105019e-03
1.344624673947691917e-03
1.450891140848398209e-03
1.567314844578504562e-03
1.664703129790723324e-03
1.704941503703594208e-03
1.656447770074009895e-03
1.518667791970074177e-03
1.332657644525170326e-03
1.155413687229156494e-03
1.023338292725384235e-03
9.432575316168367863e-04
9.051605593413114548e-04
8.945653680711984634e-04
8.982333238236606121e-04
9.060364100150763988e-04
9.113637497648596764e-04
9.129451354965567589e-04
9.202632354572415352e-04
9.379216353408992290e-04
9.720553061924874783e-04
1.030426239594817162e-03
1.119456137530505657e-03
1.238367869518697262e-03
1.371616031974554062e-03
1.487425295636057854e-03
1.551381777971982956e-03
1.547561143524944782e-03
1.486173598095774651e-03
1.392859383486211300e-03
1.293538021855056286e-03
1.205707900226116180e-03
1.137104467488825321e-03
1.088401535525918007e-03
1.056711073033511639e-03
1.038195798173546791e-03
1.029422390274703503e-03
1.027812832035124302e-03
1.031638239510357380e-03
1.039825147017836571e-03
1.051752595230937004e-03
1.067072502337396145e-03
1.085580792278051376e-03
1.107134390622377396e-03
1.131595228798687458e-03
1.158804749138653278e-03
1.188576105050742626e-03
1.220701611600816250e-03
1.254961942322552204e-03
1.291142776608467102e-03
1.329059829004108906e-03
1.368549070321023464e-03
1.409500488080084324e-03
1.451823394745588303e-03
1.495468779467046261e-03
1.540399040095508099e-03
1.586566213518381119e-03
1.633907202631235123e-03
1.682298607192933559e-03
1.731538563035428524e-03
1.781324623152613640e-03
1.831225119531154633e-03
1.880675321444869041e-03
1.928966841660439968e-03
1.975270221009850502e-03
2.018647966906428337e-03
2.058117650449275970e-03
2.092699054628610611e-03
2.121490892022848129e-03
2.143737860023975372e-03
2.158918185159564018e-03
2.166782505810260773e-03
2.167417667806148529e-03
2.161267679184675217e-03
2.149125095456838608e-03
2.132112393155694008e-03
2.111621201038360596e-03
2.089226618409156799e-03
2.066598972305655479e-03
2.045417437329888344e-03
2.027272479608654976e-03
2.013646531850099564e-03
2.005876507610082626e-03
2.005160786211490631e-03
2.012577140703797340e-03
2.029119757935404778e-03
2.055687597021460533e-03
2.093108370900154114e-03
2.142119687050580978e-03
2.203313400968909264e-03
2.277131192386150360e-03
2.363772597163915634e-03
2.463184995576739311e-03
2.575021469965577126e-03
2.698632655665278435e-03
2.833099570125341415e-03
2.977261086925864220e-03
3.129779594019055367e-03
3.289209911599755287e-03
3.454058431088924408e-03
3.622845513746142387e-03
3.794136689975857735e-03
3.966570831835269928e-03
4.138888325542211533e-03
4.309905227273702621e-03
4.478532820940017700e-03
4.643778782337903976e-03
4.804706666618585587e-03
4.960493650287389755e-03
5.110380239784717560e-03
5.253737792372703552e-03
5.390046164393424988e-03
5.518974736332893372e-03
5.640383809804916382e-03
5.754424259066581726e-03
5.861636251211166382e-03
5.963052622973918915e-03
6.060436833649873734e-03
6.156474817544221878e-03
6.255127023905515671e-03
6.361990701407194138e-03
6.484597455710172653e-03
6.632357835769653320e-03
6.815766915678977966e-03
7.043989840894937515e-03
7.320667617022991180e-03
7.638388779014348984e-03
7.975252345204353333e-03
8.297321386635303497e-03
8.568431250751018524e-03
8.762373588979244232e-03
8.870000950992107391e-03
8.898405358195304871e-03
8.864963427186012268e-03
8.790631778538227081e-03
8.695171214640140533e-03
8.594634942710399628e-03
8.500718511641025543e-03
8.421052247285842896e-03
8.360046893358230591e-03
8.319762535393238068e-03
8.300715126097202301e-03
8.302435278892517090e-03
8.324017748236656189e-03
8.364281617105007172e-03
8.422040380537509918e-03
8.496117778122425079e-03
