3.656911477446556091e-02
3.602029383182525635e-02
3.544244542717933655e-02
3.483029454946517944e-02
3.417786210775375366e-02
3.347834199666976929e-02
3.272420167922973633e-02
3.190757334232330322e-02
3.102085553109645844e-02
3.005801886320114136e-02
2.901670522987842560e-02
2.790051139891147614e-02
2.672122232615947723e-02
2.549908682703971863e-02
2.425999566912651062e-02
2.302939258515834808e-02
2.182495407760143280e-02
2.065144665539264679e-02
1.950099319219589233e-02
1.835879869759082794e-02
1.721158437430858612e-02
1.605464704334735870e-02
1.489640399813652039e-02
1.375898532569408417e-02
1.267322804778814316e-02
1.166747976094484329e-02
1.075589377433061600e-02
9.935081936419010162e-03
9.190835990011692047e-03
8.509399369359016418e-03
7.885666564106941223e-03
7.323887664824724197e-03
6.832080893218517303e-03
6.414774805307388306e-03
6.069358438253402710e-03
5.786741618067026138e-03
5.554529838263988495e-03
5.360092036426067352e-03
5.192409269511699677e-03
5.042856093496084213e-03
4.905198700726032257e-03
4.775208886712789536e-03
4.650194663554430008e-03
4.528528545051813126e-03
4.409223794937133789e-03
4.291648045182228088e-03
4.175327252596616745e-03
4.059842787683010101e-03
3.944783005863428116e-03
3.829755820333957672e-03
3.714399645105004311e-03
3.598441369831562042e-03
3.481693565845489502e-03
3.364094998687505722e-03
3.245682921260595322e-03
3.126576775684952736e-03
3.006932092830538750e-03
2.886920934543013573e-03
2.766741672530770302e-03
2.646679058670997620e-03
2.527202945202589035e-03
2.409080276265740395e-03
2.293426543474197388e-03
2.181645948439836502e-03
2.075233263894915581e-03
1.975512830540537834e-03
1.883381395600736141e-03
1.799191813915967941e-03
1.722774817608296871e-03
1.653603510931134224e-03
1.591010834090411663e-03
1.534408773295581341e-03
1.483452506363391876e-03
1.438102335669100285e-03
1.398610300384461880e-03
1.365423202514648438e-03
1.339080743491649628e-03
1.320085371844470501e-03
1.308826263993978500e-03
1.305541372857987881e-03
1.310302410274744034e-03
1.323016127571463585e-03
1.343437470495700836e-03
1.371175865642726421e-03
1.405683462508022785e-03
1.446252688765525818e-03
1.492009381763637066e-03
1.541924662888050079e-03
1.594867906533181667e-03
1.649677054956555367e-03
1.705254893749952316e-03
1.760669169016182423e-03
1.815200550481677055e-03
1.868285238742828369e-03
1.919410075061023235e-03
1.967940479516983032e-03
2.012999728322029114e-03
2.053453354164958000e-03
2.088023815304040909e-03
2.115470822900533676e-03
2.134733600541949272e-03
2.145013073459267616e-03
2.145725768059492111e-03
2.136449795216321945e-03
2.116871532052755356e-03
2.086773514747619629e-03
2.046087989583611488e-03
1.994995633140206337e-03
1.934049418196082115e-03
1.864273915998637676e-03
1.787222805432975292e-03
1.704900991171598434e-03
1.619579503312706947e-03
1.533495960757136345e-03
1.448519993573427200e-03
1.365884207189083099e-03
1.286086742766201496e-03
1.208934234455227852e-03
1.133492332883179188e-03
1.057745423167943954e-03
9.781906846910715103e-04
8.905121940188109875e-04
7.928587147034704685e-04
6.904588663019239902e-04
5.952223436906933784e-04
5.179836880415678024e-04
4.622372798621654510e-04
4.253252991475164890e-04
4.025410744361579418e-04
3.897351853083819151e-04
3.841358702629804611e-04
3.827167092822492123e-04
3.771254268940538168e-04
3.676170599646866322e-04
3.567794046830385923e-04
3.481520689092576504e-04
3.460448642726987600e-04
3.557823656592518091e-04
3.845343308057636023e-04
4.414388677105307579e-04
5.329801933839917183e-04
6.520666647702455521e-04
7.764775655232369900e-04
8.880824316293001175e-04
9.845626773312687874e-04
1.071327598765492439e-03
1.153167337179183960e-03
1.232759444974362850e-03
1.311522908508777618e-03
1.390021643601357937e-03
1.467823400162160397e-03
1.543454593047499657e-03
1.614740001969039440e-03
1.679377281107008457e-03
1.735517638735473156e-03
1.782098086550831795e-03
1.818879623897373676e-03
1.846262137405574322e-03
1.865006866864860058e-03
1.875982736237347126e-03
1.879986957646906376e-03
1.877631642855703831e-03
1.869327621534466743e-03
1.855307142250239849e-03
1.835700939409434795e-03
1.810653018765151501e-03
1.780477701686322689e-03
1.745801884680986404e-03
1.707695890218019485e-03
1.667679054662585258e-03
1.627590158022940159e-03
1.589318853802978992e-03
1.554480288177728653e-03
1.524178078398108482e-03
1.498922589235007763e-03
1.478693098761141300e-03
1.463133725337684155e-03
1.451718388125300407e-03
1.443911809474229813e-03
1.439268467947840691e-03
1.437500817701220512e-03
1.438513398170471191e-03
1.442448352463543415e-03
1.449701958335936069e-03
1.460965839214622974e-03
1.477237441577017307e-03
1.499781268648803234e-03
1.529985922388732433e-03
1.569053041748702526e-03
1.617525937035679817e-03
1.674835337325930595e-03
1.739182160235941410e-03
1.808030763640999794e-03
1.879037823528051376e-03
1.950892619788646698e-03
2.023576991632580757e-03
2.098041353747248650e-03
2.175644272938370705e-03
2.257618354633450508e-03
2.344716805964708328e-03
2.437074668705463409e-03
2.534190192818641663e-03
2.635047771036624908e-03
2.738304901868104935e-03
2.842518966645002365e-03
2.946395194157958031e-03
3.048981307074427605e-03
3.149802563712000847e-03
3.248940920457243919e-03
3.347039921209216118e-03
3.445212962105870247e-03
3.544884268194437027e-03
3.647513687610626221e-03
3.754227887839078903e-03
3.865408012643456459e-03
3.980390727519989014e-03
4.097447730600833893e-03
4.214165266603231430e-03
4.328188020735979080e-03
4.437922034412622452e-03
4.542971029877662659e-03
4.644120112061500549e-03
4.742995835840702057e-03
4.841573536396026611e-03
4.941770806908607483e-03
5.045146215707063675e-03
5.152713507413864136e-03
5.264909006655216217e-03
5.381593480706214905e-03
5.502156447619199753e-03
5.625619087368249893e-03
5.750843789428472519e-03
5.876673385500907898e-03
6.002141628414392471e-03
6.126630119979381561e-03
6.249977741390466690e-03
6.372579839080572128e-03
6.495367735624313354e-03
6.619803141802549362e-03
6.747724488377571106e-03
6.881147623062133789e-03
7.022018544375896454e-03
7.171875797212123871e-03
7.331598550081253052e-03
7.501185871660709381e-03
7.679816801100969315e-03
7.866038009524345398e-03
8.058164268732070923e-03
8.254690095782279968e-03
8.454601280391216278e-03
8.657538332045078278e-03
8.863664232194423676e-03
9.073509834706783295e-03
9.287741035223007202e-03
9.506964124739170074e-03
9.731581434607505798e-03
9.961772710084915161e-03
1.019744854420423508e-02
1.043833699077367783e-02
1.068397052586078644e-02
1.093386206775903702e-02
