4.116077348589897156e-02
4.094321280717849731e-02
4.065933823585510254e-02
4.028085991740226746e-02
3.976633399724960327e-02
3.905689343810081482e-02
3.807536140084266663e-02
3.673902899026870728e-02
3.500220552086830139e-02
3.292623162269592285e-02
3.070427291095256805e-02
2.854222618043422699e-02
2.649307996034622192e-02
2.448915876448154449e-02
2.253132313489913940e-02
2.072870545089244843e-02
1.916412636637687683e-02
1.783771626651287079e-02
1.671017147600650787e-02
1.573524065315723419e-02
1.486742123961448669e-02
1.406411733478307724e-02
1.329037360846996307e-02
1.252490095794200897e-02
1.176352147012948990e-02
1.101686898618936539e-02
1.030193921178579330e-02
9.632888250052928925e-03
9.016563184559345245e-03
8.453836664557456970e-03
7.943079806864261627e-03
7.482765708118677139e-03
7.071733009070158005e-03
6.708344910293817520e-03
6.389528512954711914e-03
6.110507529228925705e-03
5.865090992301702499e-03
5.646369885653257370e-03
5.447414238005876541e-03
5.261860787868499756e-03
5.084425210952758789e-03
4.911167547106742859e-03
4.739726427942514420e-03
4.569277632981538773e-03
4.400336183607578278e-03
4.234353080391883850e-03
4.073195159435272217e-03
3.918579779565334320e-03
3.771629417315125465e-03
3.632610896602272987e-03
3.500909311696887016e-03
3.375298343598842621e-03
3.254303708672523499e-03
3.136634826660156250e-03
3.021411830559372902e-03
2.908303868025541306e-03
2.797450171783566475e-03
2.689299872145056725e-03
2.584431786090135574e-03
2.483441028743982315e-03
2.386813051998615265e-03
2.294897800311446190e-03
2.207847777754068375e-03
2.125555882230401039e-03
2.047573681920766830e-03
1.973039703443646431e-03
1.900655915960669518e-03
1.828851527534425259e-03
1.756186131387948990e-03
1.682055881246924400e-03
1.607386278919875622e-03
1.534835435450077057e-03
1.468061702325940132e-03
1.410334254615008831e-03
1.363428542390465736e-03
1.327431062236428261e-03
1.301271026022732258e-03
1.283434336073696613e-03
1.272492343559861183e-03
1.267361454665660858e-03
1.267354818992316723e-03
1.272163470275700092e-03
1.281784032471477985e-03
1.296434667892754078e-03
1.316468114964663982e-03
1.342297298833727837e-03
1.374303014017641544e-03
1.412735204212367535e-03
1.457617385312914848e-03
1.508663408458232880e-03
1.565182348713278770e-03
1.626044977456331253e-03
1.689694356173276901e-03
1.754213473759591579e-03
1.817457959987223148e-03
1.877252012491226196e-03
1.931567559950053692e-03
1.978697720915079117e-03
2.017353428527712822e-03
2.046687062829732895e-03
2.066249726340174675e-03
2.075897995382547379e-03
2.075694501399993896e-03
2.065821085125207901e-03
2.046501031145453453e-03
2.017974620684981346e-03
1.980527304112911224e-03
1.934516010805964470e-03
1.880447845906019211e-03
1.819049241021275520e-03
1.751286676153540611e-03
1.678363885730504990e-03
1.601602416485548019e-03
1.522274455055594444e-03
1.441399217583239079e-03
1.359589863568544388e-03
1.276993774808943272e-03
1.193419215269386768e-03
1.108620897866785526e-03
1.022685435600578785e-03
9.362065466120839119e-04
8.495341171510517597e-04
7.599801174364984035e-04
6.581778288818895817e-04
5.360318464227020741e-04
4.139631637372076511e-04
3.281938843429088593e-04
2.838668879121541977e-04
2.655503922142088413e-04
2.597613492980599403e-04
2.586425980553030968e-04
2.585274633020162582e-04
2.588609058875590563e-04
2.632528776302933693e-04
2.790499129332602024e-04
3.177050093654543161e-04
3.915181732736527920e-04
4.967281711287796497e-04
6.055730627849698067e-04
7.005311781540513039e-04
7.856846787035465240e-04
8.674162672832608223e-04
9.478646679781377316e-04
1.027096761390566826e-03
1.104852301068603992e-03
1.180987106636166573e-03
1.255415612831711769e-03
1.327911042608320713e-03
1.397949876263737679e-03
1.464690081775188446e-03
1.527082175016403198e-03
1.584082492627203465e-03
1.634860178455710411e-03
1.678938511759042740e-03
1.716211787424981594e-03
1.746896654367446899e-03
1.771426759660243988e-03
1.790349255315959454e-03
1.804251456633210182e-03
1.813686685636639595e-03
1.819146331399679184e-03
1.821035868488252163e-03
1.819658093154430389e-03
1.815216965042054653e-03
1.807810505852103233e-03
1.797473873011767864e-03
1.784225809387862682e-03
1.768151414580643177e-03
1.749519491568207741e-03
1.728864619508385658e-03
1.707015675492584705e-03
1.685001072473824024e-03
1.663887058384716511e-03
1.644596690312027931e-03
1.627778401598334312e-03
1.613779575563967228e-03
1.602704520337283611e-03
1.594493514858186245e-03
1.589019317179918289e-03
1.586144207976758480e-03
1.585771911777555943e-03
1.587864593602716923e-03
1.592472661286592484e-03
1.599721726961433887e-03
1.609824015758931637e-03
1.623073592782020569e-03
1.639838796108961105e-03
1.660541514866054058e-03
1.685628434643149376e-03
1.715527381747961044e-03
1.750574214383959770e-03
1.790937385521829128e-03
1.836541574448347092e-03
1.887012389488518238e-03
1.941688475199043751e-03
1.999719534069299698e-03
2.060262719169259071e-03
2.122694393619894981e-03
2.186828525736927986e-03
2.252999227494001389e-03
2.322037704288959503e-03
2.395101124420762062e-03
2.473396016284823418e-03
2.557882340624928474e-03
2.648973139002919197e-03
2.746353624388575554e-03
2.849005861207842827e-03
2.955441363155841827e-03
3.064097138121724129e-03
3.173721954226493835e-03
3.283635247498750687e-03
3.393832128494977951e-03
3.504893975332379341e-03
3.617838490754365921e-03
3.733874764293432236e-03
3.854155074805021286e-03
3.979457076638936996e-03
4.109886474907398224e-03
4.244778770953416824e-03
4.382725805044174194e-03
4.521989729255437851e-03
4.660979844629764557e-03
4.798636306077241898e-03
4.934619646519422531e-03
5.069191101938486099e-03
5.202927626669406891e-03
5.336489062756299973e-03
5.470426753163337708e-03
5.605064332485198975e-03
5.740506108850240707e-03
5.876626353710889816e-03
6.013121921569108963e-03
6.149555090814828873e-03
6.285376381129026413e-03
6.419973913580179214e-03
6.552741397172212601e-03
6.683119572699069977e-03
6.810678634792566299e-03
6.935215089470148087e-03
7.056795526295900345e-03
7.175807841122150421e-03
7.293001748621463776e-03
7.409424986690282822e-03
7.526396308094263077e-03
7.645334582775831223e-03
7.767615374177694321e-03
7.894434034824371338e-03
8.026662282645702362e-03
8.164735510945320129e-03
8.308718912303447723e-03
8.458326570689678192e-03
8.613149635493755341e-03
8.772742003202438354e-03
8.936798200011253357e-03
9.105248376727104187e-03
9.278282523155212402e-03
9.456332772970199585e-03
9.640023112297058105e-03
9.830060414969921112e-03
1.002722233533859253e-02
1.023219898343086243e-02
