5.588053539395332336e-02
5.523182079195976257e-02
5.436528101563453674e-02
5.274332314729690552e-02
4.937829822301864624e-02
4.472190886735916138e-02
4.094133153557777405e-02
3.696758672595024109e-02
3.340038284659385681e-02
3.063207864761352539e-02
2.788977138698101044e-02
2.602281235158443451e-02
2.449029684066772461e-02
2.316951751708984375e-02
2.230707928538322449e-02
2.158267982304096222e-02
2.072866261005401611e-02
1.958797872066497803e-02
1.828007772564888000e-02
1.710379309952259064e-02
1.596400514245033264e-02
1.483919657766819000e-02
1.384805701673030853e-02
1.291593722999095917e-02
1.201274339109659195e-02
1.123255863785743713e-02
1.048618089407682419e-02
9.744308888912200928e-03
9.149088524281978607e-03
8.595694787800312042e-03
8.066022768616676331e-03
7.583163678646087646e-03
7.117771543562412262e-03
6.671809125691652298e-03
6.292161997407674789e-03
5.984972231090068817e-03
5.688214674592018127e-03
5.385216325521469116e-03
5.135806743055582047e-03
4.950019530951976776e-03
4.796924069523811340e-03
4.662747494876384735e-03
4.546513315290212631e-03
4.445546772330999374e-03
4.353884607553482056e-03
4.265645518898963928e-03
4.177260212600231171e-03
4.087714478373527527e-03
3.996856044977903366e-03
3.902726341038942337e-03
3.799845231696963310e-03
3.680307418107986450e-03
3.537741722539067268e-03
3.372106235474348068e-03
3.191883675754070282e-03
3.010588232427835464e-03
2.839200198650360107e-03
2.681007375940680504e-03
2.532861195504665375e-03
2.390467328950762749e-03
2.252748468890786171e-03
2.122553065419197083e-03
2.004366135224699974e-03
1.901609590277075768e-03
1.815427793189883232e-03
1.744931214489042759e-03
1.688107382506132126e-03
1.642599818296730518e-03
1.606203848496079445e-03
1.577052753418684006e-03
1.553663401864469051e-03
1.534891780465841293e-03
1.519881770946085453e-03
1.508002751506865025e-03
1.498791156336665154e-03
1.491916365921497345e-03
1.487151253968477249e-03
1.484337146393954754e-03
1.483370666392147541e-03
1.484181615523993969e-03
1.486725057475268841e-03
1.490950700826942921e-03
1.496799290180206299e-03
1.504192245192825794e-03
1.513002556748688221e-03
1.523059443570673466e-03
1.534141483716666698e-03
1.545973354950547218e-03
1.558245858177542686e-03
1.570625347085297108e-03
1.582774450071156025e-03
1.594372792169451714e-03
1.605133409611880779e-03
1.614810083992779255e-03
1.623195013962686062e-03
1.630116370506584644e-03
1.635421533137559891e-03
1.638952875509858131e-03
1.640520407818257809e-03
1.639868365600705147e-03
1.636625616811215878e-03
1.630254555493593216e-03
1.619982882402837276e-03
1.604736200533807278e-03
1.583082834258675575e-03
1.553287729620933533e-03
1.513570081442594528e-03
1.462785992771387100e-03
1.401583664119243622e-03
1.333590829744935036e-03
1.265428029000759125e-03
1.204636297188699245e-03
1.156593090854585171e-03
1.123076537624001503e-03
1.103795482777059078e-03
1.100099529139697552e-03
1.120009808801114559e-03
1.181167201139032841e-03
1.295558176934719086e-03
1.432330580428242683e-03
1.535207498818635941e-03
1.584683661349117756e-03
1.589530846104025841e-03
1.553886919282376766e-03
1.469442155212163925e-03
1.324766897596418858e-03
1.116580562666058540e-03
8.687181398272514343e-04
6.652786396443843842e-04
5.570519715547561646e-04
5.177968414500355721e-04
5.090034101158380508e-04
4.799434973392635584e-04
4.578210064209997654e-04
5.104858428239822388e-04
7.352069951593875885e-04
1.061764080077409744e-03
1.299385447055101395e-03
1.468946225941181183e-03
1.573187881149351597e-03
1.611617510206997395e-03
1.597846974618732929e-03
1.537244417704641819e-03
1.436203485354781151e-03
1.316212234087288380e-03
1.198964659124612808e-03
1.093579921871423721e-03
1.006873440928757191e-03
9.457951528020203114e-04
9.110967512242496014e-04
8.979029953479766846e-04
9.003698942251503468e-04
9.141776827163994312e-04
9.366936865262687206e-04
9.663343662396073341e-04
1.001954311504960060e-03
1.042441697791218758e-03
1.086538890376687050e-03
1.132841920480132103e-03
1.179927960038185120e-03
1.226520864292979240e-03
1.271649147383868694e-03
1.314729568548500538e-03
1.355579122900962830e-03
1.394358580000698566e-03
1.431496115401387215e-03
1.467599067836999893e-03
1.503367442637681961e-03
1.539537683129310608e-03
1.576804206706583500e-03
1.615740475244820118e-03
1.656695385463535786e-03
1.699686399661004543e-03
1.744282664731144905e-03
1.789574045687913895e-03
1.834244118072092533e-03
1.876778434962034225e-03
1.915764180012047291e-03
1.950140693224966526e-03
1.979340100660920143e-03
2.003291388973593712e-03
2.022287109866738319e-03
2.036858350038528442e-03
2.047616522759199142e-03
2.055179793387651443e-03
2.060110680758953094e-03
2.062900690361857414e-03
2.063961233943700790e-03
2.063635038211941719e-03
2.062206622213125229e-03
2.059918595477938652e-03
2.056988887488842010e-03
2.053632168099284172e-03
2.050084993243217468e-03
2.046643290668725967e-03
2.043705200776457787e-03
2.041856991127133369e-03
2.041962929069995880e-03
2.045307308435440063e-03
2.053724136203527451e-03
2.069593407213687897e-03
2.095466945320367813e-03
2.132963854819536209e-03
2.181427087634801865e-03
2.238733693957328796e-03
2.305676927790045738e-03
2.387810265645384789e-03
2.488364931195974350e-03
2.602677792310714722e-03
2.724276389926671982e-03
2.852458041161298752e-03
2.991194371134042740e-03
3.141663502901792526e-03
3.296543378382921219e-03
3.447601106017827988e-03
3.603192279115319252e-03
3.785428823903203011e-03
3.997273743152618408e-03
4.207966849207878113e-03
4.395549185574054718e-03
4.576717969030141830e-03
4.770877771079540253e-03
4.965347237884998322e-03
5.134457256644964218e-03
5.268418695777654648e-03
5.373431835323572159e-03
5.460685584694147110e-03
5.539904814213514328e-03
5.617252551019191742e-03
5.695193540304899216e-03
5.773900542408227921e-03
5.854763090610504150e-03
5.944446194916963577e-03
6.055613048374652863e-03
6.201113108545541763e-03
6.384547799825668335e-03
6.596820428967475891e-03
6.823967676609754562e-03
7.059001363813877106e-03
7.306094281375408173e-03
7.571301888674497604e-03
7.840747013688087463e-03
8.069774135947227478e-03
8.219801820814609528e-03
8.297430351376533508e-03
8.332901634275913239e-03
8.349017240107059479e-03
8.356832899153232574e-03
8.360955864191055298e-03
8.363325148820877075e-03
8.364787325263023376e-03
8.365748450160026550e-03
8.366420865058898926e-03
8.366923779249191284e-03
8.367323316633701324e-03
8.367652073502540588e-03
8.367940783500671387e-03
8.368209935724735260e-03
8.368455804884433746e-03
8.368693292140960693e-03
8.368926122784614563e-03
