1.042519416660070419e-02
1.099138427525758743e-02
1.159930881112813950e-02
1.220971997827291489e-02
1.279656589031219482e-02
1.335242670029401779e-02
1.387708354741334915e-02
1.436985004693269730e-02
1.483025494962930679e-02
1.526100747287273407e-02
1.566914841532707214e-02
1.606380939483642578e-02
1.645275950431823730e-02
1.683971099555492401e-02
1.722363755106925964e-02
1.759988069534301758e-02
1.796228997409343719e-02
1.830559968948364258e-02
1.862700656056404114e-02
1.892671175301074982e-02
1.920749805867671967e-02
1.947348192334175110e-02
1.972882635891437531e-02
1.997642964124679565e-02
2.021692320704460144e-02
2.044855616986751556e-02
2.066826634109020233e-02
2.087318524718284607e-02
2.106203511357307434e-02
2.123538590967655182e-02
2.139494754374027252e-02
2.154294028878211975e-02
2.168156579136848450e-02
2.181287482380867004e-02
2.193867973983287811e-02
2.206048555672168732e-02
2.217948623001575470e-02
2.229652740061283112e-02
2.241208031773567200e-02
2.252637781202793121e-02
2.263941057026386261e-02
2.275097928941249847e-02
2.286081761121749878e-02
2.296859584748744965e-02
2.307391539216041565e-02
2.317648008465766907e-02
2.327595464885234833e-02
2.337217517197132111e-02
2.346492931246757507e-02
2.355411835014820099e-02
2.363969385623931885e-02
2.372173406183719635e-02
2.380023337900638580e-02
2.387532964348793030e-02
2.394714020192623138e-02
2.401584386825561523e-02
2.408158034086227417e-02
2.414453960955142975e-02
2.420491725206375122e-02
2.426287345588207245e-02
2.431856654584407806e-02
2.437221445143222809e-02
2.442391961812973022e-02
2.447383478283882141e-02
2.452210709452629089e-02
2.456884086132049561e-02
2.461416460573673248e-02
2.465813793241977692e-02
2.470090612769126892e-02
2.474253624677658081e-02
2.478311583399772644e-02
2.482273988425731659e-02
2.486151643097400665e-02
2.489953301846981049e-02
2.493691816926002502e-02
2.497375942766666412e-02
2.501017972826957703e-02
2.504633180797100067e-02
2.508229948580265045e-02
2.511825598776340485e-02
2.515431679785251617e-02
2.519058808684349060e-02
2.522722259163856506e-02
2.526432275772094727e-02
2.530194446444511414e-02
2.534022554755210876e-02
2.537915483117103577e-02
2.541879005730152130e-02
2.545912377536296844e-02
2.550009824335575104e-02
2.554166875779628754e-02
2.558376826345920563e-02
2.562624774873256683e-02
2.566903829574584961e-02
2.571204863488674164e-02
2.575515769422054291e-02
2.579828910529613495e-02
2.584137767553329468e-02
2.588436938822269440e-02
2.592720463871955872e-02
2.596984431147575378e-02
2.601215615868568420e-02
2.605408430099487305e-02
2.609547972679138184e-02
2.613618969917297363e-02
2.617606706917285919e-02
2.621493488550186157e-02
2.625261060893535614e-02
2.628897316753864288e-02
2.632390521466732025e-02
2.635734155774116516e-02
2.638923749327659607e-02
2.641972154378890991e-02
2.644900791347026825e-02
2.647752128541469574e-02
2.650588750839233398e-02
2.653499506413936615e-02
2.656597085297107697e-02
2.659988030791282654e-02
2.663753740489482880e-02
2.667917869985103607e-02
2.672396227717399597e-02
2.677028253674507141e-02
2.681592479348182678e-02
2.685872465372085571e-02
2.689690142869949341e-02
2.692926116287708282e-02
2.695521339774131775e-02
2.697453647851943970e-02
2.698724158108234406e-02
2.699340507388114929e-02
2.699502557516098022e-02
2.700180187821388245e-02
2.701493352651596069e-02
2.703420631587505341e-02
2.705917321145534515e-02
2.708918228745460510e-02
2.712317183613777161e-02
2.715983986854553223e-02
2.719773165881633759e-02
2.723547443747520447e-02
2.727198600769042969e-02
2.730662934482097626e-02
2.733921818435192108e-02
2.736998163163661957e-02
2.739933878183364868e-02
2.742776647210121155e-02
2.745571918785572052e-02
2.748357504606246948e-02
2.751156687736511230e-02
2.753989771008491516e-02
2.756865136325359344e-02
2.759790793061256409e-02
2.762765996158123016e-02
2.765794284641742706e-02
2.768875658512115479e-02
2.772013470530509949e-02
2.775211632251739502e-02
2.778467908501625061e-02
2.781793102622032166e-02
2.785187587141990662e-02
2.788663096725940704e-02
2.792225405573844910e-02
2.795879915356636047e-02
2.799639664590358734e-02
2.803510613739490509e-02
2.807500958442687988e-02
2.811623178422451019e-02
2.815878018736839294e-02
2.820276468992233276e-02
2.824823930859565735e-02
2.829518914222717285e-02
2.834369987249374390e-02
2.839372865855693817e-02
2.844527177512645721e-02
2.849825844168663025e-02
2.855266071856021881e-02
2.860834263265132904e-02
2.866521850228309631e-02
2.872317098081111908e-02
2.878204546868801117e-02
2.884169667959213257e-02
2.890199422836303711e-02
2.896275371313095093e-02
2.902386337518692017e-02
2.908518910408020020e-02
2.914665266871452332e-02
2.920816652476787567e-02
2.926969341933727264e-02
2.933118492364883423e-02
2.939265407621860504e-02
2.945413999259471893e-02
2.951567806303501129e-02
2.957732789218425751e-02
2.963912114500999451e-02
2.970117144286632538e-02
2.976350486278533936e-02
2.982617728412151337e-02
2.988924644887447357e-02
2.995277196168899536e-02
3.001679480075836182e-02
3.008142486214637756e-02
3.014680370688438416e-02
3.021315671503543854e-02
3.028074279427528381e-02
3.034999966621398926e-02
3.042136505246162415e-02
3.049545548856258392e-02
3.057297505438327789e-02
3.065458871424198151e-02
3.074109368026256561e-02
3.083317168056964874e-02
3.093146719038486481e-02
3.103652223944664001e-02
3.114874847233295441e-02
3.126830235123634338e-02
3.139523044228553772e-02
3.152944147586822510e-02
3.167057409882545471e-02
3.181829676032066345e-02
3.197206184267997742e-02
3.213135153055191040e-02
3.229566290974617004e-02
3.246453031897544861e-02
3.263755142688751221e-02
3.281446173787117004e-02
3.299512341618537903e-02
3.317952528595924377e-02
3.336780145764350891e-02
3.356022387742996216e-02
3.375722467899322510e-02
3.395929932594299316e-02
3.416711837053298950e-02
3.438139334321022034e-02
3.460290655493736267e-02
3.483239933848381042e-02
3.507075458765029907e-02
3.531866148114204407e-02
3.557676821947097778e-02
3.584559634327888489e-02
3.612548112869262695e-02
3.641650825738906860e-02
3.671846538782119751e-02
3.703087568283081055e-02
3.735284879803657532e-02
3.768321871757507324e-02
3.802054375410079956e-02
3.836307302117347717e-02
3.870888799428939819e-02
3.905612230300903320e-02
3.940307721495628357e-02
3.974831476807594299e-02
4.009101167321205139e-02
4.043100401759147644e-02
4.076899588108062744e-02
4.110658168792724609e-02
4.144630208611488342e-02
4.179161414504051208e-02
4.214678704738616943e-02
4.251687601208686829e-02
4.290742427110671997e-02
