1.066978182643651962e-02
1.109196618199348450e-02
1.155214663594961166e-02
1.204287074506282806e-02
1.255443971604108810e-02
1.307613123208284378e-02
1.359769608825445175e-02
1.411060802638530731e-02
1.460867375135421753e-02
1.508812420070171356e-02
1.554723270237445831e-02
1.598572731018066406e-02
1.640419475734233856e-02
1.680359244346618652e-02
1.718498580157756805e-02
1.754930429160594940e-02
1.789726130664348602e-02
1.822943054139614105e-02
1.854618452489376068e-02
1.884784176945686340e-02
1.913469657301902771e-02
1.940706744790077209e-02
1.966533437371253967e-02
1.991000212728977203e-02
2.014163881540298462e-02
2.036090940237045288e-02
2.056857571005821228e-02
2.076538838446140289e-02
2.095213346183300018e-02
2.112959511578083038e-02
2.129852585494518280e-02
2.145960368216037750e-02
2.161346748471260071e-02
2.176074497401714325e-02
2.190191857516765594e-02
2.203750424087047577e-02
2.216789126396179199e-02
2.229343540966510773e-02
2.241448126733303070e-02
2.253129146993160248e-02
2.264411188662052155e-02
2.275314740836620331e-02
2.285858802497386932e-02
2.296061255037784576e-02
2.305932901799678802e-02
2.315491624176502228e-02
2.324746735394001007e-02
2.333708666265010834e-02
2.342389337718486786e-02
2.350795269012451172e-02
2.358939126133918762e-02
2.366825565695762634e-02
2.374465391039848328e-02
2.381863631308078766e-02
2.389032579958438873e-02
2.395975589752197266e-02
2.402704209089279175e-02
2.409221045672893524e-02
2.415537461638450623e-02
2.421656623482704163e-02
2.427588403224945068e-02
2.433337457478046417e-02
2.438914403319358826e-02
2.444320544600486755e-02
2.449568174779415131e-02
2.454657852649688721e-02
2.459600754082202911e-02
2.464400976896286011e-02
2.469063922762870789e-02
2.473597973585128784e-02
2.478006854653358459e-02
2.482297457754611969e-02
2.486473321914672852e-02
2.490544877946376801e-02
2.494513615965843201e-02
2.498385123908519745e-02
2.502166479825973511e-02
2.505863085389137268e-02
2.509478665888309479e-02
2.513021044433116913e-02
2.516496554017066956e-02
2.519907429814338684e-02
2.523263171315193176e-02
2.526571601629257202e-02
2.529837377369403839e-02
2.533068135380744934e-02
2.536273933947086334e-02
2.539464272558689117e-02
2.542650699615478516e-02
2.545841038227081299e-02
2.549049071967601776e-02
2.552291750907897949e-02
2.555579692125320435e-02
2.558930963277816772e-02
2.562357485294342041e-02
2.565878443419933319e-02
2.569509670138359070e-02
2.573264949023723602e-02
2.577157132327556610e-02
2.581197768449783325e-02
2.585396729409694672e-02
2.589751221239566803e-02
2.594264037907123566e-02
2.598926052451133728e-02
2.603725343942642212e-02
2.608642354607582092e-02
2.613654360175132751e-02
2.618731744587421417e-02
2.623841539025306702e-02
2.628949284553527832e-02
2.634016424417495728e-02
2.639008872210979462e-02
2.643890678882598877e-02
2.648625709116458893e-02
2.653186768293380737e-02
2.657549455761909485e-02
2.661685459315776825e-02
2.665581554174423218e-02
2.669222466647624969e-02
2.672594226896762848e-02
2.675691246986389160e-02
2.678506448864936829e-02
2.681038156151771545e-02
2.683284319937229156e-02
2.685243450105190277e-02
2.686918899416923523e-02
2.688310109078884125e-02
2.689416706562042236e-02
2.690242417156696320e-02
2.690787240862846375e-02
2.691053226590156555e-02
2.691123634576797485e-02
2.691416069865226746e-02
2.691987343132495880e-02
2.692837268114089966e-02
2.693964168429374695e-02
2.695362456142902374e-02
2.697033062577247620e-02
2.698968909680843353e-02
2.701168134808540344e-02
2.703620120882987976e-02
2.706318907439708710e-02
2.709252014756202698e-02
2.712409012019634247e-02
2.715775743126869202e-02
2.719335258007049561e-02
2.723070420324802399e-02
2.726962789893150330e-02
2.730988897383213043e-02
2.735131792724132538e-02
2.739367820322513580e-02
2.743675373494625092e-02
2.748036757111549377e-02
2.752430364489555359e-02
2.756846137344837189e-02
2.761264331638813019e-02
2.765678986907005310e-02
2.770078182220458984e-02
2.774460427463054657e-02
2.778822183609008789e-02
2.783164009451866150e-02
2.787490747869014740e-02
2.791805751621723175e-02
2.796112559735774994e-02
2.800418436527252197e-02
2.804734185338020325e-02
2.809062041342258453e-02
2.813412994146347046e-02
2.817791886627674103e-02
2.822203934192657471e-02
2.826654165983200073e-02
2.831149846315383911e-02
2.835693396627902985e-02
2.840285375714302063e-02
2.844930253922939301e-02
2.849631011486053467e-02
2.854389883577823639e-02
2.859202772378921509e-02
2.864075265824794769e-02
2.869005873799324036e-02
2.873995900154113770e-02
2.879045158624649048e-02
2.884154766798019409e-02
2.889324910938739777e-02
2.894558943808078766e-02
2.899858355522155762e-02
2.905222773551940918e-02
2.910659089684486389e-02
2.916167490184307098e-02
2.921753004193305969e-02
2.927422709763050079e-02
2.933180890977382660e-02
2.939032390713691711e-02
2.944985218346118927e-02
2.951049432158470154e-02
2.957230620086193085e-02
2.963537722826004028e-02
2.969984710216522217e-02
2.976578846573829651e-02
2.983331866562366486e-02
2.990258485078811646e-02
2.997370250523090363e-02
3.004678711295127869e-02
3.012202493846416473e-02
3.019957803189754486e-02
3.027955442667007446e-02
3.036212734878063202e-02
3.044750168919563293e-02
3.053585253655910492e-02
3.062732517719268799e-02
3.072215802967548370e-02
3.082052804529666901e-02
3.092262335121631622e-02
3.102868050336837769e-02
3.113888390362262726e-02
3.125343844294548035e-02
3.137259185314178467e-02
3.149652108550071716e-02
3.162544593214988708e-02
3.175960853695869446e-02
3.189918398857116699e-02
3.204438090324401855e-02
3.219541534781455994e-02
3.235247358679771423e-02
3.251570463180541992e-02
3.268530592322349548e-02
3.286139667034149170e-02
3.304414451122283936e-02
3.323369473218917847e-02
3.343006223440170288e-02
3.363339230418205261e-02
3.384370729327201843e-02
3.406104072928428650e-02
3.428541496396064758e-02
3.451680019497871399e-02
3.475517407059669495e-02
3.500047326087951660e-02
3.525257483124732971e-02
3.551142662763595581e-02
3.577687963843345642e-02
3.604883700609207153e-02
3.632713854312896729e-02
3.661165758967399597e-02
3.690221905708312988e-02
3.719874471426010132e-02
3.750105947256088257e-02
3.780911490321159363e-02
3.812280669808387756e-02
3.844210878014564514e-02
3.876697644591331482e-02
3.909748047590255737e-02
3.943368792533874512e-02
3.977575153112411499e-02
4.012383520603179932e-02
4.047821462154388428e-02
4.083922505378723145e-02
4.120725393295288086e-02
4.158276692032814026e-02
4.196625202894210815e-02
4.235842078924179077e-02
4.275989159941673279e-02
