1.033555436879396439e-02
1.092836167663335800e-02
1.153371017426252365e-02
1.213621720671653748e-02
1.272243168205022812e-02
1.328288298100233078e-02
1.381279341876506805e-02
1.431173551827669144e-02
1.478233095258474350e-02
1.522883586585521698e-02
1.565582118928432465e-02
1.606733724474906921e-02
1.646635308861732483e-02
1.685463823378086090e-02
1.723277755081653595e-02
1.760038919746875763e-02
1.795643754303455353e-02
1.829957589507102966e-02
1.862838678061962128e-02
1.894171722233295441e-02
1.923877187073230743e-02
1.951919309794902802e-02
1.978309266269207001e-02
2.003096044063568115e-02
2.026361599564552307e-02
2.048206329345703125e-02
2.068745903670787811e-02
2.088097855448722839e-02
2.106381393969058990e-02
2.123706601560115814e-02
2.140177972614765167e-02
2.155889198184013367e-02
2.170919813215732574e-02
2.185344509780406952e-02
2.199221402406692505e-02
2.212604694068431854e-02
2.225534431636333466e-02
2.238046750426292419e-02
2.250169962644577026e-02
2.261927723884582520e-02
2.273335121572017670e-02
2.284408360719680786e-02
2.295157499611377716e-02
2.305587381124496460e-02
2.315706759691238403e-02
2.325519546866416931e-02
2.335025370121002197e-02
2.344231121242046356e-02
2.353136613965034485e-02
2.361743524670600891e-02
2.370056882500648499e-02
2.378077618777751923e-02
2.385810390114784241e-02
2.393260598182678223e-02
2.400432154536247253e-02
2.407332323491573334e-02
2.413968741893768311e-02
2.420347556471824646e-02
2.426481246948242188e-02
2.432378567755222321e-02
2.438049577176570892e-02
2.443508617579936981e-02
2.448767051100730896e-02
2.453838847577571869e-02
2.458738163113594055e-02
2.463477849960327148e-02
2.468072436749935150e-02
2.472536824643611908e-02
2.476885169744491577e-02
2.481132186949253082e-02
2.485290169715881348e-02
2.489372156560420990e-02
2.493391185998916626e-02
2.497355639934539795e-02
2.501279860734939575e-02
2.505168877542018890e-02
2.509033493697643280e-02
2.512879855930805206e-02
2.516714669764041901e-02
2.520539984107017517e-02
2.524360455572605133e-02
2.528177760541439056e-02
2.531992830336093903e-02
2.535806037485599518e-02
2.539616823196411133e-02
2.543425746262073517e-02
2.547225542366504669e-02
2.551016584038734436e-02
2.554796636104583740e-02
2.558561041951179504e-02
2.562310919165611267e-02
2.566039934754371643e-02
2.569748274981975555e-02
2.573435939848423004e-02
2.577104978263378143e-02
2.580757252871990204e-02
2.584400586783885956e-02
2.588038705289363861e-02
2.591686695814132690e-02
2.595356665551662445e-02
2.599064074456691742e-02
2.602827362716197968e-02
2.606669254601001740e-02
2.610610425472259521e-02
2.614669315516948700e-02
2.618863806128501892e-02
2.623202465474605560e-02
2.627693675458431244e-02
2.632325701415538788e-02
2.637085877358913422e-02
2.641946449875831604e-02
2.646871097385883331e-02
2.651811949908733368e-02
2.656723372638225555e-02
2.661551162600517273e-02
2.666246518492698669e-02
2.670762501657009125e-02
2.675062976777553558e-02
2.679111994802951813e-02
2.682879567146301270e-02
2.686353400349617004e-02
2.689516544342041016e-02
2.692361362278461456e-02
2.694884128868579865e-02
2.697081863880157471e-02
2.698956429958343506e-02
2.700512856245040894e-02
2.701748348772525787e-02
2.702668122947216034e-02
2.703275717794895172e-02
2.703571878373622894e-02
2.703650668263435364e-02
2.703976258635520935e-02
2.704612165689468384e-02
2.705554850399494171e-02
2.706803381443023682e-02
2.708349563181400299e-02
2.710190415382385254e-02
2.712317183613777161e-02
2.714716643095016479e-02
2.717378176748752594e-02
2.720283344388008118e-02
2.723418362438678741e-02
2.726756595075130463e-02
2.730279043316841125e-02
2.733957581222057343e-02
2.737766876816749573e-02
2.741682715713977814e-02
2.745678462088108063e-02
2.749732136726379395e-02
2.753821946680545807e-02
2.757931128144264221e-02
2.762044593691825867e-02
2.766157314181327820e-02
2.770256437361240387e-02
2.774347923696041107e-02
2.778423950076103210e-02
2.782490849494934082e-02
2.786554209887981415e-02
2.790620736777782440e-02
2.794696949422359467e-02
2.798791229724884033e-02
2.802908979356288910e-02
2.807059325277805328e-02
2.811247482895851135e-02
2.815478853881359100e-02
2.819759398698806763e-02
2.824093960225582123e-02
2.828483283519744873e-02
2.832931652665138245e-02
2.837442606687545776e-02
2.842019684612751007e-02
2.846656925976276398e-02
2.851361595094203949e-02
2.856132388114929199e-02
2.860971353948116302e-02
2.865877933800220490e-02
2.870851196348667145e-02
2.875895239412784576e-02
2.881003171205520630e-02
2.886183932423591614e-02
2.891432493925094604e-02
2.896750345826148987e-02
2.902142144739627838e-02
2.907603420317173004e-02
2.913140319287776947e-02
2.918752655386924744e-02
2.924441359937191010e-02
2.930212579667568207e-02
2.936066500842571259e-02
2.942008338868618011e-02
2.948038466274738312e-02
2.954164519906044006e-02
2.960392460227012634e-02
2.966726385056972504e-02
2.973173931241035461e-02
2.979742735624313354e-02
2.986438013613224030e-02
2.993272058665752411e-02
3.000249713659286499e-02
3.007387742400169373e-02
3.014695271849632263e-02
3.022185340523719788e-02
3.029872290790081024e-02
3.037769347429275513e-02
3.045891411602497101e-02
3.054256923496723175e-02
3.062884323298931122e-02
3.071792051196098328e-02
3.081000223755836487e-02
3.090531006455421448e-02
3.100403398275375366e-02
3.110642731189727783e-02
3.121272474527359009e-02
3.132315725088119507e-02
3.143797069787979126e-02
3.155745565891265869e-02
3.168182820081710815e-02
3.181137144565582275e-02
3.194633498787879944e-02
3.208696842193603516e-02
3.223351016640663147e-02
3.238625079393386841e-02
3.254533559083938599e-02
3.271111100912094116e-02
3.288363292813301086e-02
3.306320309638977051e-02
3.324990719556808472e-02
3.344396129250526428e-02
3.364542871713638306e-02
3.385438024997711182e-02
3.407092392444610596e-02
3.429505228996276855e-02
3.452672809362411499e-02
3.476596623659133911e-02
3.501263633370399475e-02
3.526666760444641113e-02
3.552789241075515747e-02
3.579609841108322144e-02
3.607113286852836609e-02
3.635273128747940063e-02
3.664064779877662659e-02
3.693464398384094238e-02
3.723438456654548645e-02
3.753961995244026184e-02
3.785005956888198853e-02
3.816539794206619263e-02
3.848541900515556335e-02
3.880985826253890991e-02
3.913851454854011536e-02
3.947120904922485352e-02
3.980784118175506592e-02
4.014830663800239563e-02
4.049264639616012573e-02
4.084090888500213623e-02
4.119318351149559021e-02
4.154979065060615540e-02
4.191096872091293335e-02
4.227717593312263489e-02
4.264892265200614929e-02
4.302679374814033508e-02
