1.065608952194452286e-02
1.121812593191862106e-02
1.181778591126203537e-02
1.243413891643285751e-02
1.303857285529375076e-02
1.360402908176183701e-02
1.411748118698596954e-02
1.458513550460338593e-02
1.502465922385454178e-02
1.545223966240882874e-02
1.587542332708835602e-02
1.629375480115413666e-02
1.670308224856853485e-02
1.709911972284317017e-02
1.747909188270568848e-02
1.784192770719528198e-02
1.818772964179515839e-02
1.851734519004821777e-02
1.883173920214176178e-02
1.913178898394107819e-02
1.941809058189392090e-02
1.969087310135364532e-02
1.995024457573890686e-02
2.019603177905082703e-02
2.042818814516067505e-02
2.064671181142330170e-02
2.085185423493385315e-02
2.104421332478523254e-02
2.122459188103675842e-02
2.139406651258468628e-02
2.155375480651855469e-02
2.170468680560588837e-02
2.184776775538921356e-02
2.198367379605770111e-02
2.211309410631656647e-02
2.223692461848258972e-02
2.235628105700016022e-02
2.247248403728008270e-02
2.258666418492794037e-02
2.269955538213253021e-02
2.281142026185989380e-02
2.292221970856189728e-02
2.303175441920757294e-02
2.313975989818572998e-02
2.324596233665943146e-02
2.335006743669509888e-02
2.345174737274646759e-02
2.355058677494525909e-02
2.364629507064819336e-02
2.373844198882579803e-02
2.382681518793106079e-02
2.391121722757816315e-02
2.399158477783203125e-02
2.406794577836990356e-02
2.414041198790073395e-02
2.420913614332675934e-02
2.427434176206588745e-02
2.433625236153602600e-02
2.439509890973567963e-02
2.445113658905029297e-02
2.450459450483322144e-02
2.455569617450237274e-02
2.460465021431446075e-02
2.465167082846164703e-02
2.469696104526519775e-02
2.474073506891727448e-02
2.478317357599735260e-02
2.482444979250431061e-02
2.486474253237247467e-02
2.490423247218132019e-02
2.494302019476890564e-02
2.498121932148933411e-02
2.501890622079372406e-02
2.505616657435894012e-02
2.509298361837863922e-02
2.512945048511028290e-02
2.516564913094043732e-02
2.520167641341686249e-02
2.523772791028022766e-02
2.527398802340030670e-02
2.531065233051776886e-02
2.534784004092216492e-02
2.538560144603252411e-02
2.542383410036563873e-02
2.546235732734203339e-02
2.550095692276954651e-02
2.553939633071422577e-02
2.557756006717681885e-02
2.561534941196441650e-02
2.565278671681880951e-02
2.568999305367469788e-02
2.572715654969215393e-02
2.576445415616035461e-02
2.580212242901325226e-02
2.584034577012062073e-02
2.587931789457798004e-02
2.591911330819129944e-02
2.595984749495983124e-02
2.600150741636753082e-02
2.604403905570507050e-02
2.608731761574745178e-02
2.613114938139915466e-02
2.617528848350048065e-02
2.621943503618240356e-02
2.626326307654380798e-02
2.630645968019962311e-02
2.634867280721664429e-02
2.638960629701614380e-02
2.642897702753543854e-02
2.646657265722751617e-02
2.650221437215805054e-02
2.653580904006958008e-02
2.656729519367218018e-02
2.659674920141696930e-02
2.662424370646476746e-02
2.665001526474952698e-02
2.667447924613952637e-02
2.669832110404968262e-02
2.672261558473110199e-02
2.674888074398040771e-02
2.677904069423675537e-02
2.681494131684303284e-02
2.685748413205146790e-02
2.690559998154640198e-02
2.695602551102638245e-02
2.700436487793922424e-02
2.704676426947116852e-02
2.708101645112037659e-02
2.710633166134357452e-02
2.712276577949523926e-02
2.713066153228282928e-02
2.713274210691452026e-02
2.714136242866516113e-02
2.715782821178436279e-02
2.718139067292213440e-02
2.721072360873222351e-02
2.724398858845233917e-02
2.727900072932243347e-02
2.731379121541976929e-02
2.734697796404361725e-02
2.737809531390666962e-02
2.740733511745929718e-02
2.743531577289104462e-02
2.746271155774593353e-02
2.749012596905231476e-02
2.751789800822734833e-02
2.754620648920536041e-02
2.757508493959903717e-02
2.760446071624755859e-02
2.763422392308712006e-02
2.766425907611846924e-02
2.769449725747108459e-02
2.772487886250019073e-02
2.775537781417369843e-02
2.778603136539459229e-02
2.781689725816249847e-02
2.784806117415428162e-02
2.787965722382068634e-02
2.791178226470947266e-02
2.794459275901317596e-02
2.797820419073104858e-02
2.801271341741085052e-02
2.804827503859996796e-02
2.808490581810474396e-02
2.812278084456920624e-02
2.816191501915454865e-02
2.820237167179584503e-02
2.824421226978302002e-02
2.828746102750301361e-02
2.833216451108455658e-02
2.837832458317279816e-02
2.842594496905803680e-02
2.847503311932086945e-02
2.852554619312286377e-02
2.857747673988342285e-02
2.863073907792568207e-02
2.868528664112091064e-02
2.874098904430866241e-02
2.879777364432811737e-02
2.885546907782554626e-02
2.891395427286624908e-02
2.897307090461254120e-02
2.903265878558158875e-02
2.909259498119354248e-02
2.915268391370773315e-02
2.921283431351184845e-02
2.927294000983238220e-02
2.933289483189582825e-02
2.939268387854099274e-02
2.945227734744548798e-02
2.951174415647983551e-02
2.957109548151493073e-02
2.963047102093696594e-02
2.968999743461608887e-02
2.974976785480976105e-02
2.980992011725902557e-02
2.987058274447917938e-02
2.993185259401798248e-02
2.999385073781013489e-02
3.005667403340339661e-02
3.012048453092575073e-02
3.018543310463428497e-02
3.025172650814056396e-02
3.031960874795913696e-02
3.038928657770156860e-02
3.046099841594696045e-02
3.053496219217777252e-02
3.061147592961788177e-02
3.069085814058780670e-02
3.077352978289127350e-02
3.085996769368648529e-02
3.095072880387306213e-02
3.104649111628532410e-02
3.114788234233856201e-02
3.125555813312530518e-02
3.137019649147987366e-02
3.149232640862464905e-02
3.162240236997604370e-02
3.176072612404823303e-02
3.190740197896957397e-02
3.206229954957962036e-02
3.222497925162315369e-02
3.239479288458824158e-02
3.257076069712638855e-02
3.275167569518089294e-02
3.293626755475997925e-02
3.312320634722709656e-02
3.331144154071807861e-02
3.350031003355979919e-02
3.368980064988136292e-02
3.388062864542007446e-02
3.407424688339233398e-02
3.427269682288169861e-02
3.447831049561500549e-02
3.469339385628700256e-02
3.491984307765960693e-02
3.515889868140220642e-02
3.541109710931777954e-02
3.567621484398841858e-02
3.595334663987159729e-02
3.624126687645912170e-02
3.653845191001892090e-02
3.684335574507713318e-02
3.715457022190093994e-02
3.747100755572319031e-02
3.779187053442001343e-02
3.811673074960708618e-02
3.844557330012321472e-02
3.877849504351615906e-02
3.911579400300979614e-02
3.945753350853919983e-02
3.980330377817153931e-02
4.015212506055831909e-02
4.050217568874359131e-02
4.085120931267738342e-02
4.119696095585823059e-02
4.153795167803764343e-02
4.187449812889099121e-02
4.220921173691749573e-02
4.254715517163276672e-02
4.289509728550910950e-02
