9.947711601853370667e-03
1.039074081927537918e-02
1.086341589689254761e-02
1.136050932109355927e-02
1.187585666775703430e-02
1.240271236747503281e-02
1.293426007032394409e-02
1.346408855170011520e-02
1.398647204041481018e-02
1.449662167578935623e-02
1.499076932668685913e-02
1.546619553118944168e-02
1.592115499079227448e-02
1.635473407804965973e-02
1.676671579480171204e-02
1.715737581253051758e-02
1.752744801342487335e-02
1.787785254418849945e-02
1.820966787636280060e-02
1.852403208613395691e-02
1.882207579910755157e-02
1.910488493740558624e-02
1.937345042824745178e-02
1.962873898446559906e-02
1.987160556018352509e-02
2.010278590023517609e-02
2.032302320003509521e-02
2.053295634686946869e-02
2.073316089808940887e-02
2.092415280640125275e-02
2.110649272799491882e-02
2.128063142299652100e-02
2.144701220095157623e-02
2.160608209669589996e-02
2.175823226571083069e-02
2.190384827554225922e-02
2.204332314431667328e-02
2.217698469758033752e-02
2.230517193675041199e-02
2.242823131382465363e-02
2.254642359912395477e-02
2.266007289290428162e-02
2.276938781142234802e-02
2.287467382848262787e-02
2.297613769769668579e-02
2.307398431003093719e-02
2.316842228174209595e-02
2.325963042676448822e-02
2.334778383374214172e-02
2.343301288783550262e-02
2.351546287536621094e-02
2.359529584646224976e-02
2.367256954312324524e-02
2.374742366373538971e-02
2.381996065378189087e-02
2.389023080468177795e-02
2.395832724869251251e-02
2.402431517839431763e-02
2.408824861049652100e-02
2.415019832551479340e-02
2.421017736196517944e-02
2.426826767623424530e-02
2.432447299361228943e-02
2.437887527048587799e-02
2.443146891891956329e-02
2.448231913149356842e-02
2.453143335878849030e-02
2.457888238131999969e-02
2.462467923760414124e-02
2.466889843344688416e-02
2.471156232059001923e-02
2.475276589393615723e-02
2.479251474142074585e-02
2.483097650110721588e-02
2.486816421151161194e-02
2.490421384572982788e-02
2.493922784924507141e-02
2.497332356870174408e-02
2.500662766396999359e-02
2.503928914666175842e-02
2.507141977548599243e-02
2.510323934257030487e-02
2.513490058481693268e-02
2.516653761267662048e-02
2.519835904240608215e-02
2.523052133619785309e-02
2.526320330798625946e-02
2.529658749699592590e-02
2.533080615103244781e-02
2.536606974899768829e-02
2.540246397256851196e-02
2.544014900922775269e-02
2.547922171652317047e-02
2.551976405084133148e-02
2.556182630360126495e-02
2.560544945299625397e-02
2.565060742199420929e-02
2.569728158414363861e-02
2.574534900486469269e-02
2.579471282660961151e-02
2.584518119692802429e-02
2.589658647775650024e-02
2.594867721199989319e-02
2.600122429430484772e-02
2.605392597615718842e-02
2.610653638839721680e-02
2.615875191986560822e-02
2.621031552553176880e-02
2.626094408333301544e-02
2.631039917469024658e-02
2.635844983160495758e-02
2.640489302575588226e-02
2.644955553114414215e-02
2.649226412177085876e-02
2.653292007744312286e-02
2.657137811183929443e-02
2.660760655999183655e-02
2.664147317409515381e-02
2.667297981679439545e-02
2.670208923518657684e-02
2.672873809933662415e-02
2.675296179950237274e-02
2.677473612129688263e-02
2.679404057562351227e-02
2.681089937686920166e-02
2.682531252503395081e-02
2.683730237185955048e-02
2.684682607650756836e-02
2.685395628213882446e-02
2.685866691172122955e-02
2.686096541583538055e-02
2.686155959963798523e-02
2.686409465968608856e-02
2.686902694404125214e-02
2.687638439238071442e-02
2.688612602651119232e-02
2.689825370907783508e-02
2.691273391246795654e-02
2.692961320281028748e-02
2.694879285991191864e-02
2.697028778493404388e-02
2.699404209852218628e-02
2.702002413570880890e-02
2.704816870391368866e-02
2.707842737436294556e-02
2.711073309183120728e-02
2.714499272406101227e-02
2.718112617731094360e-02
2.721902728080749512e-02
2.725860103964805603e-02
2.729969099164009094e-02
2.734222076833248138e-02
2.738601714372634888e-02
2.743095532059669495e-02
2.747691981494426727e-02
2.752373740077018738e-02
2.757128700613975525e-02
2.761943638324737549e-02
2.766807004809379578e-02
2.771701104938983917e-02
2.776618301868438721e-02
2.781550586223602295e-02
2.786483615636825562e-02
2.791410684585571289e-02
2.796327695250511169e-02
2.801227755844593048e-02
2.806104160845279694e-02
2.810956351459026337e-02
2.815781533718109131e-02
2.820578217506408691e-02
2.825345471501350403e-02
2.830087952315807343e-02
2.834805287420749664e-02
2.839502133429050446e-02
2.844179049134254456e-02
2.848843298852443695e-02
2.853496372699737549e-02
2.858145907521247864e-02
2.862800657749176025e-02
2.867462299764156342e-02
2.872139215469360352e-02
2.876837924122810364e-02
2.881567366421222687e-02
2.886334247887134552e-02
2.891142293810844421e-02
2.896006591618061066e-02
2.900931984186172485e-02
2.905926480889320374e-02
2.911000326275825500e-02
2.916160225868225098e-02
2.921416983008384705e-02
2.926781773567199707e-02
2.932259254157543182e-02
2.937863394618034363e-02
2.943602949380874634e-02
2.949489653110504150e-02
2.955531515181064606e-02
2.961742132902145386e-02
2.968129329383373260e-02
2.974710613489151001e-02
2.981494180858135223e-02
2.988491579890251160e-02
2.995719760656356812e-02
3.003187477588653564e-02
3.010911680757999420e-02
3.018906153738498688e-02
3.027184121310710907e-02
3.035761229693889618e-02
3.044652752578258514e-02
3.053874336183071136e-02
3.063440509140491486e-02
3.073369897902011871e-02
3.083680011332035065e-02
3.094382584095001221e-02
3.105499781668186188e-02
3.117042966187000275e-02
3.129032626748085022e-02
3.141484782099723816e-02
3.154412657022476196e-02
3.167835995554924011e-02
3.181767091155052185e-02
3.196219727396965027e-02
3.211208805441856384e-02
3.226749598979949951e-02
3.242848441004753113e-02
3.259517997503280640e-02
3.276770934462547302e-02
3.294611349701881409e-02
3.313046693801879883e-02
3.332084789872169495e-02
3.351724147796630859e-02
3.371972963213920593e-02
3.392830863595008850e-02
3.414298593997955322e-02
3.436378389596939087e-02
3.459068387746810913e-02
3.482366353273391724e-02
3.506273403763771057e-02
3.530786558985710144e-02
3.555905818939208984e-02
3.581634536385536194e-02
3.607979789376258850e-02
3.634936362504959106e-02
3.662518411874771118e-02
3.690731525421142578e-02
3.719589859247207642e-02
3.749107941985130310e-02
3.779307380318641663e-02
3.810205683112144470e-02
3.841831162571907043e-02
3.874218091368675232e-02
3.907395899295806885e-02
3.941404074430465698e-02
3.976286575198173523e-02
4.012087732553482056e-02
4.048860445618629456e-02
4.086657986044883728e-02
4.125538840889930725e-02
4.165562242269515991e-02
4.206799715757369995e-02
4.249317944049835205e-02
