9.475097060203552246e-03
1.008521113544702530e-02
1.071408111602067947e-02
1.134338881820440292e-02
1.196311041712760925e-02
1.256613805890083313e-02
1.314507052302360535e-02
1.369269099086523056e-02
1.420391257852315903e-02
1.467802654951810837e-02
1.511960383504629135e-02
1.553705241531133652e-02
1.593954302370548248e-02
1.633470132946968079e-02
1.672697812318801880e-02
1.711663976311683655e-02
1.749939657747745514e-02
1.786798238754272461e-02
1.821550540626049042e-02
1.853933744132518768e-02
1.884200982749462128e-02
1.912892982363700867e-02
1.940478943288326263e-02
1.967138238251209259e-02
1.992769353091716766e-02
2.017138525843620300e-02
2.040033787488937378e-02
2.061352692544460297e-02
2.081106230616569519e-02
2.099412679672241211e-02
2.116439864039421082e-02
2.132371254265308380e-02
2.147393114864826202e-02
2.161662466824054718e-02
2.175317704677581787e-02
2.188465185463428497e-02
2.201190032064914703e-02
2.213553525507450104e-02
2.225600741803646088e-02
2.237362787127494812e-02
2.248862385749816895e-02
2.260108850896358490e-02
2.271113544702529907e-02
2.281877025961875916e-02
2.292395755648612976e-02
2.302672341465950012e-02
2.312699705362319946e-02
2.322472445666790009e-02
2.331984788179397583e-02
2.341226674616336823e-02
2.350193448364734650e-02
2.358874864876270294e-02
2.367264591157436371e-02
2.375356480479240417e-02
2.383144386112689972e-02
2.390622533857822418e-02
2.397792600095272064e-02
2.404655329883098602e-02
2.411209233105182648e-02
2.417465671896934509e-02
2.423430234193801880e-02
2.429112978279590607e-02
2.434530667960643768e-02
2.439694479107856750e-02
2.444622851908206940e-02
2.449334599077701569e-02
2.453845739364624023e-02
2.458180859684944153e-02
2.462357282638549805e-02
2.466392517089843750e-02
2.470312453806400299e-02
2.474133297801017761e-02
2.477874234318733215e-02
2.481556683778762817e-02
2.485197037458419800e-02
2.488810755312442780e-02
2.492415159940719604e-02
2.496022358536720276e-02
2.499647997319698334e-02
2.503300644457340240e-02
2.506992220878601074e-02
2.510728128254413605e-02
2.514515444636344910e-02
2.518357522785663605e-02
2.522255852818489075e-02
2.526207454502582550e-02
2.530214935541152954e-02
2.534272149205207825e-02
2.538372203707695007e-02
2.542510628700256348e-02
2.546676248311996460e-02
2.550861984491348267e-02
2.555057592689990997e-02
2.559253759682178497e-02
2.563443407416343689e-02
2.567617595195770264e-02
2.571769058704376221e-02
2.575895562767982483e-02
2.579997293651103973e-02
2.584072761237621307e-02
2.588129043579101562e-02
2.592168934643268585e-02
2.596203610301017761e-02
2.600236609578132629e-02
2.604272402822971344e-02
2.608306147158145905e-02
2.612328156828880310e-02
2.616308815777301788e-02
2.620214037597179413e-02
2.623991295695304871e-02
2.627591788768768311e-02
2.630969695746898651e-02
2.634109556674957275e-02
2.637030929327011108e-02
2.639804035425186157e-02
2.642540633678436279e-02
2.645380422472953796e-02
2.648461982607841492e-02
2.651874721050262451e-02
2.655642852187156677e-02
2.659703232347965240e-02
2.663929760456085205e-02
2.668155729770660400e-02
2.672214806079864502e-02
2.675958164036273956e-02
2.679277025163173676e-02
2.682098560035228729e-02
2.684373222291469574e-02
2.686081081628799438e-02
2.687214501202106476e-02
2.687763608992099762e-02
2.687910944223403931e-02
2.688520774245262146e-02
2.689709328114986420e-02
2.691473439335823059e-02
2.693799696862697601e-02
2.696667797863483429e-02
2.700033038854598999e-02
2.703830040991306305e-02
2.707966230809688568e-02
2.712332457304000854e-02
2.716802246868610382e-02
2.721251919865608215e-02
2.725576050579547882e-02
2.729694172739982605e-02
2.733556553721427917e-02
2.737153694033622742e-02
2.740500122308731079e-02
2.743633463978767395e-02
2.746598422527313232e-02
2.749450318515300751e-02
2.752230688929557800e-02
2.754984796047210693e-02
2.757748402655124664e-02
2.760546654462814331e-02
2.763398177921772003e-02
2.766322344541549683e-02
2.769328281283378601e-02
2.772422321140766144e-02
2.775609306991100311e-02
2.778897993266582489e-02
2.782288007438182831e-02
2.785785496234893799e-02
2.789388783276081085e-02
2.793105877935886383e-02
2.796936966478824615e-02
2.800885215401649475e-02
2.804955653846263885e-02
2.809149399399757385e-02
2.813474833965301514e-02
2.817932143807411194e-02
2.822524867951869965e-02
2.827256917953491211e-02
2.832131087779998779e-02
2.837150171399116516e-02
2.842310816049575806e-02
2.847613953053951263e-02
2.853053435683250427e-02
2.858628146350383759e-02
2.864324674010276794e-02
2.870133332908153534e-02
2.876040339469909668e-02
2.882030606269836426e-02
2.888088300824165344e-02
2.894192747771739960e-02
2.900330163538455963e-02
2.906483411788940430e-02
2.912634797394275665e-02
2.918774075806140900e-02
2.924889698624610901e-02
2.930975705385208130e-02
2.937026135623455048e-02
2.943041734397411346e-02
2.949018031358718872e-02
2.954963780939579010e-02
2.960888296365737915e-02
2.966797538101673126e-02
2.972708642482757568e-02
2.978639677166938782e-02
2.984607405960559845e-02
2.990637533366680145e-02
2.996760606765747070e-02
3.003000281751155853e-02
3.009390458464622498e-02
3.015965409576892853e-02
3.022756986320018768e-02
3.029803559184074402e-02
3.037143498659133911e-02
3.044810518622398376e-02
3.052847646176815033e-02
3.061292693018913269e-02
3.070183470845222473e-02
3.079559653997421265e-02
3.089457564055919647e-02
3.099914640188217163e-02
3.110964968800544739e-02
3.122632950544357300e-02
3.134948387742042542e-02
3.147925436496734619e-02
3.161576017737388611e-02
3.175901249051094055e-02
3.190895915031433105e-02
3.206538408994674683e-02
3.222801536321640015e-02
3.239645436406135559e-02
3.257026150822639465e-02
3.274891898036003113e-02
3.293189406394958496e-02
3.311871364712715149e-02
3.330906108021736145e-02
3.350268676877021790e-02
3.369958326220512390e-02
3.390013426542282104e-02
3.410487994551658630e-02
3.431477397680282593e-02
3.453098982572555542e-02
3.475491330027580261e-02
3.498806804418563843e-02
3.523187711834907532e-02
3.548762202262878418e-02
3.575617447495460510e-02
3.603791445493698120e-02
3.633257374167442322e-02
3.663919866085052490e-02
3.695633634924888611e-02
3.728188946843147278e-02
3.761366009712219238e-02
3.794937580823898315e-02
3.828697279095649719e-02
3.862490877509117126e-02
3.896219655871391296e-02
3.929847106337547302e-02
3.963395580649375916e-02
3.996941447257995605e-02
4.030588641762733459e-02
4.064470529556274414e-02
4.098720848560333252e-02
4.133456200361251831e-02
4.168779402971267700e-02
4.204775020480155945e-02
4.241481795907020569e-02
