9.531952440738677979e-03
1.009880565106868744e-02
1.071083266288042068e-02
1.134011242538690567e-02
1.196208968758583069e-02
1.256154756993055344e-02
1.313213165849447250e-02
1.367206685245037079e-02
1.418086886405944824e-02
1.465897727757692337e-02
1.510895043611526489e-02
1.553580723702907562e-02
1.594586484134197235e-02
1.634491048753261566e-02
1.673659682273864746e-02
1.712176762521266937e-02
1.749887317419052124e-02
1.786503940820693970e-02
1.821727305650711060e-02
1.855343021452426910e-02
1.887239702045917511e-02
1.917405053973197937e-02
1.945892721414566040e-02
1.972782053053379059e-02
1.998163200914859772e-02
2.022121101617813110e-02
2.044734731316566467e-02
2.066074684262275696e-02
2.086206339299678802e-02
2.105198986828327179e-02
2.123110182583332062e-02
2.140007540583610535e-02
2.155956067144870758e-02
2.171025797724723816e-02
2.185288257896900177e-02
2.198818512260913849e-02
2.211689762771129608e-02
2.223978936672210693e-02
2.235756814479827881e-02
2.247095480561256409e-02
2.258059568703174591e-02
2.268713340163230896e-02
2.279105223715305328e-02
2.289284393191337585e-02
2.299279533326625824e-02
2.309116348624229431e-02
2.318801172077655792e-02
2.328334562480449677e-02
2.337699197232723236e-02
2.346867322921752930e-02
2.355809696018695831e-02
2.364491298794746399e-02
2.372869849205017090e-02
2.380912378430366516e-02
2.388590015470981598e-02
2.395885623991489410e-02
2.402786724269390106e-02
2.409293502569198608e-02
2.415419928729534149e-02
2.421182952821254730e-02
2.426611445844173431e-02
2.431736886501312256e-02
2.436592243611812592e-02
2.441214025020599365e-02
2.445637248456478119e-02
2.449893951416015625e-02
2.454017102718353271e-02
2.458028309047222137e-02
2.461952716112136841e-02
2.465812675654888153e-02
2.469621412456035614e-02
2.473395504057407379e-02
2.477142773568630219e-02
2.480874396860599518e-02
2.484596148133277893e-02
2.488313242793083191e-02
2.492032200098037720e-02
2.495752461254596710e-02
2.499480172991752625e-02
2.503217011690139771e-02
2.506963536143302917e-02
2.510723657906055450e-02
2.514497749507427216e-02
2.518287487328052521e-02
2.522095851600170135e-02
2.525924518704414368e-02
2.529774606227874756e-02
2.533649839460849762e-02
2.537551522254943848e-02
2.541478537023067474e-02
2.545436657965183258e-02
2.549422159790992737e-02
2.553438767790794373e-02
2.557484246790409088e-02
2.561561390757560730e-02
2.565666101872920990e-02
2.569796144962310791e-02
2.573948167264461517e-02
2.578118816018104553e-02
2.582301013171672821e-02
2.586487680673599243e-02
2.590673975646495819e-02
2.594846114516258240e-02
2.598994038999080658e-02
2.603104524314403534e-02
2.607162110507488251e-02
2.611147984862327576e-02
2.615040168166160583e-02
2.618817053735256195e-02
2.622448652982711792e-02
2.625909075140953064e-02
2.629174478352069855e-02
2.632235363125801086e-02
2.635096572339534760e-02
2.637797221541404724e-02
2.640417031943798065e-02
2.643067762255668640e-02
2.645888738334178925e-02
2.649005502462387085e-02
2.652501873672008514e-02
2.656374499201774597e-02
2.660537324845790863e-02
2.664830163121223450e-02
2.669058181345462799e-02
2.673035115003585815e-02
2.676607482135295868e-02
2.679667063057422638e-02
2.682145871222019196e-02
2.684007957577705383e-02
2.685243077576160431e-02
2.685843594372272491e-02
2.686003968119621277e-02
2.686668746173381805e-02
2.687963843345642090e-02
2.689883485436439514e-02
2.692406997084617615e-02
2.695498056709766388e-02
2.699082903563976288e-02
2.703066170215606689e-02
2.707309275865554810e-02
2.711662463843822479e-02
2.715968526899814606e-02
2.720099687576293945e-02
2.723965421319007874e-02
2.727521210908889771e-02
2.730771154165267944e-02
2.733755484223365784e-02
2.736527472734451294e-02
2.739148400723934174e-02
2.741676755249500275e-02
2.744163945317268372e-02
2.746651880443096161e-02
2.749169431626796722e-02
2.751745097339153290e-02
2.754393406212329865e-02
2.757128700613975525e-02
2.759956195950508118e-02
2.762886881828308105e-02
2.765920944511890411e-02
2.769066393375396729e-02
2.772321365773677826e-02
2.775692194700241089e-02
2.779181115329265594e-02
2.782790735363960266e-02
2.786523662507534027e-02
2.790384739637374878e-02
2.794372290372848511e-02
2.798494324088096619e-02
2.802747115492820740e-02
2.807137183845043182e-02
2.811661921441555023e-02
2.816322445869445801e-02
2.821113541722297668e-02
2.826039679348468781e-02
2.831094712018966675e-02
2.836273610591888428e-02
2.841570414602756500e-02
2.846979722380638123e-02
2.852493710815906525e-02
2.858101762831211090e-02
2.863796800374984741e-02
2.869569696485996246e-02
2.875404991209506989e-02
2.881297655403614044e-02
2.887232229113578796e-02
2.893198654055595398e-02
2.899187617003917694e-02
2.905189245939254761e-02
2.911194041371345520e-02
2.917197160422801971e-02
2.923191711306571960e-02
2.929175645112991333e-02
2.935144491493701935e-02
2.941105514764785767e-02
2.947054058313369751e-02
2.953001484274864197e-02
2.958957292139530182e-02
2.964929118752479553e-02
2.970931120216846466e-02
2.976983599364757538e-02
2.983103692531585693e-02
2.989313006401062012e-02
2.995637618005275726e-02
3.002102673053741455e-02
3.008737601339817047e-02
3.015572950243949890e-02
3.022642247378826141e-02
3.029979392886161804e-02
3.037613071501255035e-02
3.045589476823806763e-02
3.053938038647174835e-02
3.062696382403373718e-02
3.071900457143783569e-02
3.081585466861724854e-02
3.091782331466674805e-02
3.102524951100349426e-02
3.113834373652935028e-02
3.125739470124244690e-02
3.138256818056106567e-02
3.151398897171020508e-02
3.165172412991523743e-02
3.179574757814407349e-02
3.194598108530044556e-02
3.210226446390151978e-02
3.226434439420700073e-02
3.243194147944450378e-02
3.260464593768119812e-02
3.278212249279022217e-02
3.296396881341934204e-02
3.314984962344169617e-02
3.333956003189086914e-02
3.353304043412208557e-02
3.373044729232788086e-02
3.393212333321571350e-02
3.413879498839378357e-02
3.435131907463073730e-02
3.457073494791984558e-02
3.479820862412452698e-02
3.503489866852760315e-02
3.528176620602607727e-02
3.553959727287292480e-02
3.580878674983978271e-02
3.608934208750724792e-02
3.638093546032905579e-02
3.668281808495521545e-02
3.699396923184394836e-02
3.731311112642288208e-02
3.763884678483009338e-02
3.796965256333351135e-02
3.830413520336151123e-02
3.864092379808425903e-02
3.897895663976669312e-02
3.931733593344688416e-02
3.965550288558006287e-02
3.999320045113563538e-02
4.033054038882255554e-02
4.066805541515350342e-02
4.100648313760757446e-02
4.134705290198326111e-02
4.169131070375442505e-02
4.204111173748970032e-02
