1.073123794049024582e-02
1.109998207539319992e-02
1.148129720240831375e-02
1.187426224350929260e-02
1.227775029838085175e-02
1.269050128757953644e-02
1.311107445508241653e-02
1.353785302489995956e-02
1.396911498159170151e-02
1.440300699323415756e-02
1.483754534274339676e-02
1.527069788426160812e-02
1.570040732622146606e-02
1.612458750605583191e-02
1.654119603335857391e-02
1.694825664162635803e-02
1.734392531216144562e-02
1.772650703787803650e-02
1.809446327388286591e-02
1.844654977321624756e-02
1.878170110285282135e-02
1.909915171563625336e-02
1.939842104911804199e-02
1.967932470142841339e-02
1.994199678301811218e-02
2.018676698207855225e-02
2.041430771350860596e-02
2.062546275556087494e-02
2.082130126655101776e-02
2.100306376814842224e-02
2.117205969989299774e-02
2.132970467209815979e-02
2.147739380598068237e-02
2.161652781069278717e-02
2.174844965338706970e-02
2.187443152070045471e-02
2.199551276862621307e-02
2.211270667612552643e-02
2.222679741680622101e-02
2.233846113085746765e-02
2.244814671576023102e-02
2.255619876086711884e-02
2.266277186572551727e-02
2.276796475052833557e-02
2.287173829972743988e-02
2.297396212816238403e-02
2.307447046041488647e-02
2.317304722964763641e-02
2.326948568224906921e-02
2.336352877318859100e-02
2.345497719943523407e-02
2.354364283382892609e-02
2.362933009862899780e-02
2.371192350983619690e-02
2.379132620990276337e-02
2.386748977005481720e-02
2.394037507474422455e-02
2.401002123951911926e-02
2.407643571496009827e-02
2.413972094655036926e-02
2.419997006654739380e-02
2.425730414688587189e-02
2.431183122098445892e-02
2.436371706426143646e-02
2.441315166652202606e-02
2.446025237441062927e-02
2.450522035360336304e-02
2.454821765422821045e-02
2.458946593105792999e-02
2.462908998131752014e-02
2.466729842126369476e-02
2.470428310334682465e-02
2.474019676446914673e-02
2.477522194385528564e-02
2.480955608189105988e-02
2.484336122870445251e-02
2.487679198384284973e-02
2.491004765033721924e-02
2.494326792657375336e-02
2.497663348913192749e-02
2.501029707491397858e-02
2.504439279437065125e-02
2.507909946143627167e-02
2.511451393365859985e-02
2.515081502497196198e-02
2.518807165324687958e-02
2.522642724215984344e-02
2.526597678661346436e-02
2.530678175389766693e-02
2.534889988601207733e-02
2.539236098527908325e-02
2.543720602989196777e-02
2.548338845372200012e-02
2.553089521825313568e-02
2.557968162000179291e-02
2.562963962554931641e-02
2.568066120147705078e-02
2.573260664939880371e-02
2.578533627092838287e-02
2.583865262567996979e-02
2.589239925146102905e-02
2.594633027911186218e-02
2.600025199353694916e-02
2.605393901467323303e-02
2.610720135271549225e-02
2.615977264940738678e-02
2.621152251958847046e-02
2.626219391822814941e-02
2.631163224577903748e-02
2.635963633656501770e-02
2.640610001981258392e-02
2.645084448158740997e-02
2.649376355111598969e-02
2.653473988175392151e-02
2.657369710505008698e-02
2.661054395139217377e-02
2.664522640407085419e-02
2.667769044637680054e-02
2.670790068805217743e-02
2.673582918941974640e-02
2.676143124699592590e-02
2.678471617400646210e-02
2.680566534399986267e-02
2.682426571846008301e-02
2.684054337441921234e-02
2.685445360839366913e-02
2.686602808535099030e-02
2.687526308000087738e-02
2.688215300440788269e-02
2.688670530915260315e-02
2.688891999423503876e-02
2.688949368894100189e-02
2.689195983111858368e-02
2.689674310386180878e-02
2.690386585891246796e-02
2.691331133246421814e-02
2.692506276071071625e-02
2.693916112184524536e-02
2.695554494857788086e-02
2.697422355413436890e-02
2.699518203735351562e-02
2.701841108500957489e-02
2.704383805394172668e-02
2.707148343324661255e-02
2.710128203034400940e-02
2.713314816355705261e-02
2.716708928346633911e-02
2.720298431813716888e-02
2.724079228937625885e-02
2.728037722408771515e-02
2.732167951762676239e-02
2.736455202102661133e-02
2.740891091525554657e-02
2.745456062257289886e-02
2.750140242278575897e-02
2.754926681518554688e-02
2.759801223874092102e-02
2.764742448925971985e-02
2.769739553332328796e-02
2.774773724377155304e-02
2.779826521873474121e-02
2.784885466098785400e-02
2.789933234453201294e-02
2.794957347214221954e-02
2.799946069717407227e-02
2.804888039827346802e-02
2.809771709144115448e-02
2.814594283699989319e-02
2.819348126649856567e-02
2.824030816555023193e-02
2.828640677034854889e-02
2.833180315792560577e-02
2.837654203176498413e-02
2.842062525451183319e-02
2.846415340900421143e-02
2.850721590220928192e-02
2.854988910257816315e-02
2.859229221940040588e-02
2.863454632461071014e-02
2.867676503956317902e-02
2.871908619999885559e-02
2.876167558133602142e-02
2.880460768938064575e-02
2.884807251393795013e-02
2.889219112694263458e-02
2.893710695207118988e-02
2.898295968770980835e-02
2.902989648282527924e-02
2.907803468406200409e-02
2.912750653922557831e-02
2.917842008173465729e-02
2.923091687262058258e-02
2.928512357175350189e-02
2.934112772345542908e-02
2.939902991056442261e-02
2.945896983146667480e-02
2.952103316783905029e-02
2.958530932664871216e-02
2.965192124247550964e-02
2.972091920673847198e-02
2.979243174195289612e-02
2.986652962863445282e-02
2.994331344962120056e-02
3.002283908426761627e-02
3.010523691773414612e-02
3.019055724143981934e-02
3.027887642383575439e-02
3.037029504776000977e-02
3.046488575637340546e-02
3.056272305548191071e-02
3.066389635205268860e-02
3.076849319040775299e-02
3.087657876312732697e-02
3.098824433982372284e-02
3.110357746481895447e-02
3.122266568243503571e-02
3.134559839963912964e-02
3.147244453430175781e-02
3.160331770777702332e-02
3.173829242587089539e-02
3.187746554613113403e-02
3.202095255255699158e-02
3.216885402798652649e-02
3.232126310467720032e-02
3.247828409075737000e-02
3.264003247022628784e-02
3.280663117766380310e-02
3.297818452119827271e-02
3.315483033657073975e-02
3.333669155836105347e-02
3.352389857172966003e-02
3.371663764119148254e-02
3.391498699784278870e-02
3.411915898323059082e-02
3.432926908135414124e-02
3.454551845788955688e-02
3.476807102560997009e-02
3.499709814786911011e-02
3.523282706737518311e-02
3.547544032335281372e-02
3.572515025734901428e-02
3.598218783736228943e-02
3.624679893255233765e-02
3.651922941207885742e-02
3.679972887039184570e-02
3.708857670426368713e-02
3.738610073924064636e-02
3.769258409738540649e-02
3.800835832953453064e-02
3.833375871181488037e-02
3.866915404796600342e-02
3.901497274637222290e-02
3.937157616019248962e-02
3.973944485187530518e-02
4.011902213096618652e-02
4.051079601049423218e-02
4.091530665755271912e-02
4.133312404155731201e-02
4.176481440663337708e-02
4.221104457974433899e-02
4.267252981662750244e-02
