9.790152311325073242e-01
9.778864383697509766e-01
9.767314195632934570e-01
9.755658507347106934e-01
9.744042158126831055e-01
9.732585549354553223e-01
9.721383452415466309e-01
9.710507392883300781e-01
9.699998497962951660e-01
9.689883589744567871e-01
9.680171012878417969e-01
9.670861959457397461e-01
9.661947488784790039e-01
9.653419256210327148e-01
9.645265340805053711e-01
9.637476801872253418e-01
9.630040526390075684e-01
9.622947573661804199e-01
9.616189599037170410e-01
9.609756469726562500e-01
9.603640437126159668e-01
9.597830772399902344e-01
9.592318534851074219e-01
9.587092399597167969e-01
9.582141041755676270e-01
9.577452540397644043e-01
9.573012590408325195e-01
9.568809866905212402e-01
9.564827084541320801e-01
9.561052322387695312e-01
9.557469487190246582e-01
9.554065465927124023e-01
9.550824761390686035e-01
9.547736644744873047e-01
9.544786214828491211e-01
9.541963338851928711e-01
9.539257287979125977e-01
9.536657333374023438e-01
9.534155726432800293e-01
9.531744122505187988e-01
9.529418349266052246e-01
9.527170658111572266e-01
9.524996280670166016e-01
9.522891044616699219e-01
9.520852565765380859e-01
9.518877863883972168e-01
9.516963958740234375e-01
9.515108466148376465e-01
9.513309597969055176e-01
9.511566162109375000e-01
9.509878754615783691e-01
9.508243799209594727e-01
9.506659507751464844e-01
9.505127668380737305e-01
9.503647089004516602e-01
9.502214193344116211e-01
9.500830173492431641e-01
9.499493837356567383e-01
9.498204588890075684e-01
9.496959447860717773e-01
9.495758414268493652e-01
9.494600892066955566e-01
9.493484497070312500e-01
9.492408037185668945e-01
9.491370320320129395e-01
9.490369558334350586e-01
9.489405751228332520e-01
9.488474130630493164e-01
9.487574696540832520e-01
9.486705660820007324e-01
9.485865831375122070e-01
9.485050439834594727e-01
9.484258890151977539e-01
9.483489394187927246e-01
9.482739567756652832e-01
9.482005834579467773e-01
9.481286406517028809e-01
9.480579495429992676e-01
9.479879736900329590e-01
9.479187726974487305e-01
9.478498101234436035e-01
9.477807879447937012e-01
9.477117657661437988e-01
9.476420283317565918e-01
9.475715160369873047e-01
9.474999904632568359e-01
9.474271535873413086e-01
9.473526477813720703e-01
9.472764730453491211e-01
9.471983313560485840e-01
9.471181035041809082e-01
9.470355510711669922e-01
9.469507932662963867e-01
9.468636512756347656e-01
9.467743039131164551e-01
9.466827511787414551e-01
9.465891718864440918e-01
9.464936852455139160e-01
9.463965296745300293e-01
9.462980031967163086e-01
9.461984038352966309e-01
9.460979700088500977e-01
9.459972381591796875e-01
9.458966851234436035e-01
9.457963109016418457e-01
9.456969499588012695e-01
9.455987811088562012e-01
9.455022215843200684e-01
9.454075694084167480e-01
9.453154206275939941e-01
9.452258348464965820e-01
9.451392292976379395e-01
9.450559020042419434e-01
9.449761509895324707e-01
9.448999166488647461e-01
9.448277950286865234e-01
9.447596669197082520e-01
9.446955919265747070e-01
9.446360468864440918e-01
9.445807337760925293e-01
9.445300102233886719e-01
9.444837570190429688e-01
9.444420337677001953e-01
9.444050788879394531e-01
9.443726539611816406e-01
9.443447589874267578e-01
9.443216919898986816e-01
9.443032145500183105e-01
9.442893862724304199e-01
9.442803263664245605e-01
9.442759156227111816e-01
9.442747235298156738e-01
9.442698359489440918e-01
9.442601799964904785e-01
9.442459344863891602e-01
9.442269802093505859e-01
9.442033767700195312e-01
9.441751241683959961e-01
9.441421627998352051e-01
9.441046714782714844e-01
9.440624117851257324e-01
9.440156221389770508e-01
9.439642429351806641e-01
9.439083337783813477e-01
9.438480138778686523e-01
9.437832832336425781e-01
9.437143802642822266e-01
9.436411857604980469e-01
9.435641765594482422e-01
9.434832930564880371e-01
9.433987140655517578e-01
9.433108568191528320e-01
9.432199001312255859e-01
9.431260228157043457e-01
9.430296421051025391e-01
9.429311752319335938e-01
9.428306818008422852e-01
9.427287578582763672e-01
9.426258206367492676e-01
9.425219893455505371e-01
9.424178004264831543e-01
9.423135519027709961e-01
9.422096014022827148e-01
9.421063065528869629e-01
9.420039057731628418e-01
9.419026970863342285e-01
9.418027400970458984e-01
9.417043328285217285e-01
9.416074752807617188e-01
9.415122866630554199e-01
9.414187669754028320e-01
9.413269758224487305e-01
9.412366747856140137e-01
9.411477446556091309e-01
9.410602450370788574e-01
9.409738779067993164e-01
9.408884048461914062e-01
9.408035278320312500e-01
9.407191276550292969e-01
9.406348466873168945e-01
9.405505657196044922e-01
9.404659271240234375e-01
9.403805136680603027e-01
9.402942061424255371e-01
9.402067065238952637e-01
9.401176571846008301e-01
9.400268793106079102e-01
9.399339556694030762e-01
9.398388862609863281e-01
9.397411942481994629e-01
9.396406412124633789e-01
9.395369887351989746e-01
9.394300580024719238e-01
9.393196105957031250e-01
9.392054080963134766e-01
9.390872120857238770e-01
9.389647841453552246e-01
9.388378262519836426e-01
9.387062788009643555e-01
9.385698437690734863e-01
9.384284615516662598e-01
9.382815957069396973e-01
9.381292462348937988e-01
9.379712343215942383e-01
9.378072619438171387e-01
9.376370906829833984e-01
9.374607801437377930e-01
9.372777938842773438e-01
9.370879530906677246e-01
9.368911981582641602e-01
9.366872906684875488e-01
9.364759922027587891e-01
9.362571239471435547e-01
9.360303878784179688e-01
9.357957839965820312e-01
9.355527758598327637e-01
9.353014230728149414e-01
9.350414276123046875e-01
9.347723722457885742e-01
9.344944357872009277e-01
9.342072010040283203e-01
9.339103698730468750e-01
9.336039423942565918e-01
9.332875609397888184e-01
9.329609274864196777e-01
9.326240420341491699e-01
9.322766065597534180e-01
9.319183230400085449e-01
9.315490722656250000e-01
9.311686754226684570e-01
9.307767748832702637e-01
9.303732514381408691e-01
9.299578666687011719e-01
9.295303225517272949e-01
9.290906190872192383e-01
9.286383986473083496e-01
9.281733632087707520e-01
9.276953339576721191e-01
9.272041916847229004e-01
9.266995191574096680e-01
9.261811375617980957e-01
9.256489872932434082e-01
9.251025319099426270e-01
9.245417714118957520e-01
9.239663481712341309e-01
9.233759045600891113e-01
9.227703213691711426e-01
9.221492409706115723e-01
9.215122461318969727e-01
9.208592772483825684e-01
9.201897382736206055e-01
9.195034503936767578e-01
9.187999963760375977e-01
9.180790781974792480e-01
9.173401594161987305e-01
9.165828824043273926e-01
9.158068895339965820e-01
9.150115251541137695e-01
9.141963124275207520e-01
9.133608937263488770e-01
9.125044941902160645e-01
