9.796125292778015137e-01
9.783837199211120605e-01
9.770634770393371582e-01
9.757275581359863281e-01
9.744356870651245117e-01
9.732137322425842285e-01
9.720600247383117676e-01
9.709635972976684570e-01
9.699175357818603516e-01
9.689198732376098633e-01
9.679692983627319336e-01
9.670622348785400391e-01
9.661921858787536621e-01
9.653523564338684082e-01
9.645377397537231445e-01
9.637460112571716309e-01
9.629772901535034180e-01
9.622336626052856445e-01
9.615178704261779785e-01
9.608325362205505371e-01
9.601798057556152344e-01
9.595608115196228027e-01
9.589760899543762207e-01
9.584255218505859375e-01
9.579079747200012207e-01
9.574224352836608887e-01
9.569671154022216797e-01
9.565399885177612305e-01
9.561393260955810547e-01
9.557627439498901367e-01
9.554082751274108887e-01
9.550737142562866211e-01
9.547572731971740723e-01
9.544568061828613281e-01
9.541705846786499023e-01
9.538969397544860840e-01
9.536344408988952637e-01
9.533815383911132812e-01
9.531371593475341797e-01
9.528999328613281250e-01
9.526691436767578125e-01
9.524435997009277344e-01
9.522229433059692383e-01
9.520064592361450195e-01
9.517937898635864258e-01
9.515847563743591309e-01
9.513794183731079102e-01
9.511778950691223145e-01
9.509807825088500977e-01
9.507883787155151367e-01
9.506014585494995117e-01
9.504206180572509766e-01
9.502463936805725098e-01
9.500792622566223145e-01
9.499197006225585938e-01
9.497678279876708984e-01
9.496236443519592285e-01
9.494871497154235840e-01
9.493578076362609863e-01
9.492355585098266602e-01
9.491197466850280762e-01
9.490098953247070312e-01
9.489055871963500977e-01
9.488060474395751953e-01
9.487109780311584473e-01
9.486197233200073242e-01
9.485318660736083984e-01
9.484466910362243652e-01
9.483640193939208984e-01
9.482833147048950195e-01
9.482041001319885254e-01
9.481261968612670898e-01
9.480491280555725098e-01
9.479727745056152344e-01
9.478967785835266113e-01
9.478208422660827637e-01
9.477449655532836914e-01
9.476687312126159668e-01
9.475921392440795898e-01
9.475151896476745605e-01
9.474376440048217773e-01
9.473593831062316895e-01
9.472804665565490723e-01
9.472008943557739258e-01
9.471205472946166992e-01
9.470394849777221680e-01
9.469578266143798828e-01
9.468755125999450684e-01
9.467926025390625000e-01
9.467092752456665039e-01
9.466254711151123047e-01
9.465414285659790039e-01
9.464570879936218262e-01
9.463726878166198730e-01
9.462881684303283691e-01
9.462037086486816406e-01
9.461195468902587891e-01
9.460354447364807129e-01
9.459518194198608398e-01
9.458686113357543945e-01
9.457859992980957031e-01
9.457041025161743164e-01
9.456229805946350098e-01
9.455426931381225586e-01
9.454635977745056152e-01
9.453857541084289551e-01
9.453092217445373535e-01
9.452342391014099121e-01
9.451609849929809570e-01
9.450895190238952637e-01
9.450200796127319336e-01
9.449527263641357422e-01
9.448872804641723633e-01
9.448237419128417969e-01
9.447615742683410645e-01
9.447001814842224121e-01
9.446386098861694336e-01
9.445753097534179688e-01
9.445088505744934082e-01
9.444375634193420410e-01
9.443610310554504395e-01
9.442793130874633789e-01
9.441942572593688965e-01
9.441090226173400879e-01
9.440274238586425781e-01
9.439529776573181152e-01
9.438886046409606934e-01
9.438361525535583496e-01
9.437965154647827148e-01
9.437704086303710938e-01
9.437575936317443848e-01
9.437542557716369629e-01
9.437401294708251953e-01
9.437127709388732910e-01
9.436722993850708008e-01
9.436194300651550293e-01
9.435555338859558105e-01
9.434828758239746094e-01
9.434044361114501953e-01
9.433240294456481934e-01
9.432449936866760254e-01
9.431702494621276855e-01
9.431006908416748047e-01
9.430364370346069336e-01
9.429765343666076660e-01
9.429194331169128418e-01
9.428636431694030762e-01
9.428081512451171875e-01
9.427519440650939941e-01
9.426947832107543945e-01
9.426360726356506348e-01
9.425760507583618164e-01
9.425145983695983887e-01
9.424517750740051270e-01
9.423878788948059082e-01
9.423228502273559570e-01
9.422570466995239258e-01
9.421903491020202637e-01
9.421230554580688477e-01
9.420549869537353516e-01
9.419863820075988770e-01
9.419168829917907715e-01
9.418465495109558105e-01
9.417751431465148926e-01
9.417026638984680176e-01
9.416286349296569824e-01
9.415529966354370117e-01
9.414752125740051270e-01
9.413952231407165527e-01
9.413126111030578613e-01
9.412272572517395020e-01
9.411386847496032715e-01
9.410468339920043945e-01
9.409515857696533203e-01
9.408527016639709473e-01
9.407502412796020508e-01
9.406442642211914062e-01
9.405347704887390137e-01
9.404221773147583008e-01
9.403064250946044922e-01
9.401880502700805664e-01
9.400674104690551758e-01
9.399449229240417480e-01
9.398208856582641602e-01
9.396957159042358398e-01
9.395698904991149902e-01
9.394439458847045898e-01
9.393180608749389648e-01
9.391925930976867676e-01
9.390676617622375488e-01
9.389436244964599609e-01
9.388204813003540039e-01
9.386982321739196777e-01
9.385766983032226562e-01
9.384558200836181641e-01
9.383352994918823242e-01
9.382147192955017090e-01
9.380938410758972168e-01
9.379720091819763184e-01
9.378486871719360352e-01
9.377232789993286133e-01
9.375950694084167480e-01
9.374634623527526855e-01
9.373277425765991211e-01
9.371870756149291992e-01
9.370407462120056152e-01
9.368880391120910645e-01
9.367281794548034668e-01
9.365604519844055176e-01
9.363842010498046875e-01
9.361987113952636719e-01
9.360033273696899414e-01
9.357978701591491699e-01
9.355815052986145020e-01
9.353538751602172852e-01
9.351148605346679688e-01
9.348641633987426758e-01
9.346015453338623047e-01
9.343271851539611816e-01
9.340409636497497559e-01
9.337431192398071289e-01
9.334337711334228516e-01
9.331133961677551270e-01
9.327821731567382812e-01
9.324406385421752930e-01
9.320893287658691406e-01
9.317283034324645996e-01
9.313580393791198730e-01
9.309789538383483887e-01
9.305908083915710449e-01
9.301936030387878418e-01
9.297872185707092285e-01
9.293706417083740234e-01
9.289432168006896973e-01
9.285038709640502930e-01
9.280510544776916504e-01
9.275833368301391602e-01
9.270990490913391113e-01
9.265965223312377930e-01
9.260743856430053711e-01
9.255314469337463379e-01
9.249668717384338379e-01
9.243808984756469727e-01
9.237738847732543945e-01
9.231472611427307129e-01
9.225030541419982910e-01
9.218441247940063477e-01
9.211736321449279785e-01
9.204952716827392578e-01
9.198126792907714844e-01
9.191292524337768555e-01
9.184482693672180176e-01
9.177718162536621094e-01
9.171013832092285156e-01
9.164370894432067871e-01
9.157778024673461914e-01
9.151210188865661621e-01
9.144627451896667480e-01
9.137971997261047363e-01
9.131173491477966309e-01
9.124145507812500000e-01
