9.780740737915039062e-01
9.771899580955505371e-01
9.762532114982604980e-01
9.752675890922546387e-01
9.742383360862731934e-01
9.731734395027160645e-01
9.720832705497741699e-01
9.709804654121398926e-01
9.698797464370727539e-01
9.687965512275695801e-01
9.677468538284301758e-01
9.667446017265319824e-01
9.658005833625793457e-01
9.649212956428527832e-01
9.641075134277343750e-01
9.633545279502868652e-01
9.626531004905700684e-01
9.619913697242736816e-01
9.613581299781799316e-01
9.607439637184143066e-01
9.601438641548156738e-01
9.595570564270019531e-01
9.589858651161193848e-01
9.584351778030395508e-01
9.579099416732788086e-01
9.574145674705505371e-01
9.569514989852905273e-01
9.565215706825256348e-01
9.561232924461364746e-01
9.557541012763977051e-01
9.554101228713989258e-01
9.550876021385192871e-01
9.547823667526245117e-01
9.544909596443176270e-01
9.542105197906494141e-01
9.539388418197631836e-01
9.536743164062500000e-01
9.534160494804382324e-01
9.531631469726562500e-01
9.529157876968383789e-01
9.526735544204711914e-01
9.524369239807128906e-01
9.522057771682739258e-01
9.519804716110229492e-01
9.517610669136047363e-01
9.515479803085327148e-01
9.513410925865173340e-01
9.511405825614929199e-01
9.509465694427490234e-01
9.507591724395751953e-01
9.505781531333923340e-01
9.504035711288452148e-01
9.502355456352233887e-01
9.500737786293029785e-01
9.499182105064392090e-01
9.497689008712768555e-01
9.496256113052368164e-01
9.494882225990295410e-01
9.493567347526550293e-01
9.492307305335998535e-01
9.491102099418640137e-01
9.489949941635131836e-01
9.488847255706787109e-01
9.487793445587158203e-01
9.486784934997558594e-01
9.485820531845092773e-01
9.484896063804626465e-01
9.484010338783264160e-01
9.483159184455871582e-01
9.482340812683105469e-01
9.481551051139831543e-01
9.480786919593811035e-01
9.480046629905700684e-01
9.479326009750366211e-01
9.478620886802673340e-01
9.477930068969726562e-01
9.477246999740600586e-01
9.476571679115295410e-01
9.475896954536437988e-01
9.475222826004028320e-01
9.474544525146484375e-01
9.473858475685119629e-01
9.473161697387695312e-01
9.472452402114868164e-01
9.471726417541503906e-01
9.470981359481811523e-01
9.470214247703552246e-01
9.469425678253173828e-01
9.468612074851989746e-01
9.467772245407104492e-01
9.466906785964965820e-01
9.466014504432678223e-01
9.465094804763793945e-01
9.464151859283447266e-01
9.463183879852294922e-01
9.462194442749023438e-01
9.461184740066528320e-01
9.460158348083496094e-01
9.459118247032165527e-01
9.458067417144775391e-01
9.457011222839355469e-01
9.455952644348144531e-01
9.454894065856933594e-01
9.453842639923095703e-01
9.452800750732421875e-01
9.451771378517150879e-01
9.450761079788208008e-01
9.449772238731384277e-01
9.448806643486022949e-01
9.447869062423706055e-01
9.446962475776672363e-01
9.446089267730712891e-01
9.445251226425170898e-01
9.444450139999389648e-01
9.443688988685607910e-01
9.442968368530273438e-01
9.442290067672729492e-01
9.441654682159423828e-01
9.441062808036804199e-01
9.440514445304870605e-01
9.440011978149414062e-01
9.439555406570434570e-01
9.439142942428588867e-01
9.438777565956115723e-01
9.438458085060119629e-01
9.438183903694152832e-01
9.437955617904663086e-01
9.437774419784545898e-01
9.437638521194458008e-01
9.437549114227294922e-01
9.437504410743713379e-01
9.437493681907653809e-01
9.437444806098937988e-01
9.437350630760192871e-01
9.437210559844970703e-01
9.437023401260375977e-01
9.436792135238647461e-01
9.436513781547546387e-01
9.436190128326416016e-01
9.435821175575256348e-01
9.435405731201171875e-01
9.434946179389953613e-01
9.434442520141601562e-01
9.433893561363220215e-01
9.433301687240600586e-01
9.432666301727294922e-01
9.431989789009094238e-01
9.431272745132446289e-01
9.430516958236694336e-01
9.429723024368286133e-01
9.428892135620117188e-01
9.428028464317321777e-01
9.427132010459899902e-01
9.426206946372985840e-01
9.425255060195922852e-01
9.424279928207397461e-01
9.423282742500305176e-01
9.422268271446228027e-01
9.421240091323852539e-01
9.420199990272521973e-01
9.419152736663818359e-01
9.418100714683532715e-01
9.417047500610351562e-01
9.415995478630065918e-01
9.414949417114257812e-01
9.413908720016479492e-01
9.412877559661865234e-01
9.411858916282653809e-01
9.410851597785949707e-01
9.409856796264648438e-01
9.408878684043884277e-01
9.407913088798522949e-01
9.406963586807250977e-01
9.406026601791381836e-01
9.405103325843811035e-01
9.404190778732299805e-01
9.403288960456848145e-01
9.402394890785217285e-01
9.401506781578063965e-01
9.400622844696044922e-01
9.399740099906921387e-01
9.398854970932006836e-01
9.397967457771301270e-01
9.397072792053222656e-01
9.396168589591979980e-01
9.395250678062438965e-01
9.394318461418151855e-01
9.393367767333984375e-01
9.392395615577697754e-01
9.391401410102844238e-01
9.390379190444946289e-01
9.389329552650451660e-01
9.388247728347778320e-01
9.387131333351135254e-01
9.385979175567626953e-01
9.384787082672119141e-01
9.383554458618164062e-01
9.382277727127075195e-01
9.380954504013061523e-01
9.379583597183227539e-01
9.378162622451782227e-01
9.376688003540039062e-01
9.375157952308654785e-01
9.373571872711181641e-01
9.371925592422485352e-01
9.370216727256774902e-01
9.368445277214050293e-01
9.366608262062072754e-01
9.364703297615051270e-01
9.362726807594299316e-01
9.360677599906921387e-01
9.358555078506469727e-01
9.356354475021362305e-01
9.354074597358703613e-01
9.351713657379150391e-01
9.349268674850463867e-01
9.346737265586853027e-01
9.344117641448974609e-01
9.341408014297485352e-01
9.338605403900146484e-01
9.335708022117614746e-01
9.332713484764099121e-01
9.329619407653808594e-01
9.326424002647399902e-01
9.323124289512634277e-01
9.319718480110168457e-01
9.316204786300659180e-01
9.312580823898315430e-01
9.308845996856689453e-01
9.304996728897094727e-01
9.301030635833740234e-01
9.296947717666625977e-01
9.292745590209960938e-01
9.288421869277954102e-01
9.283974766731262207e-01
9.279403686523437500e-01
9.274706840515136719e-01
9.269881844520568848e-01
9.264926314353942871e-01
9.259840250015258789e-01
9.254622459411621094e-01
9.249269366264343262e-01
9.243778586387634277e-01
9.238151311874389648e-01
9.232382178306579590e-01
9.226471185684204102e-01
9.220413565635681152e-01
9.214207530021667480e-01
9.207850694656372070e-01
9.201338291168212891e-01
9.194666743278503418e-01
9.187830686569213867e-01
9.180827140808105469e-01
9.173648357391357422e-01
9.166288971900939941e-01
9.158740639686584473e-01
9.150996804237365723e-01
9.143048524856567383e-01
9.134885072708129883e-01
9.126496911048889160e-01
9.117871522903442383e-01
