9.792751669883728027e-01
9.780454635620117188e-01
9.767629504203796387e-01
9.754711389541625977e-01
9.742076396942138672e-01
9.729971289634704590e-01
9.718503355979919434e-01
9.707678556442260742e-01
9.697455167770385742e-01
9.687775373458862305e-01
9.678580760955810547e-01
9.669798016548156738e-01
9.661337733268737793e-01
9.653095006942749023e-01
9.644985198974609375e-01
9.636981487274169922e-01
9.629144072532653809e-01
9.621597528457641602e-01
9.614462256431579590e-01
9.607776999473571777e-01
9.601492285728454590e-01
9.595521092414855957e-01
9.589799642562866211e-01
9.584311246871948242e-01
9.579078555107116699e-01
9.574130177497863770e-01
9.569491744041442871e-01
9.565167427062988281e-01
9.561148881912231445e-01
9.557410478591918945e-01
9.553924202919006348e-01
9.550657272338867188e-01
9.547576904296875000e-01
9.544653296470642090e-01
9.541862010955810547e-01
9.539180994033813477e-01
9.536590576171875000e-01
9.534075856208801270e-01
9.531629681587219238e-01
9.529240727424621582e-01
9.526906609535217285e-01
9.524621963500976562e-01
9.522388577461242676e-01
9.520204067230224609e-01
9.518070816993713379e-01
9.515990018844604492e-01
9.513964653015136719e-01
9.511994719505310059e-01
9.510082602500915527e-01
9.508230686187744141e-01
9.506439566612243652e-01
9.504711031913757324e-01
9.503044486045837402e-01
9.501438140869140625e-01
9.499895572662353516e-01
9.498412013053894043e-01
9.496989250183105469e-01
9.495623707771301270e-01
9.494314789772033691e-01
9.493060111999511719e-01
9.491856694221496582e-01
9.490703344345092773e-01
9.489596486091613770e-01
9.488534927368164062e-01
9.487515687942504883e-01
9.486533999443054199e-01
9.485589861869812012e-01
9.484678506851196289e-01
9.483796954154968262e-01
9.482944607734680176e-01
9.482116103172302246e-01
9.481310248374938965e-01
9.480522274971008301e-01
9.479753375053405762e-01
9.478995800018310547e-01
9.478250145912170410e-01
9.477513432502746582e-01
9.476782083511352539e-01
9.476054310798645020e-01
9.475326538085937500e-01
9.474597573280334473e-01
9.473863840103149414e-01
9.473124146461486816e-01
9.472376704216003418e-01
9.471618533134460449e-01
9.470848441123962402e-01
9.470065832138061523e-01
9.469269514083862305e-01
9.468459486961364746e-01
9.467633366584777832e-01
9.466793537139892578e-01
9.465941190719604492e-01
9.465074539184570312e-01
9.464198946952819824e-01
9.463315010070800781e-01
9.462424516677856445e-01
9.461531639099121094e-01
9.460637569427490234e-01
9.459747672080993652e-01
9.458864331245422363e-01
9.457989931106567383e-01
9.457129240036010742e-01
9.456285238265991211e-01
9.455459713935852051e-01
9.454656243324279785e-01
9.453876614570617676e-01
9.453122019767761230e-01
9.452394843101501465e-01
9.451695084571838379e-01
9.451022744178771973e-01
9.450376629829406738e-01
9.449753165245056152e-01
9.449146986007690430e-01
9.448552131652832031e-01
9.447957277297973633e-01
9.447349905967712402e-01
9.446715712547302246e-01
9.446042180061340332e-01
9.445320367813110352e-01
9.444544911384582520e-01
9.443726539611816406e-01
9.442880153656005859e-01
9.442031979560852051e-01
9.441211223602294922e-01
9.440447688102722168e-01
9.439764618873596191e-01
9.439181089401245117e-01
9.438707828521728516e-01
9.438351988792419434e-01
9.438115358352661133e-01
9.438000321388244629e-01
9.437969326972961426e-01
9.437842369079589844e-01
9.437592625617980957e-01
9.437223076820373535e-01
9.436736106872558594e-01
9.436135888099670410e-01
9.435434341430664062e-01
9.434651136398315430e-01
9.433810114860534668e-01
9.432939887046813965e-01
9.432076811790466309e-01
9.431245326995849609e-01
9.430470466613769531e-01
9.429758191108703613e-01
9.429110288619995117e-01
9.428516030311584473e-01
9.427963495254516602e-01
9.427438378334045410e-01
9.426925182342529297e-01
9.426415562629699707e-01
9.425901174545288086e-01
9.425374865531921387e-01
9.424833655357360840e-01
9.424274563789367676e-01
9.423695206642150879e-01
9.423097372055053711e-01
9.422478079795837402e-01
9.421837925910949707e-01
9.421175718307495117e-01
9.420492053031921387e-01
9.419787526130676270e-01
9.419059753417968750e-01
9.418309926986694336e-01
9.417538046836853027e-01
9.416742920875549316e-01
9.415925145149230957e-01
9.415083527565002441e-01
9.414217472076416016e-01
9.413327574729919434e-01
9.412413239479064941e-01
9.411473274230957031e-01
9.410508275032043457e-01
9.409518241882324219e-01
9.408503174781799316e-01
9.407462477684020996e-01
9.406397342681884766e-01
9.405307769775390625e-01
9.404195547103881836e-01
9.403060078620910645e-01
9.401903748512268066e-01
9.400728940963745117e-01
9.399536848068237305e-01
9.398327469825744629e-01
9.397106170654296875e-01
9.395874142646789551e-01
9.394631981849670410e-01
9.393385648727416992e-01
9.392133951187133789e-01
9.390881657600402832e-01
9.389628767967224121e-01
9.388378262519836426e-01
9.387130141258239746e-01
9.385886788368225098e-01
9.384645223617553711e-01
9.383409023284912109e-01
9.382173418998718262e-01
9.380939602851867676e-01
9.379703998565673828e-01
9.378464818000793457e-01
9.377217292785644531e-01
9.375957250595092773e-01
9.374681115150451660e-01
9.373382329940795898e-01
9.372053146362304688e-01
9.370688199996948242e-01
9.369277954101562500e-01
9.367815256118774414e-01
9.366288185119628906e-01
9.364689588546752930e-01
9.363004565238952637e-01
9.361226558685302734e-01
9.359340071678161621e-01
9.357337355613708496e-01
9.355206489562988281e-01
9.352940917015075684e-01
9.350531697273254395e-01
9.347975850105285645e-01
9.345270395278930664e-01
9.342417716979980469e-01
9.339423775672912598e-01
9.336297512054443359e-01
9.333050251007080078e-01
9.329695105552673340e-01
9.326246380805969238e-01
9.322718381881713867e-01
9.319122433662414551e-01
9.315466880798339844e-01
9.311754703521728516e-01
9.307984709739685059e-01
9.304149150848388672e-01
9.300237894058227539e-01
9.296229481697082520e-01
9.292107224464416504e-01
9.287847876548767090e-01
9.283428192138671875e-01
9.278827309608459473e-01
9.274027347564697266e-01
9.269015192985534668e-01
9.263781309127807617e-01
9.258323907852172852e-01
9.252647161483764648e-01
9.246761202812194824e-01
9.240683317184448242e-01
9.234431385993957520e-01
9.228032231330871582e-01
9.221510291099548340e-01
9.214893579483032227e-01
9.208206534385681152e-01
9.201474785804748535e-01
9.194716215133666992e-01
9.187947511672973633e-01
9.181178808212280273e-01
9.174416065216064453e-01
9.167658090591430664e-01
9.160897135734558105e-01
9.154119491577148438e-01
9.147304892539978027e-01
9.140427112579345703e-01
9.133455753326416016e-01
9.126351475715637207e-01
