8.267706632614135742e-02
8.296900987625122070e-02
8.325704932212829590e-02
8.354136347770690918e-02
8.382174372673034668e-02
8.409830927848815918e-02
8.437085151672363281e-02
8.463948965072631836e-02
8.490410447120666504e-02
8.516475558280944824e-02
8.542126417160034180e-02
8.567368984222412109e-02
8.592212200164794922e-02
8.616635203361511230e-02
8.640646934509277344e-02
8.664241433143615723e-02
8.687424659729003906e-02
8.710175752639770508e-02
8.732524514198303223e-02
8.754444122314453125e-02
8.775949478149414062e-02
8.797028660774230957e-02
8.817687630653381348e-02
8.837932348251342773e-02
8.857756853103637695e-02
8.877158164978027344e-02
8.896145224571228027e-02
8.914718031883239746e-02
8.932864665985107422e-02
8.950611948966979980e-02
8.967939019203186035e-02
8.984857797622680664e-02
9.001374244689941406e-02
9.017479419708251953e-02
9.033191204071044922e-02
9.048491716384887695e-02
9.063401818275451660e-02
9.077915549278259277e-02
9.092050790786743164e-02
9.105789661407470703e-02
9.119161963462829590e-02
9.132140874862670898e-02
9.144759178161621094e-02
9.157010912895202637e-02
9.168887138366699219e-02
9.180411696434020996e-02
9.191587567329406738e-02
9.202408790588378906e-02
9.212893247604370117e-02
9.223040938377380371e-02
9.232854843139648438e-02
9.242343902587890625e-02
9.251517057418823242e-02
9.260377287864685059e-02
9.268936514854431152e-02
9.277185797691345215e-02
9.285148978233337402e-02
9.292826056480407715e-02
9.300225973129272461e-02
9.307351708412170410e-02
9.314212203025817871e-02
9.320816397666931152e-02
9.327167272567749023e-02
9.333285689353942871e-02
9.339162707328796387e-02
9.344813227653503418e-02
9.350249171257019043e-02
9.355461597442626953e-02
9.360480308532714844e-02
9.365299344062805176e-02
9.369933605194091797e-02
9.374386072158813477e-02
9.378665685653686523e-02
9.382784366607666016e-02
9.386751055717468262e-02
9.390559792518615723e-02
9.394240379333496094e-02
9.397786855697631836e-02
9.401211142539978027e-02
9.404525160789489746e-02
9.407731890678405762e-02
9.410837292671203613e-02
9.413862228393554688e-02
9.416800737380981445e-02
9.419667720794677734e-02
9.422472119331359863e-02
9.425222873687744141e-02
9.427925944328308105e-02
9.430587291717529297e-02
9.433224797248840332e-02
9.435841441154479980e-02
9.438443183898925781e-02
9.441035985946655273e-02
9.443628787994384766e-02
9.446242451667785645e-02
9.448868036270141602e-02
9.451523423194885254e-02
9.454217553138732910e-02
9.456950426101684570e-02
9.459736943244934082e-02
9.462577104568481445e-02
9.465488791465759277e-02
9.468480944633483887e-02
9.471547603607177734e-02
9.474712610244750977e-02
9.477972984313964844e-02
9.481337666511535645e-02
9.484818577766418457e-02
9.488418698310852051e-02
9.492146968841552734e-02
9.496015310287475586e-02
9.500023722648620605e-02
9.504184126853942871e-02
9.508508443832397461e-02
9.512993693351745605e-02
9.517642855644226074e-02
9.522479772567749023e-02
9.527504444122314453e-02
9.532722830772399902e-02
9.538140892982482910e-02
9.543767571449279785e-02
9.549608826637268066e-02
9.555676579475402832e-02
9.561961889266967773e-02
9.568491578102111816e-02
9.575256705284118652e-02
9.582278132438659668e-02
9.589549899101257324e-02
9.597083926200866699e-02
9.604883193969726562e-02
9.612962603569030762e-02
9.621322154998779297e-02
9.629961848258972168e-02
9.638902544975280762e-02
9.648141264915466309e-02
9.657689929008483887e-02
9.667548537254333496e-02
9.677731990814208984e-02
9.688243269920349121e-02
9.699082374572753906e-02
9.710258245468139648e-02
9.721779823303222656e-02
9.733656048774719238e-02
9.745883941650390625e-02
9.758481383323669434e-02
9.771442413330078125e-02
9.784784913063049316e-02
9.798502922058105469e-02
9.812620282173156738e-02
9.827125072479248047e-02
