6.659527122974395752e-02
6.662977486848831177e-02
6.666428595781326294e-02
6.669888645410537720e-02
6.673345714807510376e-02
6.676809489727020264e-02
6.680271774530410767e-02
6.683732569217681885e-02
6.687198579311370850e-02
6.690669804811477661e-02
6.694138795137405396e-02
6.697613745927810669e-02
6.701088696718215942e-02
6.704563647508621216e-02
6.708043813705444336e-02
6.711519509553909302e-02
6.715004146099090576e-02
6.718482077121734619e-02
6.721971184015274048e-02
6.725459545850753784e-02
6.728953868150711060e-02
6.732444465160369873e-02
6.735938042402267456e-02
6.739427894353866577e-02
6.742925941944122314e-02
6.746427714824676514e-02
6.749922782182693481e-02
6.753428280353546143e-02
6.756927818059921265e-02
6.760431081056594849e-02
6.763939559459686279e-02
6.767446547746658325e-02
6.770961731672286987e-02
6.774465739727020264e-02
6.777980178594589233e-02
6.781495362520217896e-02
6.785012036561965942e-02
6.788533180952072144e-02
6.792046129703521729e-02
6.795572489500045776e-02
6.799088418483734131e-02
6.802618503570556641e-02
6.806140393018722534e-02
6.809663772583007812e-02
6.813190877437591553e-02
6.816719472408294678e-02
6.820254772901535034e-02
6.823783367872238159e-02
6.827312707901000977e-02
6.830847263336181641e-02
6.834388524293899536e-02
6.837916374206542969e-02
6.841462105512619019e-02
6.844992935657501221e-02
6.848532706499099731e-02
6.852077692747116089e-02
6.855612248182296753e-02
6.859161704778671265e-02
6.862705200910568237e-02
6.866242736577987671e-02
6.869797408580780029e-02
6.873343884944915771e-02
6.876886636018753052e-02
6.880437582731246948e-02
6.883990764617919922e-02
6.887537240982055664e-02
6.891093403100967407e-02
6.894643604755401611e-02
6.898199766874313354e-02
6.901752203702926636e-02
6.905312836170196533e-02
6.908868998289108276e-02
6.912421435117721558e-02
6.915976852178573608e-02
6.919538229703903198e-02
6.923096626996994019e-02
6.926654279232025146e-02
6.930218636989593506e-02
6.933777779340744019e-02
6.937336176633834839e-02
6.940907239913940430e-02
6.944466382265090942e-02
6.948031485080718994e-02
6.951593607664108276e-02
6.955158710479736328e-02
6.958724558353424072e-02
6.962292641401290894e-02
6.965856999158859253e-02
6.969426572322845459e-02
6.972993165254592896e-02
6.976563483476638794e-02
6.980133801698684692e-02
6.983695179224014282e-02
6.987267732620239258e-02
6.990835815668106079e-02
6.994403898715972900e-02
6.997977197170257568e-02
7.001549750566482544e-02
7.005123794078826904e-02
7.008684426546096802e-02
7.012259215116500854e-02
7.015828788280487061e-02
7.019405812025070190e-02
7.022974640130996704e-02
7.026546448469161987e-02
7.030116766691207886e-02
7.033684104681015015e-02
7.037264853715896606e-02
7.040833681821823120e-02
7.044410705566406250e-02
7.047981768846511841e-02
7.051551342010498047e-02
7.055126875638961792e-02
7.058698683977127075e-02
7.062270492315292358e-02
7.065843790769577026e-02
7.069420069456100464e-02
7.072992622852325439e-02
7.076563686132431030e-02
7.080132514238357544e-02
7.083706557750701904e-02
7.087280601263046265e-02
7.090853899717330933e-02
7.094424217939376831e-02
7.097990065813064575e-02
7.101566344499588013e-02
7.105134427547454834e-02
7.108705490827560425e-02
7.112275809049606323e-02
7.115846872329711914e-02
7.119419425725936890e-02
7.122988253831863403e-02
7.126557081937789917e-02
7.130123674869537354e-02
7.133692502975463867e-02
7.137262076139450073e-02
7.140827924013137817e-02
7.144396752119064331e-02
7.147963345050811768e-02
7.151525467634201050e-02
7.155089825391769409e-02
7.158659398555755615e-02
7.162226736545562744e-02
7.165794819593429565e-02
7.169359177350997925e-02
7.172913104295730591e-02
7.176477462053298950e-02
7.180036604404449463e-02
7.183604687452316284e-02
7.187157124280929565e-02
7.190717011690139771e-02
7.194281369447708130e-02
7.197837531566619873e-02
7.201392203569412231e-02
7.204955071210861206e-02
7.208509743213653564e-02
7.212062180042266846e-02
7.215618342161178589e-02
7.219172269105911255e-02
7.222725450992584229e-02
7.226275652647018433e-02
7.229826599359512329e-02
7.233379781246185303e-02
7.236924022436141968e-02
7.240474969148635864e-02
7.244026660919189453e-02
7.247567921876907349e-02
7.251106947660446167e-02
7.254654169082641602e-02
7.258198410272598267e-02
7.261742651462554932e-02
7.265281677246093750e-02
7.268820703029632568e-02
7.272362709045410156e-02
7.275903224945068359e-02
7.279437035322189331e-02
7.282970100641250610e-02
7.286506891250610352e-02
7.290040701627731323e-02
7.293568551540374756e-02
7.297103106975555420e-02
7.300632447004318237e-02
7.304161787033081055e-02
7.307688891887664795e-02
7.311213016510009766e-02
7.314735651016235352e-02
7.318262755870819092e-02
7.321786135435104370e-02
7.325305044651031494e-02
7.328820973634719849e-02
7.332339137792587280e-02
7.335858792066574097e-02
7.339371740818023682e-02
7.342886924743652344e-02
7.346398383378982544e-02
7.349913567304611206e-02
7.353418320417404175e-02
7.356929033994674683e-02
7.360432296991348267e-02
7.363938540220260620e-02
7.367443293333053589e-02
7.370941340923309326e-02
7.374447584152221680e-02
7.377944141626358032e-02
7.381438463926315308e-02
7.384932786226272583e-02
7.388430088758468628e-02
7.391924411058425903e-02
7.395412772893905640e-02
7.398903369903564453e-02
7.402389496564865112e-02
7.405870407819747925e-02
7.409352809190750122e-02
7.412833720445632935e-02
7.416320592164993286e-02
7.419800758361816406e-02
7.423276454210281372e-02
7.426743954420089722e-02
7.430224120616912842e-02
7.433689385652542114e-02
7.437158375978469849e-02
7.440631091594696045e-02
7.444096356630325317e-02
7.447559386491775513e-02
7.451022416353225708e-02
7.454485446214675903e-02
7.457936555147171021e-02
7.461394369602203369e-02
7.464849948883056641e-02
7.468305528163909912e-02
7.471751421689987183e-02
7.475199550390243530e-02
7.478647679090499878e-02
7.482095062732696533e-02
7.485531270503997803e-02
7.488973438739776611e-02
7.492411881685256958e-02
7.495849579572677612e-02
7.499284297227859497e-02
7.502717524766921997e-02
7.506144046783447266e-02
7.509572058916091919e-02
7.512996345758438110e-02
7.516419887542724609e-02
7.519845664501190186e-02
7.523257285356521606e-02
7.526677101850509644e-02
7.530093938112258911e-02
7.533501088619232178e-02
7.536913454532623291e-02
7.540321350097656250e-02
7.543724030256271362e-02
7.547127455472946167e-02
7.550532370805740356e-02
7.553932815790176392e-02
7.557327300310134888e-02
7.560722529888153076e-02
7.564111053943634033e-02
7.567501068115234375e-02
7.570888102054595947e-02
7.574270665645599365e-02
7.577653229236602783e-02
7.581032067537307739e-02
7.584411650896072388e-02
7.587786018848419189e-02
7.591161876916885376e-02
7.594531029462814331e-02
7.597897201776504517e-02
7.601263374090194702e-02
7.604620605707168579e-02
7.607986032962799072e-02
7.611344009637832642e-02
7.614695280790328979e-02
7.618051022291183472e-02
7.621400803327560425e-02
7.624746114015579224e-02
7.628088444471359253e-02
7.631430774927139282e-02
7.634770125150680542e-02
7.638113200664520264e-02
7.641446590423583984e-02
7.644777745008468628e-02
7.648108154535293579e-02
7.651430368423461914e-02
7.654752582311630249e-02
7.658071070909500122e-02
7.661395519971847534e-02
7.664716243743896484e-02
7.668022811412811279e-02
7.671334594488143921e-02
7.674644887447357178e-02
7.677943259477615356e-02
7.681243866682052612e-02
7.684545964002609253e-02
7.687842845916748047e-02
7.691135257482528687e-02
7.694429904222488403e-02
7.697718590497970581e-02
7.701001316308975220e-02
7.704277336597442627e-02
7.707557827234268188e-02
7.710843533277511597e-02
7.714106142520904541e-02
7.717384397983551025e-02
7.720651477575302124e-02
7.723916321992874146e-02
7.727183401584625244e-02
7.730435580015182495e-02
7.733697444200515747e-02
7.736951857805252075e-02
7.740200310945510864e-02
7.743448764085769653e-02
7.746694236993789673e-02
7.749937474727630615e-02
7.753174751996994019e-02
7.756411284208297729e-02
7.759641110897064209e-02
7.762873917818069458e-02
7.766101509332656860e-02
7.769322395324707031e-02
7.772545516490936279e-02
7.775760442018508911e-02
7.778978347778320312e-02
7.782191038131713867e-02
7.785392552614212036e-02
7.788599282503128052e-02
7.791803777217864990e-02
7.794999331235885620e-02
7.798197120428085327e-02
7.801394164562225342e-02
7.804579287767410278e-02
7.807766646146774292e-02
7.810951769351959229e-02
7.814131677150726318e-02
7.817306369543075562e-02
7.820484787225723267e-02
7.823657244443893433e-02
7.826822251081466675e-02
7.829993963241577148e-02
7.833151519298553467e-02
7.836305350065231323e-02
7.839465141296386719e-02
7.842621952295303345e-02
7.845760136842727661e-02
7.848905771970748901e-02
7.852052897214889526e-02
7.855191081762313843e-02
7.858329266309738159e-02
7.861457765102386475e-02
7.864584773778915405e-02
7.867710292339324951e-02
7.870838791131973267e-02
7.873952388763427734e-02
7.877068966627120972e-02
7.880181819200515747e-02
7.883291691541671753e-02
7.886398583650588989e-02
7.889499515295028687e-02
7.892601191997528076e-02
7.895701378583908081e-02
7.898788899183273315e-02
7.901876419782638550e-02
7.904963940382003784e-02
7.908045500516891479e-02
7.911127805709838867e-02
7.914198189973831177e-02
7.917272299528121948e-02
7.920343428850173950e-02
7.923406362533569336e-02
7.926470041275024414e-02
7.929522544145584106e-02
7.932586222887039185e-02
7.935630530118942261e-02
7.938683032989501953e-02
7.941729575395584106e-02
7.944767177104949951e-02
7.947807759046554565e-02
7.950840890407562256e-02
7.953871041536331177e-02
7.956902682781219482e-02
7.959925383329391479e-02
7.962947338819503784e-02
7.965968549251556396e-02
7.968978583812713623e-02
7.971983402967453003e-02
7.974993437528610229e-02
7.977998256683349609e-02
7.980992645025253296e-02
7.983999699354171753e-02
7.986984401941299438e-02
7.989969104528427124e-02
7.992964237928390503e-02
7.995934039354324341e-02
7.998921722173690796e-02
8.001897484064102173e-02
8.004867285490036011e-02
8.007831871509552002e-02
8.010797947645187378e-02
8.013761788606643677e-02
8.016716688871383667e-02
8.019672334194183350e-02
8.022619038820266724e-02
8.025567978620529175e-02
8.028507977724075317e-02
8.031450957059860229e-02
8.034384995698928833e-02
8.037311583757400513e-02
8.040247112512588501e-02
8.043165504932403564e-02
8.046084642410278320e-02
8.049003779888153076e-02
8.051918447017669678e-02
8.054823428392410278e-02
8.057732135057449341e-02
8.060636371374130249e-02
8.063530176877975464e-02
8.066432178020477295e-02
8.069319278001785278e-02
8.072210103273391724e-02
8.075088262557983398e-02
8.077973872423171997e-02
8.080851286649703979e-02
8.083725720643997192e-02
8.086592704057693481e-02
8.089456707239151001e-02
8.092320710420608521e-02
8.095183223485946655e-02
8.098035305738449097e-02
8.100885152816772461e-02
8.103735744953155518e-02
8.106570690870285034e-02
8.109413832426071167e-02
8.112247288227081299e-02
8.115083724260330200e-02
8.117909729480743408e-02
8.120732754468917847e-02
8.123554289340972900e-02
8.126368373632431030e-02
8.129189163446426392e-02
8.131999522447586060e-02
8.134806901216506958e-02
8.137605339288711548e-02
8.140403032302856445e-02
8.143191784620285034e-02
8.145988732576370239e-02
8.148773014545440674e-02
8.151557296514511108e-02
8.154339343309402466e-02
8.157120645046234131e-02
8.159883320331573486e-02
8.162648975849151611e-02
8.165419101715087891e-02
8.168182522058486938e-02
8.170937746763229370e-02
8.173687011003494263e-02
8.176439255475997925e-02
8.179187029600143433e-02
8.181924372911453247e-02
8.184670656919479370e-02
8.187399059534072876e-02
8.190125972032546997e-02
8.192854374647140503e-02
8.195577561855316162e-02
8.198297768831253052e-02
8.201009780168533325e-02
8.203726261854171753e-02
8.206427097320556641e-02
8.209130913019180298e-02
8.211828023195266724e-02
8.214534074068069458e-02
8.217221498489379883e-02
8.219908922910690308e-02
8.222591131925582886e-02
8.225274085998535156e-02
8.227949589490890503e-02
8.230620622634887695e-02
8.233290165662765503e-02
8.235955238342285156e-02
8.238615840673446655e-02
8.241277188062667847e-02
8.243931829929351807e-02
8.246579021215438843e-02
8.249221742153167725e-02
8.251868933439254761e-02
8.254508674144744873e-02
8.257140219211578369e-02
8.259767293930053711e-02
8.262393623590469360e-02
8.265013247728347778e-02
8.267639577388763428e-02
8.270247280597686768e-02
8.272861689329147339e-02
8.275468647480010986e-02
8.278076350688934326e-02
8.280672878026962280e-02
8.283264935016632080e-02
8.285861462354660034e-02
8.288445323705673218e-02
8.291029930114746094e-02
8.293615281581878662e-02
8.296184241771697998e-02
8.298761397600173950e-02
8.301325142383575439e-02
8.303885906934738159e-02
8.306450396776199341e-02
8.309007436037063599e-02
8.311560004949569702e-02
8.314102143049240112e-02
8.316653966903686523e-02
8.319193869829177856e-02
8.321733027696609497e-02
8.324264734983444214e-02
8.326791971921920776e-02
8.329320698976516724e-02
8.331842720508575439e-02
8.334355801343917847e-02
8.336871862411499023e-02
8.339385688304901123e-02
8.341883867979049683e-02
8.344392478466033936e-02
8.346890658140182495e-02
8.349384367465972900e-02
8.351873606443405151e-02
8.354359865188598633e-02
8.356840908527374268e-02
8.359323441982269287e-02
8.361792564392089844e-02
8.364266902208328247e-02
8.366725593805313110e-02
8.369194716215133667e-02
8.371655642986297607e-02
8.374107629060745239e-02
8.376561850309371948e-02
8.379007130861282349e-02
8.381447941064834595e-02
8.383893221616744995e-02
8.386331051588058472e-02
8.388756960630416870e-02
8.391187340021133423e-02
8.393605053424835205e-02
8.396030962467193604e-02
8.398447930812835693e-02
8.400861918926239014e-02
8.403267711400985718e-02
8.405675739049911499e-02
8.408076316118240356e-02
8.410470932722091675e-02
8.412861824035644531e-02
8.415252715349197388e-02
8.417636156082153320e-02
8.420019596815109253e-02
8.422397822141647339e-02
8.424765616655349731e-02
8.427143841981887817e-02
8.429504185914993286e-02
8.431869000196456909e-02
8.434225618839263916e-02
8.436579257249832153e-02
8.438927680253982544e-02
8.441274613142013550e-02
8.443611115217208862e-02
8.445954322814941406e-02
8.448289334774017334e-02
8.450620621442794800e-02
8.452950417995452881e-02
8.455266803503036499e-02
8.457588404417037964e-02
8.459903299808502197e-02
8.462214469909667969e-02
8.464526385068893433e-02
8.466821163892745972e-02
8.469126373529434204e-02
8.471422642469406128e-02
8.473711460828781128e-02
8.476004749536514282e-02
8.478281646966934204e-02
8.480563014745712280e-02
8.482839167118072510e-02
8.485115319490432739e-02
8.487384021282196045e-02
8.489648997783660889e-02
8.491911739110946655e-02
8.494163304567337036e-02
8.496415615081787109e-02
8.498663455247879028e-02
8.500909805297851562e-02
8.503148704767227173e-02
8.505392819643020630e-02
8.507626503705978394e-02
8.509856462478637695e-02
8.512081205844879150e-02
8.514302968978881836e-02
8.516521751880645752e-02
8.518736064434051514e-02
8.520943671464920044e-02
8.523155003786087036e-02
8.525358140468597412e-02
8.527554571628570557e-02
8.529748022556304932e-02
8.531941473484039307e-02
8.534132689237594604e-02
8.536314219236373901e-02
8.538491278886795044e-02
8.540671318769454956e-02
8.542840927839279175e-02
8.545012027025222778e-02
8.547175675630569458e-02
8.549334853887557983e-02
8.551492542028427124e-02
8.553649485111236572e-02
8.555798232555389404e-02
8.557938784360885620e-02
8.560085296630859375e-02
8.562225848436355591e-02
8.564354479312896729e-02
8.566481620073318481e-02
8.568608015775680542e-02
8.570737391710281372e-02
8.572853356599807739e-02
8.574967831373214722e-02
8.577078580856323242e-02
8.579187840223312378e-02
8.581290394067764282e-02
8.583384752273559570e-02
8.585489541292190552e-02
8.587574213743209839e-02
8.589668571949005127e-02
8.591751754283905029e-02
8.593833446502685547e-02
8.595909923315048218e-02
8.597981184720993042e-02
8.600054681301116943e-02
8.602119982242584229e-02
8.604180812835693359e-02
8.606237918138504028e-02
8.608298003673553467e-02
8.610344678163528442e-02
8.612394332885742188e-02
8.614437282085418701e-02
8.616469800472259521e-02
8.618504554033279419e-02
8.620546758174896240e-02
8.622574061155319214e-02
8.624596893787384033e-02
8.626616001129150391e-02
8.628637343645095825e-02
8.630647510290145874e-02
8.632655441761016846e-02
8.634662628173828125e-02
8.636667579412460327e-02
8.638663589954376221e-02
8.640658110380172729e-02
8.642648905515670776e-02
8.644639700651168823e-02
8.646619319915771484e-02
8.648603409528732300e-02
8.650571852922439575e-02
8.652549982070922852e-02
8.654516190290451050e-02
8.656483888626098633e-02
8.658443391323089600e-02
8.660404384136199951e-02
8.662357181310653687e-02
8.664304763078689575e-02
8.666255325078964233e-02
8.668196946382522583e-02
8.670133352279663086e-02
8.672075718641281128e-02
8.674002438783645630e-02
8.675931394100189209e-02
8.677854388952255249e-02
8.679777383804321289e-02
8.681700378656387329e-02
8.683607727289199829e-02
8.685519546270370483e-02
8.687429875135421753e-02
8.689326792955398560e-02
8.691228181123733521e-02
8.693123608827590942e-02
8.695011585950851440e-02
8.696907013654708862e-02
8.698786795139312744e-02
8.700673282146453857e-02
8.702544867992401123e-02
8.704423904418945312e-02
8.706293255090713501e-02
8.708155155181884766e-02
8.710017055273056030e-02
8.711881190538406372e-02
8.713734894990921021e-02
8.715588599443435669e-02
8.717431128025054932e-02
8.719283342361450195e-02
8.721124380826950073e-02
8.722954243421554565e-02
8.724796026945114136e-02
8.726625889539718628e-02
8.728449791669845581e-02
8.730280399322509766e-02
8.732099086046218872e-02
8.733917027711868286e-02
8.735727518796920776e-02
8.737539499998092651e-02
8.739347755908966064e-02
8.741147071123123169e-02
8.742947131395339966e-02
8.744739741086959839e-02
8.746535331010818481e-02
8.748321980237960815e-02
8.750099688768386841e-02
8.751888573169708252e-02
8.753662556409835815e-02
8.755438774824142456e-02
8.757207542657852173e-02
8.758980780839920044e-02
8.760743588209152222e-02
8.762501180171966553e-02
8.764257282018661499e-02
8.766009658575057983e-02
8.767759799957275391e-02
8.769507706165313721e-02
8.771247416734695435e-02
8.772992342710494995e-02
8.774722367525100708e-02
8.776455372571945190e-02
8.778190612792968750e-02
8.779914677143096924e-02
8.781636506319046021e-02
8.783358335494995117e-02
8.785069733858108521e-02
8.786781132221221924e-02
8.788488060235977173e-02
8.790192753076553345e-02
8.791898936033248901e-02
8.793597668409347534e-02
8.795292675495147705e-02
8.796978741884231567e-02
8.798666298389434814e-02
8.800358325242996216e-02
8.802034705877304077e-02
8.803717792034149170e-02
8.805383741855621338e-02
8.807056397199630737e-02
8.808730542659759521e-02
8.810387551784515381e-02
8.812050521373748779e-02
8.813707530498504639e-02
8.815364539623260498e-02
8.817016333341598511e-02
8.818661421537399292e-02
8.820305764675140381e-02
8.821945637464523315e-02
8.823584765195846558e-02
8.825219422578811646e-02
8.826851099729537964e-02
8.828482776880264282e-02
8.830101042985916138e-02
8.831722289323806763e-02
8.833342045545578003e-02
8.834956586360931396e-02
8.836568146944046021e-02
8.838167041540145874e-02
8.839775621891021729e-02
8.841384202241897583e-02
8.842975646257400513e-02
8.844573795795440674e-02
8.846163004636764526e-02
8.847749978303909302e-02
8.849336206912994385e-02
8.850919455289840698e-02
8.852498233318328857e-02
8.854072540998458862e-02
8.855646848678588867e-02
8.857215195894241333e-02
8.858777582645416260e-02
8.860342949628829956e-02
8.861900120973587036e-02
8.863455802202224731e-02
8.865012973546981812e-02
8.866559714078903198e-02
8.868099749088287354e-02
8.869648724794387817e-02
8.871192485094070435e-02
8.872725069522857666e-02
8.874259144067764282e-02
8.875788748264312744e-02
8.877313882112503052e-02
8.878841251134872437e-02
8.880363404750823975e-02
8.881878852844238281e-02
8.883392065763473511e-02
8.884906768798828125e-02
8.886409550905227661e-02
8.887913078069686890e-02
8.889423310756683350e-02
8.890920877456665039e-02
8.892414718866348267e-02
8.893908560276031494e-02
8.895396441221237183e-02
8.896880596876144409e-02
8.898370712995529175e-02
8.899850398302078247e-02
8.901327103376388550e-02
8.902799338102340698e-02
8.904268592596054077e-02
8.905740082263946533e-02
8.907204866409301758e-02
8.908665925264358521e-02
8.910121768712997437e-02
8.911581337451934814e-02
8.913030475378036499e-02
8.914484828710556030e-02
8.915930241346359253e-02
8.917374163866043091e-02
8.918816596269607544e-02
8.920252323150634766e-02
8.921685069799423218e-02
8.923114091157913208e-02
8.924544602632522583e-02
8.925963938236236572e-02
8.927397429943084717e-02
8.928818255662918091e-02
8.930234611034393311e-02
8.931647986173629761e-02
8.933053910732269287e-02
8.934459835290908813e-02
8.935867995023727417e-02
8.937273919582366943e-02
8.938670903444290161e-02
8.940069377422332764e-02
8.941458910703659058e-02
8.942848443984985352e-02
8.944237232208251953e-02
8.945624530315399170e-02
8.946997672319412231e-02
8.948380500078201294e-02
8.949758857488632202e-02
8.951128274202346802e-02
8.952499926090240479e-02
8.953864127397537231e-02
8.955227583646774292e-02
8.956585079431533813e-02
8.957947045564651489e-02
8.959300071001052856e-02
8.960652351379394531e-02
8.962006121873855591e-02
8.963350951671600342e-02
8.964695781469345093e-02
8.966035395860671997e-02
8.967371284961700439e-02
8.968710154294967651e-02
8.970041573047637939e-02
8.971375226974487305e-02
8.972703665494918823e-02
8.974022418260574341e-02
8.975345641374588013e-02
8.976663649082183838e-02
8.977980166673660278e-02
8.979290723800659180e-02
8.980607986450195312e-02
8.981917053461074829e-02
8.983217924833297729e-02
8.984519541263580322e-02
8.985816687345504761e-02
8.987112343311309814e-02
8.988411724567413330e-02
8.989696949720382690e-02
8.990989625453948975e-02
8.992272615432739258e-02
8.993561565876007080e-02
8.994839340448379517e-02
8.996118605136871338e-02
8.997394889593124390e-02
8.998657763004302979e-02
8.999932557344436646e-02
9.001196920871734619e-02
9.002465754747390747e-02
9.003727883100509644e-02
9.004981070756912231e-02
9.006240218877792358e-02
9.007491171360015869e-02
9.008748084306716919e-02
9.009995311498641968e-02
9.011240303516387939e-02
9.012485295534133911e-02
9.013725072145462036e-02
9.014963358640670776e-02
9.016198664903640747e-02
9.017430245876312256e-02
9.018660336732864380e-02
9.019881486892700195e-02
9.021115303039550781e-02
9.022337943315505981e-02
9.023553878068923950e-02
9.024773538112640381e-02
9.025985002517700195e-02
9.027199447154998779e-02
9.028406441211700439e-02
9.029615670442581177e-02
9.030818194150924683e-02
9.032022207975387573e-02
9.033220261335372925e-02
9.034413844347000122e-02
9.035616368055343628e-02
9.036803990602493286e-02
9.037999808788299561e-02
9.039182215929031372e-02
9.040362387895584106e-02
9.041547030210494995e-02
9.042726457118988037e-02
9.043900668621063232e-02
9.045077115297317505e-02
9.046249836683273315e-02
9.047420322895050049e-02
9.048582613468170166e-02
9.049751609563827515e-02
9.050912410020828247e-02
9.052072465419769287e-02
9.053228795528411865e-02
9.054386615753173828e-02
9.055535495281219482e-02
9.056687355041503906e-02
9.057842940092086792e-02
9.058980643749237061e-02
9.060121327638626099e-02
9.061265736818313599e-02
9.062404185533523560e-02
9.063534438610076904e-02
9.064673632383346558e-02
9.065797179937362671e-02
9.066926687955856323e-02
9.068053960800170898e-02
9.069174528121948242e-02
9.070301055908203125e-02
9.071419388055801392e-02
9.072539955377578735e-02
9.073652327060699463e-02
9.074766188859939575e-02
9.075880795717239380e-02
9.076981991529464722e-02
9.078090637922286987e-02
9.079187363386154175e-02
9.080293029546737671e-02
9.081392735242843628e-02
9.082486480474472046e-02
9.083581715822219849e-02
9.084673225879669189e-02
9.085761755704879761e-02
9.086847305297851562e-02
9.087938070297241211e-02
9.089017659425735474e-02
9.090103954076766968e-02
9.091179072856903076e-02
9.092258661985397339e-02
9.093337506055831909e-02
9.094399958848953247e-02
9.095471352338790894e-02
9.096539765596389771e-02
9.097601473331451416e-02
9.098666161298751831e-02
9.099727123975753784e-02
9.100788831710815430e-02
9.101838618516921997e-02
9.102898836135864258e-02
9.103948622941970825e-02
9.105002135038375854e-02
9.106052666902542114e-02
9.107095003128051758e-02
9.108137339353561401e-02
9.109176695346832275e-02
9.110223501920700073e-02
9.111254662275314331e-02
9.112291783094406128e-02
9.113324433565139771e-02
9.114354103803634644e-02
9.115380793809890747e-02
9.116410464048385620e-02
9.117436408996582031e-02
9.118456393480300903e-02
9.119480848312377930e-02
9.120500087738037109e-02
9.121518582105636597e-02
9.122527390718460083e-02
9.123544394969940186e-02
9.124557673931121826e-02
9.125567972660064697e-02
9.126568585634231567e-02
9.127575904130935669e-02
9.128578007221221924e-02
9.129581600427627563e-02
9.130575507879257202e-02
9.131570160388946533e-02
9.132564067840576172e-02
9.133554995059967041e-02
9.134548902511596680e-02
9.135536849498748779e-02
9.136523306369781494e-02
9.137511998414993286e-02
9.138488024473190308e-02
9.139472991228103638e-02
9.140451252460479736e-02
9.141432493925094604e-02
9.142405539751052856e-02
9.143371880054473877e-02
9.144341200590133667e-02
9.145317971706390381e-02
9.146280586719512939e-02
9.147249907255172729e-02
9.148216992616653442e-02
9.149175137281417847e-02
9.150137752294540405e-02
9.151090681552886963e-02
9.152047336101531982e-02
9.153003990650177002e-02
9.153962135314941406e-02
9.154902398586273193e-02
9.155857563018798828e-02
9.156806766986846924e-02
9.157746285200119019e-02
9.158694744110107422e-02
9.159626066684722900e-02
9.160571545362472534e-02
9.161510318517684937e-02
9.162443876266479492e-02
9.163381159305572510e-02
9.164315462112426758e-02
9.165243804454803467e-02
9.166170656681060791e-02
9.167101234197616577e-02
9.168023616075515747e-02
9.168948233127593994e-02
9.169871360063552856e-02
9.170793741941452026e-02
9.171713143587112427e-02
9.172625094652175903e-02
9.173537790775299072e-02
9.174454212188720703e-02
9.175364673137664795e-02
9.176273643970489502e-02
9.177184104919433594e-02
9.178090095520019531e-02
9.178998321294784546e-02
9.179896861314773560e-02
9.180796891450881958e-02
9.181702136993408203e-02
9.182596951723098755e-02
9.183491766452789307e-02
9.184390306472778320e-02
9.185276180505752563e-02
9.186170995235443115e-02
9.187059849500656128e-02
9.187949448823928833e-02
9.188837558031082153e-02
9.189722687005996704e-02
9.190599620342254639e-02
9.191484004259109497e-02
9.192369133234024048e-02
9.193246811628341675e-02
9.194123744964599609e-02
9.194994717836380005e-02
9.195875376462936401e-02
9.196738898754119873e-02
9.197609871625900269e-02
9.198480844497680664e-02
9.199350327253341675e-02
9.200214594602584839e-02
9.201084822416305542e-02
9.201941639184951782e-02
9.202806651592254639e-02
9.203665703535079956e-02
9.204512834548950195e-02
9.205377101898193359e-02
9.206230193376541138e-02
9.207082539796829224e-02
9.207940846681594849e-02
9.208792448043823242e-02
9.209635108709335327e-02
9.210480004549026489e-02
9.211333096027374268e-02
9.212172031402587891e-02
9.213023632764816284e-02
9.213859587907791138e-02
9.214700013399124146e-02
9.215533733367919922e-02
9.216377884149551392e-02
9.217209368944168091e-02
9.218042343854904175e-02
9.218882769346237183e-02
9.219706803560256958e-02
9.220539778470993042e-02
9.221368283033370972e-02
9.222198277711868286e-02
9.223020821809768677e-02
9.223848581314086914e-02
9.224665164947509766e-02
9.225483238697052002e-02
9.226305037736892700e-02
9.227127581834793091e-02
9.227942675352096558e-02
9.228766709566116333e-02
9.229571372270584106e-02
9.230391681194305420e-02
9.231209009885787964e-02
9.232007712125778198e-02
9.232821315526962280e-02
9.233634918928146362e-02
9.234438091516494751e-02
9.235238283872604370e-02
9.236045181751251221e-02
9.236846119165420532e-02
9.237651526927947998e-02
9.238452464342117310e-02
9.239245206117630005e-02
9.240049868822097778e-02
9.240842610597610474e-02
9.241639822721481323e-02
9.242433309555053711e-02
9.243219345808029175e-02
9.244015067815780640e-02
9.244801104068756104e-02
9.245591610670089722e-02
9.246382862329483032e-02
9.247165918350219727e-02
9.247946739196777344e-02
9.248732030391693115e-02
9.249518066644668579e-02
9.250297397375106812e-02
9.251070767641067505e-02
9.251856058835983276e-02
9.252636879682540894e-02
9.253407269716262817e-02
9.254185855388641357e-02
9.254957735538482666e-02
9.255736321210861206e-02
9.256500750780105591e-02
9.257269650697708130e-02
9.258041530847549438e-02
9.258811175823211670e-02
9.259574115276336670e-02
9.260339289903640747e-02
9.261107444763183594e-02
9.261868149042129517e-02
9.262626618146896362e-02
9.263391047716140747e-02
9.264154732227325439e-02
9.264910966157913208e-02
9.265665709972381592e-02
9.266425669193267822e-02
9.267174452543258667e-02
9.267931431531906128e-02
9.268689900636672974e-02
9.269440174102783203e-02
9.270191192626953125e-02
9.270935505628585815e-02
9.271687269210815430e-02
9.272433072328567505e-02
9.273182600736618042e-02
9.273926913738250732e-02
9.274668246507644653e-02
9.275413304567337036e-02
9.276153892278671265e-02
9.276897460222244263e-02
9.277641028165817261e-02
9.278379380702972412e-02
9.279119223356246948e-02
9.279852360486984253e-02
9.280590713024139404e-02
9.281320124864578247e-02
9.282054752111434937e-02
9.282792359590530396e-02
9.283524006605148315e-02
9.284256398677825928e-02
9.284985065460205078e-02
9.285711497068405151e-02
9.286439418792724609e-02
9.287167340517044067e-02
9.287894517183303833e-02
9.288616478443145752e-02
9.289338439702987671e-02
9.290062636137008667e-02
9.290786087512969971e-02
9.291504323482513428e-02
9.292227029800415039e-02
9.292947500944137573e-02
9.293668717145919800e-02
9.294379502534866333e-02
9.295096248388290405e-02
9.295811504125595093e-02
9.296531975269317627e-02
9.297241270542144775e-02
9.297957271337509155e-02
9.298663586378097534e-02
9.299374371767044067e-02
9.300088137388229370e-02
9.300792962312698364e-02
9.301505982875823975e-02
9.302210807800292969e-02
9.302913397550582886e-02
9.303624182939529419e-02
9.304323047399520874e-02
9.305024147033691406e-02
9.305732697248458862e-02
9.306436777114868164e-02
9.307133406400680542e-02
9.307835996150970459e-02
9.308535605669021606e-02
9.309231489896774292e-02
9.309928864240646362e-02
9.310626983642578125e-02
9.311323612928390503e-02
9.312012046575546265e-02
9.312712401151657104e-02
9.313406795263290405e-02
9.314101189374923706e-02
9.314786642789840698e-02
9.315484762191772461e-02
9.316172450780868530e-02
9.316860139369964600e-02
9.317552298307418823e-02
9.318242967128753662e-02
9.318924695253372192e-02
9.319609403610229492e-02
9.320294111967086792e-02
9.320984780788421631e-02
9.321664273738861084e-02
9.322350472211837769e-02
9.323026984930038452e-02
9.323715418577194214e-02
9.324391186237335205e-02
9.325074404478073120e-02
9.325750172138214111e-02
9.326429665088653564e-02
9.327107667922973633e-02
9.327788650989532471e-02
9.328460693359375000e-02
9.329140931367874146e-02
9.329815208911895752e-02
9.330487996339797974e-02
9.331159293651580811e-02
9.331833571195602417e-02
9.332507103681564331e-02
9.333179146051406860e-02
9.333848953247070312e-02
9.334518015384674072e-02
9.335185587406158447e-02
9.335853904485702515e-02
9.336525946855545044e-02
9.337184578180313110e-02
9.337858855724334717e-02
9.338528662919998169e-02
9.339193999767303467e-02
9.339851886034011841e-02
9.340522438287734985e-02
9.341185539960861206e-02
9.341841191053390503e-02
9.342508763074874878e-02
9.343168884515762329e-02
9.343824535608291626e-02
9.344489127397537231e-02
9.345150738954544067e-02
9.345807135105133057e-02
9.346463531255722046e-02
9.347123652696609497e-02
9.347777813673019409e-02
9.348435699939727783e-02
9.349090605974197388e-02
9.349745512008666992e-02
9.350401908159255981e-02
9.351060539484024048e-02
9.351712465286254883e-02
9.352362900972366333e-02
9.353012591600418091e-02
9.353656321763992310e-02
9.354316443204879761e-02
9.354966133832931519e-02
9.355609863996505737e-02
9.356261044740676880e-02
9.356914460659027100e-02
9.357557445764541626e-02
9.358208626508712769e-02
9.358852356672286987e-02
9.359502047300338745e-02
9.360148757696151733e-02
9.360796958208084106e-02
9.361439943313598633e-02
9.362082183361053467e-02
9.362728148698806763e-02
9.363370388746261597e-02
9.364009648561477661e-02
9.364659339189529419e-02
9.365297853946685791e-02
9.365937858819961548e-02
9.366578608751296997e-02
9.367220103740692139e-02
9.367860853672027588e-02
9.368502348661422729e-02
9.369136393070220947e-02
9.369777888059616089e-02
9.370417147874832153e-02
9.371052682399749756e-02
9.371686726808547974e-02
9.372323006391525269e-02
9.372957050800323486e-02
9.373599290847778320e-02
9.374225884675979614e-02
9.374862164258956909e-02
9.375495463609695435e-02
9.376130253076553345e-02
9.376768767833709717e-02
9.377390891313552856e-02
9.378023445606231689e-02
9.378660470247268677e-02
9.379292279481887817e-02
9.379922598600387573e-02
9.380549937486648560e-02
9.381179511547088623e-02
9.381809085607528687e-02
9.382445365190505981e-02
9.383064508438110352e-02
9.383696317672729492e-02
9.384320676326751709e-02
9.384948760271072388e-02
9.385579079389572144e-02
9.386203438043594360e-02
9.386820346117019653e-02
9.387457370758056641e-02
9.388079494237899780e-02
9.388703107833862305e-02
9.389329701662063599e-02
9.389950335025787354e-02
9.390579909086227417e-02
9.391200542449951172e-02
9.391819685697555542e-02
9.392447024583816528e-02
9.393071383237838745e-02
9.393690526485443115e-02
9.394311159849166870e-02
9.394932538270950317e-02
9.395550936460494995e-02
9.396173059940338135e-02
9.396797418594360352e-02
9.397412091493606567e-02
9.398032724857330322e-02
9.398648887872695923e-02
9.399265795946121216e-02
9.399890899658203125e-02
9.400505572557449341e-02
9.401123970746994019e-02
9.401734173297882080e-02
9.402353316545486450e-02
9.402968734502792358e-02
9.403587132692337036e-02
9.404205530881881714e-02
9.404818713665008545e-02
9.405433386564254761e-02
9.406053274869918823e-02
9.406657516956329346e-02
9.407275170087814331e-02
9.407895803451538086e-02
9.408508241176605225e-02
9.409118443727493286e-02
9.409732371568679810e-02
9.410346299409866333e-02
9.410954266786575317e-02
9.411571174860000610e-02
9.412182122468948364e-02
9.412796050310134888e-02
9.413399547338485718e-02
9.414011985063552856e-02
9.414625912904739380e-02
9.415238350629806519e-02
9.415850788354873657e-02
9.416455775499343872e-02
9.417062997817993164e-02
9.417671710252761841e-02
9.418284893035888672e-02
9.418892115354537964e-02
9.419500827789306641e-02
9.420111030340194702e-02
9.420721232891082764e-02
9.421326965093612671e-02
9.421933442354202271e-02
9.422542154788970947e-02
9.423150867223739624e-02
9.423757344484329224e-02
9.424363076686859131e-02
9.424965828657150269e-02
9.425575286149978638e-02
9.426174312829971313e-02
9.426782280206680298e-02
9.427386522293090820e-02
9.427998960018157959e-02
9.428597241640090942e-02
9.429209679365158081e-02
9.429816901683807373e-02
9.430413693189620972e-02
9.431015700101852417e-02
9.431622922420501709e-02
9.432230144739151001e-02
9.432829171419143677e-02
9.433425962924957275e-02
9.434034675359725952e-02
9.434635937213897705e-02
9.435243159532546997e-02
9.435845166444778442e-02
9.436445683240890503e-02
9.437046945095062256e-02
9.437651187181472778e-02
9.438250213861465454e-02
9.438858926296234131e-02
9.439457207918167114e-02
9.440057724714279175e-02
9.440655261278152466e-02
9.441261738538742065e-02
9.441863745450973511e-02
9.442459791898727417e-02
9.443063288927078247e-02
9.443664550781250000e-02
9.444259107112884521e-02
9.444861859083175659e-02
9.445462375879287720e-02
9.446065127849578857e-02
9.446662664413452148e-02
9.447257965803146362e-02
9.447860717773437500e-02
9.448457509279251099e-02
9.449058026075363159e-02
9.449661523103713989e-02
9.450256824493408203e-02
9.450858831405639648e-02
9.451456367969512939e-02
9.452051669359207153e-02
9.452641755342483521e-02
9.453248977661132812e-02
9.453847259283065796e-02
9.454445540904998779e-02
9.455041587352752686e-02
9.455638378858566284e-02
9.456235915422439575e-02
9.456831961870193481e-02
9.457426518201828003e-02
9.458028525114059448e-02
9.458623081445693970e-02
9.459221363067626953e-02
9.459816664457321167e-02
9.460414201021194458e-02
9.461011737585067749e-02
9.461610764265060425e-02
9.462202340364456177e-02
9.462797641754150391e-02
9.463399648666381836e-02
9.463991969823837280e-02
9.464585036039352417e-02
9.465186297893524170e-02
9.465783834457397461e-02
9.466373175382614136e-02
9.466968476772308350e-02
9.467566758394241333e-02
9.468161314725875854e-02
9.468757361173629761e-02
9.469347447156906128e-02
9.469944238662719727e-02
9.470544010400772095e-02
9.471136331558227539e-02
9.471731632947921753e-02
9.472327679395675659e-02
9.472917765378952026e-02
9.473516047000885010e-02
9.474112838506698608e-02
9.474704414606094360e-02
9.475300461053848267e-02
9.475893527269363403e-02
9.476485103368759155e-02
9.477080404758453369e-02
9.477674216032028198e-02
9.478271007537841797e-02
9.478866308927536011e-02
9.479462355375289917e-02
9.480057656764984131e-02
9.480644017457962036e-02
9.481246024370193481e-02
9.481835365295410156e-02
9.482432156801223755e-02
9.483022987842559814e-02
9.483617544174194336e-02
9.484212845563888550e-02
9.484805911779403687e-02
9.485400468111038208e-02
9.485995024442672729e-02
9.486591070890426636e-02
9.487181156873703003e-02
9.487774223089218140e-02
9.488362818956375122e-02
9.488958865404129028e-02
9.489555656909942627e-02
9.490150213241577148e-02
9.490745514631271362e-02
9.491335600614547729e-02
9.491933882236480713e-02
9.492523223161697388e-02
9.493120014667510986e-02
9.493715316057205200e-02
9.494304656982421875e-02
9.494896233081817627e-02
9.495497494935989380e-02
9.496082365512847900e-02
9.496682137250900269e-02
9.497267007827758789e-02
9.497868269681930542e-02
9.498464316129684448e-02
9.499053657054901123e-02
9.499649703502655029e-02
9.500242024660110474e-02
9.500837326049804688e-02
9.501428157091140747e-02
9.502016752958297729e-02
9.502612054347991943e-02
9.503208845853805542e-02
9.503803402185440063e-02
9.504394233226776123e-02
9.504991769790649414e-02
9.505577385425567627e-02
9.506177157163619995e-02
9.506767988204956055e-02
9.507363289594650269e-02
9.507956355810165405e-02
9.508551657199859619e-02
9.509145468473434448e-02
9.509743005037307739e-02
9.510337561368942261e-02
9.510920941829681396e-02
9.511517733335494995e-02
9.512115269899368286e-02
9.512705355882644653e-02
9.513306617736816406e-02
9.513897448778152466e-02
9.514492750167846680e-02
9.515083581209182739e-02
9.515679627656936646e-02
9.516274929046630859e-02
9.516859799623489380e-02
9.517456591129302979e-02
9.518056362867355347e-02
9.518641978502273560e-02
9.519238770008087158e-02
9.519843757152557373e-02
9.520428627729415894e-02
9.521026164293289185e-02
9.521626681089401245e-02
9.522216022014617920e-02
9.522812068462371826e-02
9.523408859968185425e-02
9.524000436067581177e-02
9.524596482515335083e-02
9.525191038846969604e-02
9.525783360004425049e-02
9.526383131742477417e-02
9.526975452899932861e-02
9.527569264173507690e-02
9.528161585330963135e-02
9.528760612010955811e-02
9.529356658458709717e-02
9.529953449964523315e-02
9.530550986528396606e-02
9.531141072511672974e-02
9.531737864017486572e-02
9.532331675291061401e-02
9.532923996448516846e-02
9.533526748418807983e-02
9.534119814634323120e-02
9.534715861082077026e-02
9.535311162471771240e-02
9.535909444093704224e-02
9.536505490541458130e-02
9.537098556756973267e-02
9.537696838378906250e-02
9.538294374942779541e-02
9.538893401622772217e-02
9.539485722780227661e-02
9.540080279111862183e-02
9.540677815675735474e-02
9.541278332471847534e-02
9.541870653629302979e-02
9.542470425367355347e-02
9.543066471815109253e-02
9.543658792972564697e-02
9.544259309768676758e-02
9.544850885868072510e-02
9.545450657606124878e-02
9.546054154634475708e-02
9.546650201082229614e-02
9.547245502471923828e-02
9.547840803861618042e-02
9.548439830541610718e-02
9.549040347337722778e-02
9.549639374017715454e-02
9.550237655639648438e-02
9.550831466913223267e-02
9.551434963941574097e-02
9.552031755447387695e-02
9.552627056837081909e-02
9.553227573633193970e-02
9.553824365139007568e-02
9.554421156644821167e-02
9.555020183324813843e-02
9.555619955062866211e-02
9.556222707033157349e-02
9.556823223829269409e-02
9.557418525218963623e-02
9.558016806840896606e-02
9.558617323637008667e-02
9.559219330549240112e-02
9.559821337461471558e-02
9.560419619083404541e-02
9.561014175415039062e-02
9.561616182327270508e-02
9.562216699123382568e-02
9.562820941209793091e-02
9.563415497541427612e-02
9.564013779163360596e-02
9.564615786075592041e-02
9.565217047929763794e-02
9.565818309783935547e-02
9.566424041986465454e-02
9.567023068666458130e-02
9.567620605230331421e-02
9.568224847316741943e-02
9.568823128938674927e-02
9.569424390792846680e-02
9.570024162530899048e-02
9.570624679327011108e-02
9.571231901645660400e-02
9.571830928325653076e-02
9.572428464889526367e-02
9.573029726743698120e-02
9.573636949062347412e-02
9.574236720800399780e-02
9.574840217828750610e-02
9.575443714857101440e-02
9.576045721769332886e-02
9.576648473739624023e-02
9.577249735593795776e-02
9.577853232622146606e-02
9.578455239534378052e-02
9.579060226678848267e-02
9.579668194055557251e-02
9.580264985561370850e-02
9.580873697996139526e-02
9.581476449966430664e-02
9.582079201936721802e-02
9.582680463790893555e-02
9.583287686109542847e-02
9.583892673254013062e-02
9.584496915340423584e-02
9.585098922252655029e-02
9.585702419281005859e-02
9.586302936077117920e-02
9.586917608976364136e-02
9.587518870830535889e-02
9.588127583265304565e-02
9.588731080293655396e-02
9.589332342147827148e-02
9.589941054582595825e-02
9.590543061494827271e-02
9.591149538755416870e-02
9.591757506132125854e-02
9.592361003160476685e-02
9.592967480421066284e-02
9.593571722507476807e-02
9.594179689884185791e-02
9.594791382551193237e-02
9.595394879579544067e-02
9.596001356840133667e-02
9.596610814332962036e-02
9.597212821245193481e-02
9.597814083099365234e-02
9.598427265882492065e-02
9.599036723375320435e-02
9.599644690752029419e-02
9.600250422954559326e-02
9.600859135389328003e-02
9.601467102766036987e-02
9.602079540491104126e-02
9.602684527635574341e-02
9.603290259838104248e-02
9.603901207447052002e-02
9.604514390230178833e-02
9.605117142200469971e-02
9.605727344751358032e-02
9.606338292360305786e-02
9.606945514678955078e-02
9.607554227113723755e-02
9.608167409896850586e-02
9.608779102563858032e-02
9.609387814998626709e-02
9.609996527433395386e-02
9.610605984926223755e-02
9.611214697360992432e-02
9.611826390027999878e-02
9.612435847520828247e-02
9.613048285245895386e-02
9.613657742738723755e-02
9.614264219999313354e-02
9.614878147840499878e-02
9.615492820739746094e-02
9.616100043058395386e-02
9.616709500551223755e-02
9.617329388856887817e-02
9.617936611175537109e-02
9.618543088436126709e-02
9.619159251451492310e-02
9.619771689176559448e-02
9.620387107133865356e-02
9.620995819568634033e-02
9.621609747409820557e-02
9.622216969728469849e-02
9.622836112976074219e-02
9.623444825410842896e-02
9.624058753252029419e-02
9.624672681093215942e-02
9.625286608934402466e-02
9.625899046659469604e-02
9.626509249210357666e-02
9.627129882574081421e-02
9.627746790647506714e-02
9.628354758024215698e-02
9.628969430923461914e-02
9.629583358764648438e-02
9.630197286605834961e-02
9.630811959505081177e-02
9.631426632404327393e-02
9.632041305303573608e-02
9.632653743028640747e-02
9.633267670869827271e-02
9.633885324001312256e-02
9.634504467248916626e-02
9.635116904973983765e-02
9.635733813047409058e-02
9.636353701353073120e-02
9.636964648962020874e-02
9.637583792209625244e-02
9.638201445341110229e-02
9.638816863298416138e-02
9.639431536197662354e-02
9.640055149793624878e-02
9.640663862228393555e-02
9.641284495592117310e-02
9.641899168491363525e-02
9.642516821622848511e-02
9.643136709928512573e-02
9.643750637769699097e-02
9.644371271133422852e-02
9.644985198974609375e-02
9.645600616931915283e-02
9.646224975585937500e-02
9.646844118833541870e-02
9.647459536790847778e-02
9.648078680038452148e-02
9.648698568344116211e-02
9.649319201707839966e-02
9.649939090013504028e-02
9.650553017854690552e-02
9.651179611682891846e-02
9.651797264814376831e-02
9.652412682771682739e-02
9.653031080961227417e-02
9.653652459383010864e-02
9.654271602630615234e-02
9.654892235994338989e-02
9.655518084764480591e-02
9.656136482954025269e-02
9.656756371259689331e-02
9.657377004623413086e-02
9.657995402812957764e-02
9.658615291118621826e-02
9.659243375062942505e-02
9.659857302904129028e-02
9.660483151674270630e-02
9.661101549863815308e-02
9.661722928285598755e-02
9.662349522113800049e-02
9.662967920303344727e-02
9.663594514131546021e-02
9.664211422204971313e-02
9.664839506149291992e-02
9.665457904338836670e-02
9.666083008050918579e-02
9.666702896356582642e-02
9.667326509952545166e-02
9.667946398258209229e-02
9.668571501970291138e-02
9.669195115566253662e-02
9.669814258813858032e-02
9.670437127351760864e-02
9.671068191528320312e-02
9.671687334775924683e-02
9.672309458255767822e-02
9.672933816909790039e-02
9.673564881086349487e-02
9.674187004566192627e-02
9.674812108278274536e-02
9.675437211990356445e-02
9.676063060760498047e-02
9.676684439182281494e-02
9.677313268184661865e-02
9.677941352128982544e-02
9.678561985492706299e-02
9.679181128740310669e-02
9.679810702800750732e-02
9.680440276861190796e-02
9.681060165166854858e-02
9.681689739227294922e-02
9.682311862707138062e-02
9.682940691709518433e-02
9.683566540479660034e-02
9.684192389249801636e-02
9.684829413890838623e-02
9.685452282428741455e-02
9.686075150966644287e-02
9.686703234910964966e-02
9.687333554029464722e-02
9.687955677509307861e-02
9.688580781221389771e-02
9.689211100339889526e-02
9.689842909574508667e-02
9.690470248460769653e-02
9.691097587347030640e-02
9.691726416349411011e-02
9.692347794771194458e-02
9.692980349063873291e-02
9.693612903356552124e-02
9.694235771894454956e-02
9.694869071245193481e-02
9.695494174957275391e-02
9.696125239133834839e-02
9.696752578020095825e-02
9.697379916906356812e-02
9.698009490966796875e-02
9.698641300201416016e-02
9.699267894029617310e-02
9.699898213148117065e-02
9.700531512498855591e-02
9.701161831617355347e-02
9.701790660619735718e-02
9.702424705028533936e-02
9.703052043914794922e-02
9.703683108091354370e-02
9.704314917325973511e-02
9.704946726560592651e-02
9.705574810504913330e-02
9.706200659275054932e-02
9.706835448741912842e-02
9.707468748092651367e-02
9.708096086978912354e-02
9.708727896213531494e-02
9.709363430738449097e-02
9.709992259740829468e-02
9.710628539323806763e-02
9.711258113384246826e-02
9.711892157793045044e-02
9.712522476911544800e-02
9.713154286146163940e-02
9.713786095380783081e-02
9.714422374963760376e-02
9.715051203966140747e-02
9.715683013200759888e-02
9.716314822435379028e-02
9.716949611902236938e-02
9.717585891485214233e-02
9.718214720487594604e-02
9.718845039606094360e-02
9.719484299421310425e-02
9.720115363597869873e-02
9.720753133296966553e-02
9.721381217241287231e-02
9.722017496824264526e-02
9.722656011581420898e-02
9.723283350467681885e-02
9.723918884992599487e-02
9.724556654691696167e-02
9.725183993577957153e-02
9.725825488567352295e-02
9.726458787918090820e-02
9.727089852094650269e-02
9.727726876735687256e-02
9.728365391492843628e-02
9.728994220495223999e-02
9.729634970426559448e-02
9.730268269777297974e-02
9.730900079011917114e-02
9.731535613536834717e-02
9.732175618410110474e-02
9.732806682586669922e-02
9.733449667692184448e-02
9.734075516462326050e-02
9.734713286161422729e-02
9.735352545976638794e-02
9.735984355211257935e-02
9.736626595258712769e-02
9.737259894609451294e-02
9.737896919250488281e-02
9.738533943891525269e-02
9.739167243242263794e-02
9.739805757999420166e-02
9.740442037582397461e-02
9.741077572107315063e-02
9.741721302270889282e-02
9.742355346679687500e-02
9.742992371320724487e-02
9.743632376194000244e-02
9.744267165660858154e-02
9.744901210069656372e-02
9.745539724826812744e-02
9.746180474758148193e-02
9.746818989515304565e-02
9.747453033924102783e-02
9.748094528913497925e-02
9.748731553554534912e-02
9.749365597963333130e-02
9.750007092952728271e-02
9.750641882419586182e-02
9.751284122467041016e-02
9.751921892166137695e-02
9.752559661865234375e-02
9.753201156854629517e-02
9.753840416669845581e-02
9.754476696252822876e-02
9.755109995603561401e-02
9.755753725767135620e-02
9.756393730640411377e-02
9.757035225629806519e-02
9.757674485445022583e-02
9.758306294679641724e-02
9.758950769901275635e-02
9.759592264890670776e-02
9.760230034589767456e-02
9.760867059230804443e-02
9.761507064104080200e-02
9.762154519557952881e-02
9.762788563966751099e-02
9.763430058956146240e-02
9.764062613248825073e-02
9.764713048934936523e-02
9.765349328517913818e-02
9.765989333391189575e-02
9.766625612974166870e-02
9.767269343137741089e-02
9.767907857894897461e-02
9.768552333116531372e-02
9.769190847873687744e-02
9.769827872514724731e-02
9.770471602678298950e-02
9.771116077899932861e-02
9.771756827831268311e-02
9.772395342588424683e-02
9.773033112287521362e-02
9.773679077625274658e-02
9.774321317672729492e-02
9.774956852197647095e-02
9.775600582361221313e-02
9.776239097118377686e-02
9.776885807514190674e-02
9.777516871690750122e-02
9.778164327144622803e-02
9.778808802366256714e-02
9.779452532529830933e-02
9.780091792345046997e-02
9.780731052160263062e-02
9.781379252672195435e-02
9.782017022371292114e-02
9.782662242650985718e-02
9.783301502466201782e-02
9.783942252397537231e-02
9.784588962793350220e-02
9.785224497318267822e-02
9.785871207714080811e-02
9.786511957645416260e-02
9.787154197692871094e-02
9.787797182798385620e-02
9.788442403078079224e-02
9.789084643125534058e-02
9.789717942476272583e-02
9.790370613336563110e-02
9.791009873151779175e-02
9.791649878025054932e-02
9.792297333478927612e-02
9.792936593294143677e-02
9.793580323457717896e-02
9.794228523969650269e-02
9.794871509075164795e-02
9.795515239238739014e-02
9.796147048473358154e-02
9.796793013811111450e-02
9.797443449497222900e-02
9.798084944486618042e-02
9.798728674650192261e-02
9.799371659755706787e-02
9.800014644861221313e-02
9.800660610198974609e-02
9.801302850246429443e-02
9.801942110061645508e-02
9.802585095167160034e-02
9.803228825330734253e-02
9.803874045610427856e-02
9.804517775774002075e-02
9.805160015821456909e-02
9.805803745985031128e-02
9.806444495916366577e-02
9.807097166776657104e-02
9.807739406824111938e-02
9.808379411697387695e-02
9.809023886919021606e-02
9.809667617082595825e-02
9.810315817594528198e-02
9.810954332351684570e-02
9.811598062515258789e-02
9.812243282794952393e-02
9.812885522842407227e-02
9.813535958528518677e-02
9.814178943634033203e-02
9.814815968275070190e-02
9.815464913845062256e-02
9.816110879182815552e-02
9.816752374172210693e-02
9.817395359277725220e-02
9.818046540021896362e-02
9.818685054779052734e-02
9.819330275058746338e-02
9.819971770048141479e-02
9.820616245269775391e-02
9.821265190839767456e-02
9.821904450654983521e-02
9.822551906108856201e-02
9.823196381330490112e-02
9.823841601610183716e-02
9.824485331773757935e-02
9.825128316879272461e-02
9.825771301984786987e-02
9.826416522264480591e-02
9.827058762311935425e-02
9.827710688114166260e-02
9.828351438045501709e-02
9.828996658325195312e-02
9.829638898372650146e-02
9.830288589000701904e-02
9.830933064222335815e-02
9.831576794385910034e-02
9.832222014665603638e-02
9.832861274480819702e-02
9.833510220050811768e-02
9.834156185388565063e-02
9.834794700145721436e-02
9.835440665483474731e-02
9.836088865995407104e-02
9.836731106042861938e-02
9.837377816438674927e-02
9.838020801544189453e-02
9.838664531707763672e-02
9.839313477277755737e-02
9.839957952499389648e-02
9.840600192546844482e-02
9.841249138116836548e-02
9.841890633106231689e-02
9.842532873153686523e-02
9.843184053897857666e-02
9.843825548887252808e-02
9.844469279050827026e-02
9.845113009214401245e-02
9.845758974552154541e-02
9.846406430006027222e-02
9.847045689821243286e-02
9.847693145275115967e-02
9.848333150148391724e-02
9.848976880311965942e-02
9.849630296230316162e-02
9.850268810987472534e-02
9.850918501615524292e-02
9.851560741662979126e-02
9.852202236652374268e-02
9.852849692106246948e-02
9.853499382734298706e-02
9.854136407375335693e-02
9.854782372713088989e-02
9.855426102876663208e-02
9.856069833040237427e-02
9.856711328029632568e-02
9.857363253831863403e-02
9.858006983995437622e-02
9.858650714159011841e-02
9.859298169612884521e-02
9.859938174486160278e-02
9.860586374998092651e-02
9.861230850219726562e-02
9.861873090267181396e-02
9.862516820430755615e-02
9.863161295652389526e-02
9.863810986280441284e-02
9.864448755979537964e-02
9.865093976259231567e-02
9.865736216306686401e-02
9.866385906934738159e-02
9.867026656866073608e-02
9.867670387029647827e-02
9.868316352367401123e-02
9.868951141834259033e-02
9.869600832462310791e-02
9.870243817567825317e-02
9.870889037847518921e-02
9.871532022953033447e-02
9.872176498174667358e-02
9.872822463512420654e-02
9.873468428850173950e-02
9.874105453491210938e-02
9.874754399061203003e-02
9.875393658876419067e-02
9.876041859388351440e-02
9.876681119203567505e-02
9.877325594425201416e-02
9.877966344356536865e-02
9.878617525100708008e-02
9.879256039857864380e-02
9.879897534847259521e-02
9.880548715591430664e-02
9.881184250116348267e-02
9.881829470396041870e-02
9.882473200559616089e-02
9.883119165897369385e-02
9.883762151002883911e-02
9.884404391050338745e-02
9.885043650865554810e-02
9.885687381029129028e-02
9.886331111192703247e-02
9.886974841356277466e-02
9.887617081403732300e-02
9.888260811567306519e-02
9.888903796672821045e-02
9.889538586139678955e-02
9.890197962522506714e-02
9.890832751989364624e-02
9.891473501920700073e-02
9.892118722200393677e-02
9.892759472131729126e-02
9.893400222063064575e-02
9.894043952226638794e-02
9.894686192274093628e-02
9.895322471857070923e-02
9.895969182252883911e-02
9.896606951951980591e-02
9.897251427173614502e-02
9.897898882627487183e-02
9.898541867733001709e-02
9.899177402257919312e-02
9.899820387363433838e-02
9.900461137294769287e-02
9.901105612516403198e-02
9.901740401983261108e-02
9.902387857437133789e-02
9.903024882078170776e-02
9.903668612241744995e-02
9.904307872056961060e-02
9.904951602220535278e-02
9.905589371919631958e-02
9.906232357025146484e-02
9.906881302595138550e-02
9.907520562410354614e-02
9.908153861761093140e-02
9.908801317214965820e-02
9.909439086914062500e-02
9.910077601671218872e-02
9.910714626312255859e-02
9.911359101533889771e-02
9.912002831697463989e-02
9.912640601396560669e-02
9.913279116153717041e-02
9.913926571607589722e-02
9.914558380842208862e-02
9.915196895599365234e-02
9.915841370820999146e-02
9.916479885578155518e-02
9.917116910219192505e-02
9.917759150266647339e-02
9.918399155139923096e-02
9.919034689664840698e-02
9.919673949480056763e-02
9.920316934585571289e-02
9.920956194400787354e-02
9.921598434448242188e-02
9.922235459089279175e-02
9.922873228788375854e-02
9.923512488603591919e-02
9.924148768186569214e-02
9.924788028001785278e-02
9.925425052642822266e-02
9.926064312458038330e-02
9.926699101924896240e-02
9.927342832088470459e-02
9.927981346845626831e-02
9.928620606660842896e-02
9.929253160953521729e-02
9.929893910884857178e-02
9.930533915758132935e-02
9.931170195341110229e-02
9.931809455156326294e-02
9.932442009449005127e-02
9.933079779148101807e-02
9.933717548847198486e-02
9.934358298778533936e-02
9.934996068477630615e-02
9.935631603002548218e-02
9.936267882585525513e-02
9.936904907226562500e-02
9.937541186809539795e-02
9.938170015811920166e-02
9.938811510801315308e-02
9.939451515674591064e-02
9.940082579851150513e-02
9.940714389085769653e-02
9.941357374191284180e-02
9.941995143890380859e-02
9.942629188299179077e-02
9.943263977766036987e-02
9.943901747465133667e-02
9.944536536931991577e-02
9.945172071456909180e-02
9.945804625749588013e-02
9.946440905332565308e-02
9.947074204683303833e-02
9.947706758975982666e-02
9.948348253965377808e-02
9.948980808258056641e-02
9.949614107608795166e-02
9.950251132249832153e-02
9.950876235961914062e-02
9.951510280370712280e-02
9.952151030302047729e-02
9.952784329652786255e-02
9.953414648771286011e-02
9.954052418470382690e-02
9.954686462879180908e-02
9.955317527055740356e-02
9.955953061580657959e-02
9.956584870815277100e-02
9.957218915224075317e-02
9.957848489284515381e-02
9.958476573228836060e-02
9.959118813276290894e-02
9.959746152162551880e-02
9.960377961397171021e-02
9.961013495922088623e-02
9.961634874343872070e-02
9.962267428636550903e-02
9.962903708219528198e-02
9.963537007570266724e-02
9.964168816804885864e-02
9.964801371097564697e-02
9.965430945158004761e-02
9.966059029102325439e-02
9.966696798801422119e-02
9.967321902513504028e-02
9.967951476573944092e-02
9.968584775924682617e-02
9.969212114810943604e-02
9.969841688871383667e-02
9.970469772815704346e-02
9.971105307340621948e-02
9.971731156110763550e-02
9.972362965345382690e-02
9.972994029521942139e-02
9.973622113466262817e-02
9.974250942468643188e-02
9.974884241819381714e-02
9.975510835647583008e-02
9.976135194301605225e-02
9.976766258478164673e-02
9.977395087480545044e-02
9.978019446134567261e-02
9.978650510311126709e-02
9.979278594255447388e-02
9.979904443025588989e-02
9.980533272027969360e-02
9.981160610914230347e-02
9.981786459684371948e-02
9.982412308454513550e-02
9.983040392398834229e-02
9.983669966459274292e-02
9.984292089939117432e-02
9.984923154115676880e-02
9.985548257827758789e-02
9.986174851655960083e-02
9.986798465251922607e-02
9.987430274486541748e-02
9.988051652908325195e-02
9.988676011562347412e-02
9.989302605390548706e-02
9.989923238754272461e-02
9.990548342466354370e-02
9.991174936294555664e-02
9.991801530122756958e-02
9.992426633834838867e-02
9.993051737546920776e-02
9.993679076433181763e-02
9.994298964738845825e-02
9.994924068450927734e-02
9.995543211698532104e-02
9.996169805526733398e-02
9.996794909238815308e-02
9.997416287660598755e-02
9.998042136430740356e-02
9.998660534620285034e-02
9.999285638332366943e-02
9.999901801347732544e-02
1.000052839517593384e-01
1.000115424394607544e-01
1.000177413225173950e-01
1.000239253044128418e-01
1.000301688909530640e-01
1.000363677740097046e-01
1.000425964593887329e-01
1.000487357378005981e-01
1.000549793243408203e-01
1.000611931085586548e-01
1.000674515962600708e-01
1.000736206769943237e-01
1.000797599554061890e-01
1.000859886407852173e-01
1.000922173261642456e-01
1.000983715057373047e-01
1.001045554876327515e-01
1.001107543706893921e-01
1.001169532537460327e-01
1.001231670379638672e-01
1.001293808221817017e-01
1.001355499029159546e-01
1.001416593790054321e-01
1.001478880643844604e-01
1.001540869474411011e-01
1.001602262258529663e-01
1.001663357019424438e-01
1.001725196838378906e-01
1.001787036657333374e-01
1.001849919557571411e-01
1.001911014318466187e-01
1.001972407102584839e-01
1.002034097909927368e-01
1.002096086740493774e-01
1.002157181501388550e-01
1.002219170331954956e-01
1.002280265092849731e-01
1.002341657876968384e-01
1.002403348684310913e-01
1.002465039491653442e-01
1.002526134252548218e-01
1.002587229013442993e-01
1.002648919820785522e-01
1.002710908651351929e-01
1.002771705389022827e-01
1.002833694219589233e-01
1.002894490957260132e-01
1.002955585718154907e-01
1.003017574548721313e-01
1.003078073263168335e-01
1.003139168024063110e-01
1.003200411796569824e-01
1.003261804580688477e-01
1.003323048353195190e-01
1.003384441137313843e-01
1.003445237874984741e-01
1.003506630659103394e-01
1.003567576408386230e-01
1.003628522157669067e-01
1.003689318895339966e-01
1.003750711679458618e-01
1.003811806440353394e-01
1.003872901201248169e-01
1.003933548927307129e-01
1.003994494676589966e-01
1.004056185483932495e-01
1.004116386175155640e-01
1.004177182912826538e-01
1.004237979650497437e-01
1.004298478364944458e-01
1.004360169172286987e-01
1.004420667886734009e-01
1.004481315612792969e-01
1.004542112350463867e-01
1.004602760076522827e-01
1.004663556814193726e-01
1.004724353551864624e-01
1.004784703254699707e-01
1.004845649003982544e-01
1.004906743764877319e-01
1.004966646432876587e-01
1.005027294158935547e-01
1.005087494850158691e-01
1.005148440599441528e-01
1.005209237337112427e-01
1.005269438028335571e-01
1.005329936742782593e-01
1.005390435457229614e-01
1.005450487136840820e-01
1.005511134862899780e-01
1.005571037530899048e-01
1.005631536245346069e-01
1.005691289901733398e-01
1.005752235651016235e-01
1.005812138319015503e-01
1.005872339010238647e-01
1.005932837724685669e-01
1.005992740392684937e-01
1.006053090095520020e-01
1.006112843751907349e-01
1.006173342466354370e-01
1.006233692169189453e-01
1.006293743848800659e-01
1.006353646516799927e-01
1.006413698196411133e-01
1.006473451852798462e-01
1.006533354520797729e-01
1.006593853235244751e-01
1.006653457880020142e-01
1.006713360548019409e-01
1.006773263216018677e-01
1.006832867860794067e-01
1.006892770528793335e-01
1.006952673196792603e-01
1.007012873888015747e-01
1.007072478532791138e-01
1.007131785154342651e-01
1.007191687822341919e-01
1.007251292467117310e-01
1.007311493158340454e-01
1.007370799779891968e-01
1.007430106401443481e-01
1.007489711046218872e-01
1.007548421621322632e-01
1.007609218358993530e-01
1.007668524980545044e-01
1.007727831602096558e-01
1.007786840200424194e-01
1.007846146821975708e-01
1.007905602455139160e-01
1.007965654134750366e-01
1.008024215698242188e-01
1.008083820343017578e-01
1.008142828941345215e-01
1.008202284574508667e-01
1.008261293172836304e-01
1.008320897817611694e-01
1.008379608392715454e-01
1.008439511060714722e-01
1.008498072624206543e-01
1.008557528257369995e-01
1.008616536855697632e-01
1.008675545454025269e-01
1.008734107017517090e-01
1.008793264627456665e-01
1.008852124214172363e-01
1.008910983800888062e-01
1.008970290422439575e-01
1.009029150009155273e-01
1.009088009595870972e-01
1.009146720170974731e-01
1.009205728769302368e-01
1.009264439344406128e-01
1.009323149919509888e-01
1.009382456541061401e-01
1.009440571069717407e-01
1.009499281644821167e-01
1.009557694196701050e-01
1.009616702795028687e-01
1.009674668312072754e-01
1.009733527898788452e-01
1.009792536497116089e-01
1.009850651025772095e-01
1.009908914566040039e-01
1.009967774152755737e-01
1.010025739669799805e-01
1.010084003210067749e-01
1.010142415761947632e-01
1.010200977325439453e-01
1.010259389877319336e-01
1.010317057371139526e-01
1.010375469923019409e-01
1.010434627532958984e-01
1.010492295026779175e-01
1.010550707578659058e-01
1.010607928037643433e-01
1.010666936635971069e-01
1.010724753141403198e-01
1.010782569646835327e-01
1.010840088129043579e-01
1.010898500680923462e-01
1.010956615209579468e-01
1.011014729738235474e-01
1.011072993278503418e-01
1.011130213737487793e-01
1.011187583208084106e-01
1.011245697736740112e-01
1.011303812265396118e-01
1.011361926794052124e-01
1.011418849229812622e-01
1.011476963758468628e-01
1.011534780263900757e-01
1.011592000722885132e-01
1.011649519205093384e-01
1.011707186698913574e-01
1.011764556169509888e-01
1.011822372674942017e-01
1.011879593133926392e-01
1.011937111616134644e-01
1.011994630098342896e-01
1.012052148580551147e-01
1.012109965085983276e-01
1.012167334556579590e-01
1.012224107980728149e-01
1.012281328439712524e-01
1.012338846921920776e-01
1.012395769357681274e-01
1.012453585863113403e-01
1.012510508298873901e-01
1.012567430734634399e-01
1.012624353170394897e-01
1.012681722640991211e-01
1.012738794088363647e-01
1.012795418500900269e-01
1.012852340936660767e-01
1.012909561395645142e-01
1.012966781854629517e-01
1.013023704290390015e-01
1.013080030679702759e-01
1.013137102127075195e-01
1.013193577527999878e-01
1.013250797986984253e-01
1.013307422399520874e-01
1.013363450765609741e-01
1.013420373201370239e-01
1.013477593660354614e-01
1.013533920049667358e-01
1.013590246438980103e-01
1.013647317886352539e-01
1.013703495264053345e-01
1.013760417699813843e-01
1.013816446065902710e-01
1.013873368501663208e-01
1.013929992914199829e-01
1.013985723257064819e-01
1.014042496681213379e-01
1.014098078012466431e-01
1.014154553413391113e-01
1.014211028814315796e-01
1.014267057180404663e-01
1.014323085546493530e-01
1.014380007982254028e-01
1.014435291290283203e-01
1.014491468667984009e-01
1.014547795057296753e-01
1.014603525400161743e-01
1.014660000801086426e-01
1.014715433120727539e-01
1.014771312475204468e-01
1.014827340841293335e-01
1.014883667230606079e-01
1.014938801527023315e-01
1.014994978904724121e-01
1.015050858259201050e-01
1.015106290578842163e-01
1.015161722898483276e-01
1.015217304229736328e-01
1.015272885560989380e-01
1.015329211950302124e-01
1.015384048223495483e-01
1.015440225601196289e-01
1.015495508909225464e-01
1.015550643205642700e-01
1.015606075525283813e-01
1.015661507844924927e-01
1.015716642141342163e-01
1.015772372484207153e-01
1.015827506780624390e-01
1.015882641077041626e-01
1.015938371419906616e-01
1.015993505716323853e-01
1.016048341989517212e-01
1.016104072332382202e-01
1.016158908605575562e-01
1.016214042901992798e-01
1.016269177198410034e-01
1.016323715448379517e-01
1.016379445791244507e-01
1.016433835029602051e-01
1.016488671302795410e-01
1.016543954610824585e-01
1.016598194837570190e-01
1.016653031110763550e-01
1.016707867383956909e-01
1.016762405633926392e-01
1.016817539930343628e-01
1.016871780157089233e-01
1.016926616430282593e-01
1.016981154680252075e-01
1.017035692930221558e-01
1.017090231180191040e-01
1.017145514488220215e-01
1.017199605703353882e-01
1.017253845930099487e-01
1.017308086156845093e-01
1.017362624406814575e-01
1.017416715621948242e-01
1.017471104860305786e-01
1.017525047063827515e-01
1.017579883337020874e-01
1.017634123563766479e-01
1.017688363790512085e-01
1.017742305994033813e-01
1.017796397209167480e-01
1.017849892377853394e-01
1.017904132604598999e-01
1.017958372831344604e-01
1.018012315034866333e-01
1.018065959215164185e-01
1.018119454383850098e-01
1.018174141645431519e-01
1.018227487802505493e-01
1.018281430006027222e-01
1.018335074186325073e-01
1.018389016389846802e-01
1.018442362546920776e-01
1.018496006727218628e-01
1.018550246953964233e-01
1.018603295087814331e-01
1.018656641244888306e-01
1.018710285425186157e-01
1.018763929605484009e-01
1.018816977739334106e-01
1.018870919942855835e-01
1.018923372030258179e-01
1.018977314233779907e-01
1.019030660390853882e-01
1.019084304571151733e-01
1.019137054681777954e-01
1.019190400838851929e-01
1.019243448972702026e-01
1.019296199083328247e-01
1.019349694252014160e-01
1.019402146339416504e-01
1.019455641508102417e-01
1.019508689641952515e-01
1.019561141729354858e-01
1.019613891839981079e-01
1.019667387008666992e-01
1.019719988107681274e-01
1.019772440195083618e-01
1.019825488328933716e-01
1.019878238439559937e-01
1.019930988550186157e-01
1.019983887672424316e-01
1.020036786794662476e-01
1.020089238882064819e-01
1.020140796899795532e-01
1.020193547010421753e-01
1.020246148109436035e-01
1.020298749208450317e-01
1.020351797342300415e-01
1.020403057336807251e-01
1.020455211400985718e-01
1.020508557558059692e-01
1.020560860633850098e-01
1.020612567663192749e-01
1.020664572715759277e-01
1.020717024803161621e-01
1.020769029855728149e-01
1.020820885896682739e-01
1.020873337984085083e-01
1.020925194025039673e-01
1.020977348089218140e-01
1.021029353141784668e-01
1.021080464124679565e-01
1.021132320165634155e-01
1.021184772253036499e-01
1.021236032247543335e-01
1.021287888288497925e-01
1.021339446306228638e-01
1.021391600370407104e-01
1.021442860364913940e-01
1.021494716405868530e-01
1.021546572446823120e-01
1.021597534418106079e-01
1.021649241447448730e-01
1.021700352430343628e-01
1.021752208471298218e-01
1.021803468465805054e-01
1.021854728460311890e-01
1.021905690431594849e-01
1.021957248449325562e-01
1.022008508443832397e-01
1.022059172391891479e-01
1.022110730409622192e-01
1.022161394357681274e-01
1.022212654352188110e-01
1.022264808416366577e-01
1.022314876317977905e-01
1.022366285324096680e-01
1.022416502237319946e-01
1.022467464208602905e-01
1.022518873214721680e-01
1.022569388151168823e-01
1.022619754076004028e-01
1.022671014070510864e-01
1.022721379995346069e-01
1.022772192955017090e-01
1.022822409868240356e-01
1.022873371839523315e-01
1.022924035787582397e-01
1.022974401712417603e-01
1.023024767637252808e-01
1.023074835538864136e-01
1.023125201463699341e-01
1.023175865411758423e-01
1.023226231336593628e-01
1.023276597261428833e-01
1.023326367139816284e-01
1.023377031087875366e-01
1.023426800966262817e-01
1.023476570844650269e-01
1.023526936769485474e-01
1.023577302694320679e-01
1.023627370595932007e-01
1.023677736520767212e-01
1.023727506399154663e-01
1.023777574300765991e-01
1.023827046155929565e-01
1.023876518011093140e-01
1.023926287889480591e-01
1.023976355791091919e-01
1.024026125669479370e-01
1.024075597524642944e-01
1.024125367403030396e-01
1.024174839258193970e-01
1.024224311113357544e-01
1.024273782968521118e-01
1.024323254823684692e-01
1.024372726678848267e-01
1.024421900510787964e-01
1.024471968412399292e-01
1.024520844221115112e-01
1.024570018053054810e-01
1.024619340896606445e-01
1.024668663740158081e-01
1.024717539548873901e-01
1.024767160415649414e-01
1.024816185235977173e-01
1.024864763021469116e-01
1.024913936853408813e-01
1.024963110685348511e-01
1.025011986494064331e-01
1.025061160326004028e-01
1.025110036134719849e-01
1.025158613920211792e-01
1.025206893682479858e-01
1.025255769491195679e-01
1.025304645299911499e-01
1.025353223085403442e-01
1.025401800870895386e-01
1.025450080633163452e-01
1.025498956441879272e-01
1.025547236204147339e-01
1.025596112012863159e-01
1.025644391775131226e-01
1.025692820549011230e-01
1.025740951299667358e-01
1.025789231061935425e-01
1.025837510824203491e-01
1.025886386632919312e-01
1.025934219360351562e-01
1.025982052087783813e-01
1.026029735803604126e-01
1.026078313589096069e-01
1.026125997304916382e-01
1.026174277067184448e-01
1.026222258806228638e-01
1.026269942522048950e-01
1.026318669319152832e-01
1.026365906000137329e-01
1.026413589715957642e-01
1.026461273431777954e-01
1.026509404182434082e-01
1.026556491851806641e-01
1.026604324579238892e-01
1.026652008295059204e-01
1.026699692010879517e-01
1.026746779680252075e-01
1.026794910430908203e-01
1.026841849088668823e-01
1.026889532804489136e-01
1.026936173439025879e-01
1.026983857154846191e-01
1.027030795812606812e-01
1.027078777551651001e-01
1.027125865221023560e-01
1.027172952890396118e-01
1.027219742536544800e-01
1.027267128229141235e-01
1.027313619852066040e-01
1.027361005544662476e-01
1.027407497167587280e-01
1.027455180883407593e-01
1.027501821517944336e-01
1.027548462152481079e-01
1.027595549821853638e-01
1.027642339468002319e-01
1.027688831090927124e-01
1.027735620737075806e-01
1.027782112360000610e-01
1.027828902006149292e-01
1.027875542640686035e-01
1.027921885251998901e-01
1.027968078851699829e-01
1.028015166521072388e-01
1.028060913085937500e-01
1.028107553720474243e-01
1.028154045343399048e-01
1.028200238943099976e-01
1.028246134519577026e-01
1.028292626142501831e-01
1.028338223695755005e-01
1.028383821249008179e-01
1.028431057929992676e-01
1.028476953506469727e-01
1.028522998094558716e-01
1.028567999601364136e-01
1.028614193201065063e-01
1.028660386800765991e-01
1.028705984354019165e-01
1.028752177953720093e-01
1.028798371553421021e-01
1.028843522071838379e-01
1.028888821601867676e-01
1.028934568166732788e-01
1.028980463743209839e-01
1.029025912284851074e-01
1.029071658849716187e-01
1.029116660356521606e-01
1.029162406921386719e-01
1.029207855463027954e-01
1.029253005981445312e-01
1.029298454523086548e-01
1.029343456029891968e-01
1.029388904571533203e-01
1.029433757066726685e-01
1.029479056596755981e-01
1.029523760080337524e-01
1.029569655656814575e-01
1.029614359140396118e-01
1.029658466577529907e-01
1.029703766107559204e-01
1.029748767614364624e-01
1.029793471097946167e-01
1.029837876558303833e-01
1.029883027076721191e-01
1.029927879571914673e-01
1.029972583055496216e-01
1.030016392469406128e-01
1.030061393976211548e-01
1.030106097459793091e-01
1.030151396989822388e-01
1.030195206403732300e-01
1.030239611864089966e-01
1.030284315347671509e-01
1.030328720808029175e-01
1.030373126268386841e-01
1.030417531728744507e-01
1.030461639165878296e-01
1.030505746603012085e-01
1.030549854040145874e-01
1.030593961477279663e-01
1.030637770891189575e-01
1.030681729316711426e-01
1.030725687742233276e-01
1.030769497156143188e-01
1.030813455581665039e-01
1.030857712030410767e-01
1.030900925397872925e-01
1.030944734811782837e-01
1.030989140272140503e-01
1.031032800674438477e-01
1.031076163053512573e-01
1.031119376420974731e-01
1.031163334846496582e-01
1.031206995248794556e-01
1.031249910593032837e-01
1.031293720006942749e-01
1.031336933374404907e-01
1.031381040811538696e-01
1.031424254179000854e-01
1.031466871500015259e-01
1.031510680913925171e-01
1.031553596258163452e-01
1.031596809625625610e-01
1.031639724969863892e-01
1.031682640314102173e-01
1.031725853681564331e-01
1.031768471002578735e-01
1.031811982393264771e-01
1.031854599714279175e-01
1.031897813081741333e-01
1.031940430402755737e-01
1.031982749700546265e-01
1.032025814056396484e-01
1.032068282365798950e-01
1.032110601663589478e-01
1.032153815031051636e-01
1.032196432352066040e-01
1.032239347696304321e-01
1.032281965017318726e-01
1.032323986291885376e-01
1.032366305589675903e-01
1.032408624887466431e-01
1.032450944185256958e-01
1.032493263483047485e-01
1.032534986734390259e-01
1.032577604055404663e-01
1.032619625329971313e-01
1.032661944627761841e-01
1.032703667879104614e-01
1.032745838165283203e-01
1.032788008451461792e-01
1.032830327749252319e-01
1.032871454954147339e-01
1.032914072275161743e-01
1.032955199480056763e-01
1.032997220754623413e-01
1.033039093017578125e-01
1.033080369234085083e-01
1.033122539520263672e-01
1.033163666725158691e-01
1.033205538988113403e-01
1.033247262239456177e-01
1.033288389444351196e-01
1.033330410718917847e-01
1.033371537923812866e-01
1.033412665128707886e-01
1.033453792333602905e-01
1.033495217561721802e-01
1.033536344766616821e-01
1.033577769994735718e-01
1.033618897199630737e-01
1.033660322427749634e-01
1.033701151609420776e-01
1.033742278814315796e-01
1.033782809972763062e-01
1.033823937177658081e-01
1.033864766359329224e-01
1.033905595541000366e-01
1.033946275711059570e-01
1.033987551927566528e-01
1.034028083086013794e-01
1.034068465232849121e-01
1.034109443426132202e-01
1.034150272607803345e-01
1.034190505743026733e-01
1.034231185913085938e-01
1.034271717071533203e-01
1.034311801195144653e-01
1.034352332353591919e-01
1.034392863512039185e-01
1.034432798624038696e-01
1.034473031759262085e-01
1.034513562917709351e-01
1.034553796052932739e-01
1.034593731164932251e-01
1.034634262323379517e-01
1.034673601388931274e-01
1.034714132547378540e-01
1.034753173589706421e-01
1.034794002771377563e-01
1.034833788871765137e-01
1.034873276948928833e-01
1.034913212060928345e-01
1.034952998161315918e-01
1.034992784261703491e-01
1.035032719373703003e-01
1.035072952508926392e-01
1.035111695528030396e-01
1.035151630640029907e-01
1.035190373659133911e-01
1.035230606794357300e-01
1.035269647836685181e-01
1.035309433937072754e-01
1.035348922014236450e-01
1.035387665033340454e-01
1.035427302122116089e-01
1.035466343164443970e-01
1.035505682229995728e-01
1.035545021295547485e-01
1.035583466291427612e-01
1.035622209310531616e-01
1.035661548376083374e-01
1.035699993371963501e-01
1.035739332437515259e-01
1.035778373479843140e-01
