6.658239662647247314e-02
6.661814451217651367e-02
6.665392220020294189e-02
6.668973714113235474e-02
6.672561168670654297e-02
6.676147133111953735e-02
6.679736822843551636e-02
6.683326512575149536e-02
6.686926633119583130e-02
6.690525263547897339e-02
6.694120913743972778e-02
6.697726249694824219e-02
6.701330840587615967e-02
6.704937666654586792e-02
6.708545237779617310e-02
6.712155789136886597e-02
6.715769320726394653e-02
6.719386577606201172e-02
6.723006069660186768e-02
6.726629287004470825e-02
6.730253249406814575e-02
6.733874976634979248e-02
6.737504154443740845e-02
6.741131097078323364e-02
6.744759529829025269e-02
6.748395413160324097e-02
6.752030551433563232e-02
6.755664199590682983e-02
6.759308278560638428e-02
6.762944161891937256e-02
6.766583025455474854e-02
6.770227104425430298e-02
6.773872673511505127e-02
6.777523458003997803e-02
6.781174242496490479e-02
6.784821301698684692e-02
6.788473576307296753e-02
6.792127341032028198e-02
6.795787066221237183e-02
6.799436360597610474e-02
6.803093850612640381e-02
6.806754320859909058e-02
6.810416281223297119e-02
6.814081221818923950e-02
6.817739456892013550e-02
6.821399927139282227e-02
6.825067847967147827e-02
6.828738749027252197e-02
6.832408159971237183e-02
6.836073100566864014e-02
6.839745491743087769e-02
6.843412667512893677e-02
6.847085058689117432e-02
6.850759685039520264e-02
6.854433566331863403e-02
6.858109682798385620e-02
6.861782819032669067e-02
6.865455955266952515e-02
6.869138777256011963e-02
6.872820109128952026e-02
6.876491755247116089e-02
6.880176812410354614e-02
6.883852928876876831e-02
6.887537986040115356e-02
6.891219317913055420e-02
6.894904375076293945e-02
6.898582726716995239e-02
6.902265548706054688e-02
6.905948370695114136e-02
6.909631937742233276e-02
6.913315504789352417e-02
6.917000561952590942e-02
6.920683383941650391e-02
6.924367696046829224e-02
6.928055733442306519e-02
6.931739300489425659e-02
6.935424357652664185e-02
6.939108669757843018e-02
6.942797452211380005e-02
6.946491450071334839e-02
6.950174272060394287e-02
6.953854113817214966e-02
6.957547366619110107e-02
6.961231678724288940e-02
6.964915990829467773e-02
6.968604028224945068e-02
6.972289830446243286e-02
6.975971907377243042e-02
6.979657709598541260e-02
6.983344256877899170e-02
6.987027823925018311e-02
6.990713626146316528e-02
6.994402408599853516e-02
6.998078525066375732e-02
7.001762092113494873e-02
7.005448639392852783e-02
7.009130716323852539e-02
7.012813538312911987e-02
7.016491144895553589e-02
7.020175457000732422e-02
7.023858278989791870e-02
7.027535885572433472e-02
7.031216472387313843e-02
7.034892588853836060e-02
7.038574665784835815e-02
7.042250782251358032e-02
7.045929133892059326e-02
7.049600780010223389e-02
7.053274661302566528e-02
7.056952267885208130e-02
7.060622423887252808e-02
7.064297050237655640e-02
7.067967206239700317e-02
7.071632891893386841e-02
7.075309008359909058e-02
7.078976184129714966e-02
7.082645595073699951e-02
7.086306810379028320e-02
7.089974731206893921e-02
7.093637436628341675e-02
7.097303122282028198e-02
7.100964337587356567e-02
7.104624062776565552e-02
7.108284533023834229e-02
7.111942768096923828e-02
7.115595787763595581e-02
7.119254767894744873e-02
7.122904807329177856e-02
7.126563042402267456e-02
7.130210846662521362e-02
7.133858650922775269e-02
7.137512415647506714e-02
7.141156494617462158e-02
7.144808024168014526e-02
7.148445397615432739e-02
7.152087241411209106e-02
7.155730575323104858e-02
7.159370183944702148e-02
7.163002341985702515e-02
7.166642695665359497e-02
7.170272618532180786e-02
7.173907756805419922e-02
7.177536934614181519e-02
7.181168347597122192e-02
7.184792309999465942e-02
7.188420742750167847e-02
7.192044705152511597e-02
7.195668667554855347e-02
7.199288159608840942e-02
7.202900946140289307e-02
7.206516712903976440e-02
7.210130244493484497e-02
7.213748246431350708e-02
7.217354327440261841e-02
7.220961898565292358e-02
7.224564999341964722e-02
7.228171080350875854e-02
7.231778651475906372e-02
7.235377281904220581e-02
7.238972187042236328e-02
7.242567837238311768e-02
7.246161252260208130e-02
7.249759137630462646e-02
7.253346592187881470e-02
7.256925851106643677e-02
7.260512560606002808e-02
7.264100015163421631e-02
7.267673313617706299e-02
7.271252572536468506e-02
7.274831086397171021e-02
7.278399914503097534e-02
7.281976193189620972e-02
7.285541296005249023e-02
7.289106398820877075e-02
7.292674481868743896e-02
7.296229898929595947e-02
7.299787551164627075e-02
7.303344458341598511e-02
7.306899875402450562e-02
7.310451567173004150e-02
7.314001023769378662e-02
7.317541539669036865e-02
7.321088016033172607e-02
7.324625551700592041e-02
7.328175753355026245e-02
7.331703603267669678e-02
7.335238158702850342e-02
7.338766753673553467e-02
7.342291623353958130e-02
7.345818728208541870e-02
7.349335402250289917e-02
7.352857291698455811e-02
7.356376200914382935e-02
7.359892129898071289e-02
7.363403588533401489e-02
7.366909086704254150e-02
7.370419055223464966e-02
7.373918592929840088e-02
7.377421855926513672e-02
7.380913943052291870e-02
7.384407520294189453e-02
7.387898862361907959e-02
7.391385734081268311e-02
7.394874840974807739e-02
7.398360222578048706e-02
7.401835918426513672e-02
7.405312359333038330e-02
7.408785820007324219e-02
7.412260025739669800e-02
7.415718585252761841e-02
7.419188320636749268e-02
7.422651350498199463e-02
7.426107674837112427e-02
7.429563999176025391e-02
7.433016598224639893e-02
7.436463981866836548e-02
7.439917325973510742e-02
7.443352043628692627e-02
7.446794956922531128e-02
7.450234144926071167e-02
7.453662902116775513e-02
7.457100600004196167e-02
7.460522651672363281e-02
7.463948428630828857e-02
7.467371225357055664e-02
7.470791041851043701e-02
7.474207133054733276e-02
7.477616518735885620e-02
7.481026649475097656e-02
7.484433799982070923e-02
7.487823814153671265e-02
7.491231709718704224e-02
7.494626194238662720e-02
7.498018443584442139e-02
7.501409202814102173e-02
7.504791021347045898e-02
7.508169859647750854e-02
7.511551678180694580e-02
7.514929771423339844e-02
7.518301904201507568e-02
7.521671801805496216e-02
7.525034248828887939e-02
7.528401166200637817e-02
7.531755417585372925e-02
7.535112649202346802e-02
7.538466900587081909e-02
7.541812956333160400e-02
7.545163482427597046e-02
7.548500597476959229e-02
7.551844418048858643e-02
7.555175572633743286e-02
7.558507472276687622e-02
7.561839371919631958e-02
7.565159350633621216e-02
7.568477839231491089e-02
7.571799308061599731e-02
7.575117051601409912e-02
7.578431069850921631e-02
7.581735402345657349e-02
7.585034519433975220e-02
7.588338106870651245e-02
7.591634988784790039e-02
7.594930380582809448e-02
7.598221302032470703e-02
7.601509988307952881e-02
7.604794204235076904e-02
7.608070224523544312e-02
7.611353695392608643e-02
7.614624500274658203e-02
7.617890089750289917e-02
7.621159404516220093e-02
7.624416798353195190e-02
7.627677172422409058e-02
7.630926370620727539e-02
7.634185254573822021e-02
7.637429982423782349e-02
7.640678435564041138e-02
7.643919438123703003e-02
7.647155970335006714e-02
7.650388032197952271e-02
7.653618603944778442e-02
7.656843215227127075e-02
7.660067081451416016e-02
7.663286477327346802e-02
7.666505128145217896e-02
7.669722288846969604e-02
7.672929018735885620e-02
7.676134258508682251e-02
7.679336518049240112e-02
7.682535797357559204e-02
7.685727626085281372e-02
7.688917964696884155e-02
7.692104578018188477e-02
7.695288956165313721e-02
7.698476314544677734e-02
7.701646536588668823e-02
7.704819738864898682e-02
7.707994431257247925e-02
7.711157947778701782e-02
7.714319229125976562e-02
7.717478275299072266e-02
7.720635831356048584e-02
7.723785191774368286e-02
7.726936787366867065e-02
7.730074226856231689e-02
7.733218371868133545e-02
7.736360281705856323e-02
7.739493995904922485e-02
7.742620259523391724e-02
7.745749503374099731e-02
7.748871296644210815e-02
7.751991599798202515e-02
7.755105197429656982e-02
7.758217304944992065e-02
7.761323451995849609e-02
7.764428853988647461e-02
7.767533510923385620e-02
7.770628482103347778e-02
7.773726433515548706e-02
7.776813954114913940e-02
7.779897004365921021e-02
7.782983779907226562e-02
7.786066085100173950e-02
7.789139449596405029e-02
7.792211323976516724e-02
7.795284688472747803e-02
7.798347622156143188e-02
7.801407575607299805e-02
7.804470509290695190e-02
7.807523757219314575e-02
7.810574024915695190e-02
7.813618332147598267e-02
7.816667109727859497e-02
7.819705456495285034e-02
7.822742313146591187e-02
7.825774699449539185e-02
7.828802615404129028e-02
7.831830531358718872e-02
7.834852486848831177e-02
7.837874442338943481e-02
7.840888947248458862e-02
7.843899726867675781e-02
7.846910506486892700e-02
7.849912345409393311e-02
7.852912694215774536e-02
7.855910807847976685e-02
7.858907431364059448e-02
7.861892879009246826e-02
7.864885777235031128e-02
7.867871969938278198e-02
7.870846241712570190e-02
7.873820513486862183e-02
7.876800000667572021e-02
7.879763841629028320e-02
7.882732152938842773e-02
7.885695248842239380e-02
7.888652384281158447e-02
7.891608029603958130e-02
7.894562184810638428e-02
7.897508889436721802e-02
7.900454849004745483e-02
7.903391867876052856e-02
7.906335592269897461e-02
7.909268140792846680e-02
7.912199199199676514e-02
7.915122061967849731e-02
7.918047159910202026e-02
7.920967787504196167e-02
7.923887670040130615e-02
7.926798611879348755e-02
7.929707318544387817e-02
7.932614535093307495e-02
7.935517281293869019e-02
7.938419282436370850e-02
7.941312342882156372e-02
7.944209128618240356e-02
7.947098463773727417e-02
7.949983328580856323e-02
7.952863723039627075e-02
7.955742627382278442e-02
7.958621531724929810e-02
7.961494475603103638e-02
7.964355498552322388e-02
7.967229187488555908e-02
7.970088720321655273e-02
7.972946017980575562e-02
7.975802570581436157e-02
7.978646457195281982e-02
7.981502264738082886e-02
7.984346151351928711e-02
7.987184822559356689e-02
7.990024983882904053e-02
7.992857694625854492e-02
7.995690405368804932e-02
7.998520880937576294e-02
8.001341670751571655e-02
8.004164695739746094e-02
8.006985485553741455e-02
8.009801059961318970e-02
8.012606948614120483e-02
8.015418797731399536e-02
8.018221706151962280e-02
8.021020889282226562e-02
8.023821562528610229e-02
8.026614040136337280e-02
8.029410988092422485e-02
8.032196015119552612e-02
8.034980297088623047e-02
8.037757128477096558e-02
8.040535449981689453e-02
8.043318241834640503e-02
8.046079427003860474e-02
8.048850297927856445e-02
8.051612228155136108e-02
8.054375648498535156e-02
8.057139813899993896e-02
8.059888333082199097e-02
8.062642812728881836e-02
8.065388351678848267e-02
8.068137615919113159e-02
8.070880919694900513e-02
8.073616772890090942e-02
8.076356351375579834e-02
8.079080283641815186e-02
8.081813156604766846e-02
8.084540814161300659e-02
8.087260276079177856e-02
8.089977502822875977e-02
8.092690259218215942e-02
8.095408231019973755e-02
8.098118752241134644e-02
8.100825548171997070e-02
8.103532344102859497e-02
8.106227219104766846e-02
8.108927309513092041e-02
8.111620694398880005e-02
8.114308863878250122e-02
8.116991817951202393e-02
8.119677752256393433e-02
8.122362941503524780e-02
8.125037699937820435e-02
8.127713948488235474e-02
8.130382746458053589e-02
8.133052289485931396e-02
8.135712891817092896e-02
8.138381689786911011e-02
8.141040056943893433e-02
8.143687993288040161e-02
8.146345615386962891e-02
8.148994296789169312e-02
8.151637762784957886e-02
8.154290169477462769e-02
8.156924694776535034e-02
8.159554749727249146e-02
8.162195235490798950e-02
8.164822310209274292e-02
8.167450875043869019e-02
8.170073479413986206e-02
8.172691613435745239e-02
8.175315707921981812e-02
8.177928626537322998e-02
8.180541545152664185e-02
8.183147758245468140e-02
8.185755461454391479e-02
8.188360929489135742e-02
8.190955966711044312e-02
8.193554729223251343e-02
8.196152001619338989e-02
8.198737353086471558e-02
8.201329410076141357e-02
8.203910291194915771e-02
8.206488937139511108e-02
8.209068328142166138e-02
8.211641758680343628e-02
8.214216679334640503e-02
8.216781169176101685e-02
8.219350129365921021e-02
8.221911638975143433e-02
8.224470168352127075e-02
8.227027207612991333e-02
8.229583501815795898e-02
8.232138305902481079e-02
8.234680444002151489e-02
8.237229287624359131e-02
8.239765465259552002e-02
8.242307603359222412e-02
8.244843780994415283e-02
8.247379958629608154e-02
8.249902725219726562e-02
8.252431452274322510e-02
8.254947513341903687e-02
8.257479965686798096e-02
8.259998261928558350e-02
8.262515813112258911e-02
8.265019208192825317e-02
8.267527073621749878e-02
8.270036429166793823e-02
8.272538334131240845e-02
8.275037258863449097e-02
8.277533203363418579e-02
8.280026167631149292e-02
8.282519131898880005e-02
8.285009115934371948e-02
8.287490159273147583e-02
8.289970457553863525e-02
8.292449265718460083e-02
8.294933289289474487e-02
8.297397941350936890e-02
8.299874514341354370e-02
8.302337676286697388e-02
8.304805308580398560e-02
8.307259529829025269e-02
8.309717476367950439e-02
8.312177658081054688e-02
8.314631879329681396e-02
8.317077904939651489e-02
8.319527655839920044e-02
8.321965485811233521e-02
8.324413746595382690e-02
8.326851576566696167e-02
8.329281955957412720e-02
8.331716060638427734e-02
8.334146440029144287e-02
8.336572349071502686e-02
8.338994532823562622e-02
8.341414481401443481e-02
8.343832194805145264e-02
8.346247673034667969e-02
8.348657935857772827e-02
8.351065218448638916e-02
8.353472501039505005e-02
8.355870097875595093e-02
8.358273655176162720e-02
8.360674232244491577e-02
8.363062888383865356e-02
8.365456759929656982e-02
8.367841690778732300e-02
8.370228111743927002e-02
8.372614532709121704e-02
8.374989777803421021e-02
8.377368003129959106e-02
8.379743993282318115e-02
8.382110297679901123e-02
8.384483307600021362e-02
8.386840671300888062e-02
8.389206230640411377e-02
8.391568809747695923e-02
8.393923938274383545e-02
8.396273851394653320e-02
8.398625999689102173e-02
8.400975912809371948e-02
8.403320610523223877e-02
8.405661582946777344e-02
8.408004045486450195e-02
8.410333842039108276e-02
8.412664383649826050e-02
8.414997905492782593e-02
8.417326956987380981e-02
8.419646322727203369e-02
8.421976119279861450e-02
8.424292504787445068e-02
8.426604419946670532e-02
8.428919315338134766e-02
8.431226760149002075e-02
8.433540165424346924e-02
8.435844630002975464e-02
8.438143879175186157e-02
8.440439403057098389e-02
8.442736417055130005e-02
8.445029705762863159e-02
8.447318524122238159e-02
8.449603617191314697e-02
8.451886475086212158e-02
8.454168587923049927e-02
8.456450700759887695e-02
8.458721637725830078e-02
8.460993319749832153e-02
8.463267982006072998e-02
8.465529233217239380e-02
8.467799425125122070e-02
8.470056951045989990e-02
8.472310751676559448e-02
8.474569022655487061e-02
8.476822823286056519e-02
8.479072153568267822e-02
8.481319248676300049e-02
8.483562618494033813e-02
8.485801517963409424e-02
8.488036692142486572e-02
8.490275591611862183e-02
8.492504805326461792e-02
8.494734019041061401e-02
8.496964722871780396e-02
8.499181270599365234e-02
8.501403033733367920e-02
8.503622561693191528e-02
8.505835384130477905e-02
8.508045971393585205e-02
8.510255068540573120e-02
8.512463420629501343e-02
8.514665812253952026e-02
8.516871184110641479e-02
8.519063144922256470e-02
8.521254360675811768e-02
8.523450046777725220e-02
8.525639027357101440e-02
8.527822792530059814e-02
8.530003577470779419e-02
8.532185107469558716e-02
8.534365147352218628e-02
8.536539226770401001e-02
8.538706600666046143e-02
8.540878444910049438e-02
8.543038368225097656e-02
8.545202761888504028e-02
8.547363430261611938e-02
8.549513667821884155e-02
8.551671355962753296e-02
8.553820848464965820e-02
8.555968105792999268e-02
8.558113127946853638e-02
8.560256659984588623e-02
8.562395721673965454e-02
8.564531058073043823e-02
8.566664904356002808e-02
8.568795025348663330e-02
8.570923656225204468e-02
8.573045581579208374e-02
8.575167506933212280e-02
8.577287942171096802e-02
8.579401671886444092e-02
8.581513911485671997e-02
8.583626896142959595e-02
8.585728704929351807e-02
8.587830513715744019e-02
8.589930832386016846e-02
8.592034876346588135e-02
8.594125509262084961e-02
8.596217632293701172e-02
8.598304539918899536e-02
8.600396662950515747e-02
8.602475374937057495e-02
8.604557067155838013e-02
8.606634289026260376e-02
8.608709275722503662e-02
8.610783517360687256e-02
8.612847328186035156e-02
8.614910393953323364e-02
8.616977185010910034e-02
8.619035780429840088e-02
8.621086180210113525e-02
8.623144775629043579e-02
8.625192940235137939e-02
8.627236634492874146e-02
8.629291504621505737e-02
8.631330728530883789e-02
8.633358031511306763e-02
8.635403960943222046e-02
8.637432754039764404e-02
8.639460802078247070e-02
8.641486614942550659e-02
8.643514662981033325e-02
8.645533770322799683e-02
8.647549897432327271e-02
8.649569004774093628e-02
8.651580661535263062e-02
8.653586357831954956e-02
8.655589818954467773e-02
8.657597005367279053e-02
8.659593760967254639e-02
8.661591261625289917e-02
8.663588017225265503e-02
8.665574342012405396e-02
8.667559176683425903e-02
8.669549226760864258e-02
8.671526610851287842e-02
8.673511445522308350e-02
8.675485104322433472e-02
8.677459508180618286e-02
8.679426461458206177e-02
8.681394904851913452e-02
8.683359622955322266e-02
8.685315400362014771e-02
8.687270432710647583e-02
8.689223974943161011e-02
8.691179007291793823e-02
8.693129569292068481e-02
8.695071190595626831e-02
8.697019517421722412e-02
8.698961883783340454e-02
8.700893819332122803e-02
8.702826499938964844e-02
8.704750984907150269e-02
8.706682920455932617e-02
8.708607405424118042e-02
8.710528910160064697e-02
8.712448179721832275e-02
8.714363723993301392e-02
8.716268092393875122e-02
8.718181401491165161e-02
8.720088750123977661e-02
8.721988648176193237e-02
8.723890036344528198e-02
8.725786954164505005e-02
8.727681636810302734e-02
8.729567378759384155e-02
8.731459081172943115e-02
8.733344078063964844e-02
8.735220134258270264e-02
8.737099915742874146e-02
8.738972991704940796e-02
8.740849047899246216e-02
8.742720633745193481e-02
8.744579553604125977e-02
8.746445178985595703e-02
8.748306334018707275e-02
8.750163018703460693e-02
8.752011507749557495e-02
8.753870427608489990e-02
8.755714446306228638e-02
8.757559955120086670e-02
8.759398758411407471e-02
8.761238306760787964e-02
8.763070404529571533e-02
8.764903247356414795e-02
8.766736090183258057e-02
8.768559247255325317e-02
8.770381659269332886e-02
8.772200345993041992e-02
8.774023503065109253e-02
8.775831013917922974e-02
8.777641505002975464e-02
8.779454231262207031e-02
8.781256526708602905e-02
8.783059567213058472e-02
8.784849941730499268e-02
8.786647021770477295e-02
8.788442611694335938e-02
8.790228515863418579e-02
8.792013674974441528e-02
8.793790638446807861e-02
8.795573562383651733e-02
8.797348290681838989e-02
8.799125999212265015e-02
8.800889551639556885e-02
8.802658319473266602e-02
8.804429322481155396e-02
8.806182444095611572e-02
8.807940036058425903e-02
8.809696882963180542e-02
8.811445534229278564e-02
8.813197165727615356e-02
8.814941346645355225e-02
8.816678076982498169e-02
8.818418532609939575e-02
8.820156753063201904e-02
8.821881562471389771e-02
8.823616057634353638e-02
8.825343102216720581e-02
8.827061206102371216e-02
8.828784525394439697e-02
8.830501884222030640e-02
8.832217007875442505e-02
8.833926171064376831e-02
8.835632354021072388e-02
8.837336301803588867e-02
8.839046210050582886e-02
8.840738981962203979e-02
8.842433989048004150e-02
8.844126015901565552e-02
8.845811337232589722e-02
8.847500383853912354e-02
8.849184215068817139e-02
8.850861340761184692e-02
8.852540701627731323e-02
8.854211121797561646e-02
8.855878561735153198e-02
8.857548981904983521e-02
8.859214931726455688e-02
8.860868960618972778e-02
8.862529695034027100e-02
8.864187449216842651e-02
8.865831792354583740e-02
8.867483586072921753e-02
8.869124203920364380e-02
8.870769292116165161e-02
8.872403204441070557e-02
8.874041587114334106e-02
8.875674754381179810e-02
8.877305686473846436e-02
8.878927677869796753e-02
8.880548924207687378e-02
8.882167190313339233e-02
8.883792906999588013e-02
8.885405212640762329e-02
8.887011557817459106e-02
8.888619393110275269e-02
8.890227973461151123e-02
8.891820162534713745e-02
8.893418312072753906e-02
8.895011246204376221e-02
8.896603435277938843e-02
8.898191899061203003e-02
8.899782598018646240e-02
8.901363611221313477e-02
8.902942389249801636e-02
8.904517441987991333e-02
8.906091004610061646e-02
8.907658606767654419e-02
8.909225463867187500e-02
8.910786360502243042e-02
8.912343531847000122e-02
8.913904428482055664e-02
8.915454894304275513e-02
8.917004615068435669e-02
8.918558061122894287e-02
8.920092880725860596e-02
8.921640366315841675e-02
8.923179656267166138e-02
8.924710005521774292e-02
8.926243335008621216e-02
8.927776664495468140e-02
8.929299563169479370e-02
8.930816501379013062e-02
8.932340890169143677e-02
8.933854848146438599e-02
8.935368806123733521e-02
8.936876803636550903e-02
8.938391506671905518e-02
8.939891308546066284e-02
8.941394090652465820e-02
8.942896127700805664e-02
8.944386243820190430e-02
8.945871144533157349e-02
8.947367221117019653e-02
8.948848396539688110e-02
8.950334787368774414e-02
8.951812237501144409e-02
8.953286707401275635e-02
8.954757452011108398e-02
8.956227451562881470e-02
8.957695215940475464e-02
8.959156274795532227e-02
8.960611373186111450e-02
8.962077647447586060e-02
8.963530510663986206e-02
8.964981883764266968e-02
8.966429531574249268e-02
8.967871218919754028e-02
8.969312906265258789e-02
8.970753848552703857e-02
8.972189575433731079e-02
8.973623067140579224e-02
8.975051343441009521e-02
8.976477384567260742e-02
8.977896720170974731e-02
8.979325741529464722e-02
8.980739861726760864e-02
8.982151746749877930e-02
8.983565121889114380e-02
8.984975516796112061e-02
8.986375480890274048e-02
8.987778425216674805e-02
8.989179134368896484e-02
8.990578353404998779e-02
8.991967886686325073e-02
8.993357419967651367e-02
8.994739502668380737e-02
8.996128290891647339e-02
8.997509628534317017e-02
8.998883515596389771e-02
9.000264853239059448e-02
9.001631289720535278e-02
9.003009647130966187e-02
9.004368633031845093e-02
9.005720913410186768e-02
9.007091075181961060e-02
9.008448570966720581e-02
9.009800851345062256e-02
9.011148661375045776e-02
9.012498706579208374e-02
9.013842791318893433e-02
9.015179425477981567e-02
9.016519784927368164e-02
9.017855674028396606e-02
9.019191563129425049e-02
9.020518511533737183e-02
9.021843969821929932e-02
9.023170918226242065e-02
9.024489670991897583e-02
9.025812149047851562e-02
9.027116745710372925e-02
9.028434008359909058e-02
9.029743820428848267e-02
9.031050652265548706e-02
9.032350033521652222e-02
9.033645689487457275e-02
9.034949541091918945e-02
9.036242216825485229e-02
9.037531167268753052e-02
9.038822352886199951e-02
9.040104597806930542e-02
9.041387587785720825e-02
9.042667597532272339e-02
9.043943881988525391e-02
9.045218676328659058e-02
9.046483784914016724e-02
9.047751873731613159e-02
9.049021452665328979e-02
9.050281345844268799e-02
9.051536768674850464e-02
9.052795171737670898e-02
9.054047614336013794e-02
9.055294841527938843e-02
9.056545794010162354e-02
9.057784825563430786e-02
9.059030562639236450e-02
9.060269594192504883e-02
9.061508625745773315e-02
9.062738716602325439e-02
9.063977748155593872e-02
9.065198153257369995e-02
9.066420793533325195e-02
9.067644923925399780e-02
9.068859368562698364e-02
9.070085734128952026e-02
9.071289747953414917e-02
9.072494506835937500e-02
9.073710441589355469e-02
9.074907749891281128e-02
9.076111763715744019e-02
9.077309817075729370e-02
9.078508615493774414e-02
9.079701453447341919e-02
9.080892056226730347e-02
9.082081168889999390e-02
9.083265811204910278e-02
9.084444493055343628e-02
9.085626155138015747e-02
9.086805582046508789e-02
9.087978303432464600e-02
9.089147299528121948e-02
9.090314805507659912e-02
9.091477841138839722e-02
9.092640131711959839e-02
9.093802422285079956e-02
9.094955772161483765e-02
9.096109867095947266e-02
9.097268432378768921e-02
9.098409861326217651e-02
9.099559485912322998e-02
9.100701659917831421e-02
9.101844578981399536e-02
9.102983027696609497e-02
9.104115515947341919e-02
9.105253964662551880e-02
9.106374531984329224e-02
9.107507020235061646e-02
9.108626842498779297e-02
9.109749644994735718e-02
9.110870212316513062e-02
9.111989289522171021e-02
9.113103896379470825e-02
9.114212542772293091e-02
9.115319699048995972e-02
9.116428345441818237e-02
9.117531031370162964e-02
9.118629992008209229e-02
9.119732677936553955e-02
9.120822697877883911e-02
9.121916443109512329e-02
9.123013168573379517e-02
9.124093502759933472e-02
9.125178307294845581e-02
9.126269072294235229e-02
9.127347171306610107e-02
9.128422290086746216e-02
9.129498898983001709e-02
9.130563586950302124e-02
9.131629765033721924e-02
9.132704883813858032e-02
9.133767336606979370e-02
9.134828299283981323e-02
9.135885536670684814e-02
9.136941283941268921e-02
9.137997776269912720e-02
9.139046818017959595e-02
9.140100330114364624e-02
9.141141921281814575e-02
9.142188727855682373e-02
9.143228083848953247e-02
9.144263714551925659e-02
9.145300835371017456e-02
9.146342426538467407e-02
9.147365391254425049e-02
9.148395806550979614e-02
9.149421006441116333e-02
9.150445461273193359e-02
9.151469916105270386e-02
9.152489155530929565e-02
9.153506904840469360e-02
9.154517948627471924e-02
9.155534207820892334e-02
9.156534820795059204e-02
9.157548099756240845e-02
9.158549457788467407e-02
9.159551560878753662e-02
9.160552173852920532e-02
9.161550551652908325e-02
9.162540733814239502e-02
9.163535386323928833e-02
9.164524823427200317e-02
9.165514260530471802e-02
9.166496992111206055e-02
9.167480468750000000e-02
9.168464690446853638e-02
9.169435501098632812e-02
9.170413762331008911e-02
9.171385318040847778e-02
9.172361344099044800e-02
9.173329174518585205e-02
9.174291789531707764e-02
9.175259619951248169e-02
9.176217019557952881e-02
9.177173674106597900e-02
9.178137779235839844e-02
9.179092198610305786e-02
9.180043637752532959e-02
9.180993586778640747e-02
9.181942045688629150e-02
9.182891994714736938e-02
9.183828532695770264e-02
9.184772521257400513e-02
9.185715019702911377e-02
9.186650067567825317e-02
9.187579900026321411e-02
9.188511222600936890e-02
9.189445525407791138e-02
9.190379083156585693e-02
9.191297739744186401e-02
9.192223101854324341e-02
9.193141758441925049e-02
9.194065630435943604e-02
9.194976091384887695e-02
9.195898473262786865e-02
9.196810424327850342e-02
9.197718650102615356e-02
9.198629111051559448e-02
9.199535101652145386e-02
9.200440347194671631e-02
9.201334416866302490e-02
9.202237427234649658e-02
9.203135222196578979e-02
9.204029291868209839e-02
9.204918146133422852e-02
9.205811470746994019e-02
9.206699579954147339e-02
9.207589179277420044e-02
9.208475798368453979e-02
9.209353476762771606e-02
9.210240095853805542e-02
9.211115539073944092e-02
9.211992472410202026e-02
9.212868660688400269e-02
9.213738143444061279e-02
9.214604645967483521e-02
9.215474873781204224e-02
9.216342121362686157e-02
9.217215329408645630e-02
9.218072146177291870e-02
9.218931943178176880e-02
9.219794720411300659e-02
9.220646321773529053e-02
9.221494942903518677e-02
9.222350269556045532e-02
9.223198890686035156e-02
9.224043786525726318e-02
9.224892407655715942e-02
9.225743263959884644e-02
9.226579964160919189e-02
9.227425605058670044e-02
9.228260815143585205e-02
9.229099005460739136e-02
9.229933470487594604e-02
9.230767190456390381e-02
9.231597930192947388e-02
9.232424944639205933e-02
9.233254194259643555e-02
9.234078228473663330e-02
9.234904497861862183e-02
9.235727041959762573e-02
9.236549586057662964e-02
9.237359464168548584e-02
9.238181263208389282e-02
9.238994121551513672e-02
9.239803999662399292e-02
9.240614622831344604e-02
9.241425246000289917e-02
9.242229908704757690e-02
9.243033826351165771e-02
9.243834763765335083e-02
9.244643896818161011e-02
9.245438873767852783e-02
9.246237576007843018e-02
9.247034788131713867e-02
9.247826784849166870e-02
9.248621016740798950e-02
9.249413013458251953e-02
9.250199049711227417e-02
9.250987321138381958e-02
9.251771867275238037e-02
9.252558648586273193e-02
9.253335744142532349e-02
9.254119545221328735e-02
9.254895150661468506e-02
9.255672991275787354e-02
9.256446361541748047e-02
9.257221221923828125e-02
9.257996082305908203e-02
9.258764982223510742e-02
9.259534627199172974e-02
9.260297566652297974e-02
9.261065721511840820e-02
9.261828660964965820e-02
9.262590110301971436e-02
9.263353794813156128e-02
9.264110773801803589e-02
9.264874458312988281e-02
9.265620261430740356e-02
9.266376495361328125e-02
9.267128258943557739e-02
9.267879277467727661e-02
9.268629550933837891e-02
9.269376099109649658e-02
9.270121157169342041e-02
9.270869940519332886e-02
9.271608293056488037e-02
9.272356331348419189e-02
9.273092448711395264e-02
9.273832291364669800e-02
9.274560213088989258e-02
9.275303035974502563e-02
9.276030957698822021e-02
9.276769310235977173e-02
9.277500212192535400e-02
9.278231859207153320e-02
9.278952330350875854e-02
9.279679507017135620e-02
9.280399978160858154e-02
9.281127899885177612e-02
9.281849116086959839e-02
9.282571822404861450e-02
9.283293038606643677e-02
9.284000843763351440e-02
9.284720569849014282e-02
9.285438805818557739e-02
9.286151081323623657e-02
9.286866337060928345e-02
9.287571907043457031e-02
9.288281947374343872e-02
9.288989007472991943e-02
9.289693087339401245e-02
9.290397912263870239e-02
9.291105717420578003e-02
9.291805326938629150e-02
9.292505681514739990e-02
9.293200820684432983e-02
9.293902665376663208e-02
9.294594824314117432e-02
9.295289963483810425e-02
9.295985847711563110e-02
9.296686202287673950e-02
9.297371655702590942e-02
9.298062324523925781e-02
9.298744052648544312e-02
9.299433976411819458e-02
9.300122410058975220e-02
9.300804883241653442e-02
9.301489591598510742e-02
9.302174299955368042e-02
9.302856028079986572e-02
9.303528815507888794e-02
9.304213523864746094e-02
9.304888546466827393e-02
9.305559843778610229e-02
9.306240081787109375e-02
9.306913614273071289e-02
9.307582676410675049e-02
9.308255463838577271e-02
9.308927506208419800e-02
9.309595078229904175e-02
9.310258179903030396e-02
9.310925751924514771e-02
9.311588108539581299e-02
9.312254935503005981e-02
9.312916547060012817e-02
9.313575923442840576e-02
9.314239770174026489e-02
9.314895421266555786e-02
9.315551817417144775e-02
9.316217154264450073e-02
9.316869080066680908e-02
9.317528456449508667e-02
9.318178892135620117e-02
9.318827837705612183e-02
9.319485723972320557e-02
9.320133924484252930e-02
9.320782870054244995e-02
9.321431815624237061e-02
9.322077035903930664e-02
9.322722256183624268e-02
9.323364496231079102e-02
9.324011951684951782e-02
9.324650466442108154e-02
9.325300157070159912e-02
9.325934201478958130e-02
9.326572716236114502e-02
9.327214211225509644e-02
9.327853471040725708e-02
9.328486025333404541e-02
9.329123049974441528e-02
9.329754859209060669e-02
9.330391138792037964e-02
9.331022202968597412e-02
9.331655502319335938e-02
9.332286566495895386e-02
9.332913905382156372e-02
9.333545714616775513e-02
9.334176033735275269e-02
9.334797412157058716e-02
9.335422515869140625e-02
9.336049854755401611e-02
9.336673468351364136e-02
9.337294846773147583e-02
9.337913244962692261e-02
9.338534623384475708e-02
9.339155256748199463e-02
9.339780360460281372e-02
9.340398758649826050e-02
9.341018646955490112e-02
9.341628849506378174e-02
9.342246502637863159e-02
9.342861175537109375e-02
9.343475103378295898e-02
9.344087541103363037e-02
9.344702214002609253e-02
9.345311671495437622e-02
9.345920383930206299e-02
9.346532076597213745e-02
9.347135573625564575e-02
9.347750246524810791e-02
9.348352253437042236e-02
9.348962455987930298e-02
9.349567443132400513e-02
9.350169450044631958e-02
9.350775182247161865e-02
9.351378679275512695e-02
9.351976215839385986e-02
9.352577477693557739e-02
9.353182464838027954e-02
9.353781491518020630e-02
9.354381263256072998e-02
9.354978799819946289e-02
9.355574101209640503e-02
9.356177598237991333e-02
9.356770664453506470e-02
9.357362240552902222e-02
9.357953816652297974e-02
9.358554333448410034e-02
9.359143674373626709e-02
9.359733760356903076e-02
9.360326826572418213e-02
9.360916167497634888e-02
9.361512213945388794e-02
9.362101554870605469e-02
9.362695366144180298e-02
9.363275021314620972e-02
9.363865107297897339e-02
9.364455193281173706e-02
9.365034848451614380e-02
9.365623444318771362e-02
9.366209059953689575e-02
9.366792440414428711e-02
9.367372840642929077e-02
9.367959201335906982e-02
9.368540346622467041e-02
9.369122236967086792e-02
9.369706362485885620e-02
9.370280057191848755e-02
9.370864927768707275e-02
9.371436387300491333e-02
9.372018277645111084e-02
9.372598677873611450e-02
9.373170882463455200e-02
9.373753517866134644e-02
9.374325722455978394e-02
9.374905377626419067e-02
9.375478327274322510e-02
9.376053512096405029e-02
9.376626461744308472e-02
9.377200901508331299e-02
9.377775341272354126e-02
9.378344565629959106e-02
9.378916770219802856e-02
9.379488974809646606e-02
9.380058944225311279e-02
9.380631893873214722e-02
9.381192922592163086e-02
9.381769597530364990e-02
9.382336586713790894e-02
9.382897615432739258e-02
9.383471310138702393e-02
9.384036064147949219e-02
9.384606033563613892e-02
9.385167807340621948e-02
9.385735541582107544e-02
9.386300295591354370e-02
9.386856853961944580e-02
9.387429058551788330e-02
9.387992322444915771e-02
9.388551861047744751e-02
9.389118850231170654e-02
9.389676153659820557e-02
9.390239417552947998e-02
9.390800446271896362e-02
9.391365945339202881e-02
9.391917288303375244e-02
9.392482787370681763e-02
9.393046051263809204e-02
9.393596649169921875e-02
9.394155442714691162e-02
9.394716471433639526e-02
9.395275264978408813e-02
9.395831078290939331e-02
9.396392852067947388e-02
9.396947175264358521e-02
9.397501498460769653e-02
9.398057311773300171e-02
9.398617595434188843e-02
9.399173408746719360e-02
9.399723261594772339e-02
9.400273114442825317e-02
9.400831907987594604e-02
9.401378780603408813e-02
9.401939064264297485e-02
9.402494877576828003e-02
9.403038769960403442e-02
9.403596073389053345e-02
9.404147416353225708e-02
9.404695779085159302e-02
9.405249357223510742e-02
9.405797719955444336e-02
9.406346827745437622e-02
9.406899660825729370e-02
9.407448768615722656e-02
9.408002346754074097e-02
9.408546239137649536e-02
9.409099072217941284e-02
9.409648925065994263e-02
9.410195052623748779e-02
9.410744905471801758e-02
9.411292523145675659e-02
9.411840140819549561e-02
9.412378817796707153e-02
9.412933140993118286e-02
9.413476288318634033e-02
9.414019435644149780e-02
9.414573013782501221e-02
9.415115416049957275e-02
9.415662288665771484e-02
9.416205435991287231e-02
9.416753798723220825e-02
9.417296200990676880e-02
9.417844563722610474e-02
9.418386220932006836e-02
9.418933838605880737e-02
9.419477730989456177e-02
9.420020133256912231e-02
9.420562535524368286e-02
9.421104192733764648e-02
9.421647340059280396e-02
9.422200173139572144e-02
9.422733634710311890e-02
9.423280507326126099e-02
9.423818439245223999e-02
9.424363821744918823e-02
9.424901753664016724e-02
9.425448626279830933e-02
9.425988048315048218e-02
9.426523000001907349e-02
9.427071362733840942e-02
9.427612274885177612e-02
9.428153187036514282e-02
9.428692609071731567e-02
9.429235011339187622e-02
9.429775923490524292e-02
9.430313855409622192e-02
9.430854767560958862e-02
9.431397914886474609e-02
9.431939572095870972e-02
9.432478249073028564e-02
9.433019161224365234e-02
9.433553367853164673e-02
9.434092789888381958e-02
9.434634447097778320e-02
9.435176849365234375e-02
9.435718506574630737e-02
9.436254948377609253e-02
9.436792880296707153e-02
9.437329322099685669e-02
9.437870234251022339e-02
9.438408911228179932e-02
9.438945353031158447e-02
9.439481049776077271e-02
9.440026432275772095e-02
9.440562874078750610e-02
9.441096335649490356e-02
9.441636502742767334e-02
9.442175179719924927e-02
9.442717581987380981e-02
9.443248808383941650e-02
9.443790465593338013e-02
9.444331377744674683e-02
9.444863349199295044e-02
9.445409476757049561e-02
9.445947408676147461e-02
9.446477144956588745e-02
9.447015076875686646e-02
9.447556734085083008e-02
9.448091685771942139e-02
9.448630362749099731e-02
9.449166059494018555e-02
9.449702501296997070e-02
9.450243413448333740e-02
9.450775384902954102e-02
9.451311826705932617e-02
9.451852738857269287e-02
9.452395886182785034e-02
9.452929347753524780e-02
9.453462809324264526e-02
9.454006701707839966e-02
9.454541653394699097e-02
9.455072134733200073e-02
9.455616027116775513e-02
9.456155449151992798e-02
9.456688165664672852e-02
9.457229077816009521e-02
9.457762539386749268e-02
9.458301216363906860e-02
9.458839148283004761e-02
9.459377080202102661e-02
9.459917247295379639e-02
9.460450708866119385e-02
9.460991621017456055e-02
9.461531788110733032e-02
9.462065994739532471e-02
9.462604671716690063e-02
9.463141858577728271e-02
9.463678300380706787e-02
9.464215487241744995e-02
9.464751929044723511e-02
9.465291351079940796e-02
9.465830028057098389e-02
9.466368705034255981e-02
9.466903656721115112e-02
9.467446058988571167e-02
9.467983245849609375e-02
9.468521922826766968e-02
9.469061344861984253e-02
9.469597786664962769e-02
9.470136463642120361e-02
9.470672160387039185e-02
9.471211582422256470e-02
9.471751004457473755e-02
9.472293406724929810e-02
9.472830593585968018e-02
9.473366290330886841e-02
9.473910182714462280e-02
9.474457055330276489e-02
9.474987536668777466e-02
9.475528448820114136e-02
9.476066380739212036e-02
9.476608037948608398e-02
9.477143734693527222e-02
9.477696567773818970e-02
9.478230029344558716e-02
9.478770941495895386e-02
9.479309618473052979e-02
9.479846060276031494e-02
9.480388462543487549e-02
9.480928629636764526e-02
9.481471031904220581e-02
9.482011944055557251e-02
9.482555836439132690e-02
9.483093768358230591e-02
9.483636170625686646e-02
9.484177082777023315e-02
9.484720975160598755e-02
9.485261887311935425e-02
9.485802799463272095e-02
9.486348181962966919e-02
9.486889094114303589e-02
9.487425535917282104e-02
9.487973898649215698e-02
9.488517791032791138e-02
9.489057958126068115e-02
9.489597380161285400e-02
9.490139782428741455e-02
9.490687400102615356e-02
9.491229802370071411e-02
9.491778165102005005e-02
9.492324292659759521e-02
9.492862224578857422e-02
9.493411332368850708e-02
9.493947774171829224e-02
9.494493901729583740e-02
9.495039284229278564e-02
9.495582431554794312e-02
9.496133029460906982e-02
9.496683627367019653e-02
9.497226029634475708e-02
9.497769176959991455e-02
9.498311579227447510e-02
9.498862922191619873e-02
9.499408304691314697e-02
9.499953687191009521e-02
9.500498324632644653e-02
9.501051157712936401e-02
9.501592814922332764e-02
9.502138942480087280e-02
9.502689540386199951e-02
9.503234177827835083e-02
9.503787010908126831e-02
9.504327923059463501e-02
9.504880011081695557e-02
9.505431354045867920e-02
9.505975991487503052e-02
9.506531059741973877e-02
9.507076442241668701e-02
9.507625550031661987e-02
9.508176147937774658e-02
9.508727490901947021e-02
9.509278088808059692e-02
9.509830921888351440e-02
9.510380029678344727e-02
9.510929882526397705e-02
9.511481970548629761e-02
9.512035548686981201e-02
9.512589871883392334e-02
9.513134509325027466e-02
9.513693302869796753e-02
9.514235705137252808e-02
9.514790028333663940e-02
9.515351057052612305e-02
9.515897929668426514e-02
9.516449272632598877e-02
9.517009556293487549e-02
9.517560154199600220e-02
9.518111497163772583e-02
9.518664330244064331e-02
9.519223868846893311e-02
9.519779682159423828e-02
9.520330280065536499e-02
9.520887583494186401e-02
9.521443396806716919e-02
9.521997720003128052e-02
9.522561728954315186e-02
9.523112326860427856e-02
9.523665904998779297e-02
9.524220228195190430e-02
9.524784237146377563e-02
9.525340795516967773e-02
9.525896608829498291e-02
9.526456147432327271e-02
9.527015686035156250e-02
9.527574479579925537e-02
9.528134018182754517e-02
9.528689086437225342e-02
9.529250115156173706e-02
9.529809653759002686e-02
9.530370682477951050e-02
9.530930966138839722e-02
9.531486779451370239e-02
9.532051533460617065e-02
9.532617032527923584e-02
9.533173590898513794e-02
9.533739835023880005e-02
9.534298628568649292e-02
9.534853696823120117e-02
9.535414725542068481e-02
9.535984694957733154e-02
9.536544978618621826e-02
9.537111967802047729e-02
9.537672996520996094e-02
9.538240730762481689e-02
9.538799524307250977e-02
9.539365023374557495e-02
9.539932757616043091e-02
9.540491551160812378e-02
9.541063010692596436e-02
9.541629999876022339e-02
9.542195498943328857e-02
9.542763978242874146e-02
9.543328732252120972e-02
9.543900936841964722e-02
9.544463455677032471e-02
9.545033425092697144e-02
9.545605629682540894e-02
9.546174108982086182e-02
9.546739608049392700e-02
9.547305852174758911e-02
9.547872841358184814e-02
9.548444300889968872e-02
9.549015015363693237e-02
9.549584239721298218e-02
9.550154954195022583e-02
9.550725668668746948e-02
9.551297873258590698e-02
9.551870822906494141e-02
9.552437067031860352e-02
9.553010761737823486e-02
9.553586691617965698e-02
9.554153680801391602e-02
9.554731100797653198e-02
9.555301815271377563e-02
9.555875509977340698e-02
9.556449204683303833e-02
9.557025879621505737e-02
9.557595103979110718e-02
9.558174759149551392e-02
9.558749943971633911e-02
9.559326618909835815e-02
9.559904038906097412e-02
9.560472518205642700e-02
9.561052173376083374e-02
9.561634808778762817e-02
9.562210738658905029e-02
9.562788158655166626e-02
9.563363343477249146e-02
9.563945978879928589e-02
9.564524143934249878e-02
9.565097093582153320e-02
9.565681964159011841e-02
9.566258639097213745e-02
9.566839039325714111e-02
9.567421674728393555e-02
9.568005800247192383e-02
9.568577259778976440e-02
9.569161385297775269e-02
9.569740295410156250e-02
9.570325911045074463e-02
9.570908546447753906e-02
9.571487456560134888e-02
9.572077542543411255e-02
9.572653472423553467e-02
9.573242813348770142e-02
9.573823958635330200e-02
9.574408084154129028e-02
9.574996680021286011e-02
9.575576335191726685e-02
9.576164186000823975e-02
9.576745331287384033e-02
9.577333927154541016e-02
9.577924013137817383e-02
9.578511863946914673e-02
9.579098969697952271e-02
9.579687565565109253e-02
9.580270946025848389e-02
9.580861777067184448e-02
9.581447392702102661e-02
9.582031518220901489e-02
9.582622349262237549e-02
9.583211690187454224e-02
9.583801031112670898e-02
9.584391117095947266e-02
9.584986418485641479e-02
9.585576504468917847e-02
9.586168080568313599e-02
9.586761891841888428e-02
9.587349742650985718e-02
9.587942808866500854e-02
9.588538855314254761e-02
9.589124470949172974e-02
9.589719027280807495e-02
9.590315073728561401e-02
9.590910375118255615e-02
9.591502696275711060e-02
9.592099487781524658e-02
9.592692553997039795e-02
9.593286365270614624e-02
9.593885391950607300e-02
9.594487398862838745e-02
9.595079720020294189e-02
9.595674276351928711e-02
9.596269577741622925e-02
9.596865624189376831e-02
9.597463160753250122e-02
9.598063677549362183e-02
9.598662704229354858e-02
9.599260985851287842e-02
9.599862992763519287e-02
9.600455313920974731e-02
9.601061046123504639e-02
9.601663798093795776e-02
9.602253884077072144e-02
9.602858871221542358e-02
9.603458642959594727e-02
9.604065865278244019e-02
9.604669362306594849e-02
9.605270624160766602e-02
9.605873376131057739e-02
9.606476128101348877e-02
9.607082605361938477e-02
9.607686102390289307e-02
9.608281403779983521e-02
9.608888626098632812e-02
9.609491378068923950e-02
9.610103815793991089e-02
9.610705822706222534e-02
9.611310809850692749e-02
9.611917287111282349e-02
9.612525254487991333e-02
9.613133221864700317e-02
9.613738209009170532e-02
9.614348411560058594e-02
9.614950418472290039e-02
9.615565091371536255e-02
9.616171568632125854e-02
9.616780281066894531e-02
9.617390483617782593e-02
9.617996960878372192e-02
9.618605673313140869e-02
9.619218111038208008e-02
9.619832038879394531e-02
9.620439261198043823e-02
9.621053189039230347e-02
9.621663391590118408e-02
9.622275084257125854e-02
9.622889757156372070e-02
9.623498469591140747e-02
9.624113887548446655e-02
9.624726325273513794e-02
9.625337272882461548e-02
9.625958651304244995e-02
9.626569598913192749e-02
9.627180546522140503e-02
9.627800434827804565e-02
9.628414362668991089e-02
9.629029780626296997e-02
9.629641473293304443e-02
9.630258381366729736e-02
9.630876779556274414e-02
9.631492942571640015e-02
9.632110595703125000e-02
9.632729738950729370e-02
9.633351862430572510e-02
9.633971005678176880e-02
9.634589403867721558e-02
9.635207802057266235e-02
9.635828435420989990e-02
9.636447578668594360e-02
9.637067466974258423e-02
9.637690335512161255e-02
9.638308733701705933e-02
9.638924896717071533e-02
9.639548510313034058e-02
9.640174359083175659e-02
9.640793502330780029e-02
9.641418606042861938e-02
9.642040729522705078e-02
9.642662107944488525e-02
9.643286466598510742e-02
9.643910825252532959e-02
9.644537419080734253e-02
9.645161777734756470e-02
9.645779430866241455e-02
9.646410495042800903e-02
9.647034108638763428e-02
9.647662937641143799e-02
9.648288041353225708e-02
9.648919850587844849e-02
9.649538248777389526e-02
9.650171548128128052e-02
9.650800377130508423e-02
9.651423245668411255e-02
9.652052074670791626e-02
9.652683883905410767e-02
9.653311222791671753e-02
9.653939306735992432e-02
9.654574096202850342e-02
9.655196219682693481e-02
9.655828773975372314e-02
9.656459838151931763e-02
9.657087177038192749e-02
9.657718241214752197e-02
9.658350795507431030e-02
9.658979624509811401e-02
9.659612923860549927e-02
9.660249203443527222e-02
9.660881012678146362e-02
9.661514312028884888e-02
9.662146121263504028e-02
9.662783890962600708e-02
9.663414210081100464e-02
9.664052724838256836e-02
9.664685279130935669e-02
9.665322303771972656e-02
9.665951877832412720e-02
9.666587412357330322e-02
9.667222946882247925e-02
9.667866677045822144e-02
9.668499231338500977e-02
9.669136255979537964e-02
9.669771045446395874e-02
9.670406579971313477e-02
9.671049565076828003e-02
9.671686589717864990e-02
9.672322124242782593e-02
9.672964364290237427e-02
9.673599898815155029e-02
9.674239158630371094e-02
9.674883633852005005e-02
9.675519168376922607e-02
9.676153212785720825e-02
9.676797688007354736e-02
9.677445143461227417e-02
9.678077697753906250e-02
9.678726643323898315e-02
9.679367393255233765e-02
9.680003672838211060e-02
9.680647403001785278e-02
9.681294858455657959e-02
9.681932628154754639e-02
9.682573378086090088e-02
9.683220833539962769e-02
9.683861583471298218e-02
9.684510529041290283e-02
9.685153514146804810e-02
9.685795754194259644e-02
9.686435014009475708e-02
9.687087684869766235e-02
9.687732905149459839e-02
9.688376635313034058e-02
9.689025580883026123e-02
9.689674526453018188e-02
9.690315276384353638e-02
9.690966457128524780e-02
9.691613912582397461e-02
9.692252427339553833e-02
9.692907333374023438e-02
9.693553298711776733e-02
9.694205969572067261e-02
9.694845974445343018e-02
9.695499390363693237e-02
9.696149080991744995e-02
9.696795046329498291e-02
9.697443246841430664e-02
9.698098897933959961e-02
9.698747098445892334e-02
9.699396789073944092e-02
9.700046479701995850e-02
9.700699150562286377e-02
9.701358526945114136e-02
9.701997786760330200e-02
9.702658653259277344e-02
9.703308343887329102e-02
9.703958779573440552e-02
9.704609215259552002e-02
9.705267101526260376e-02
9.705915302038192749e-02
9.706570953130722046e-02
9.707225114107131958e-02
9.707881510257720947e-02
9.708531200885772705e-02
9.709186106920242310e-02
9.709837287664413452e-02
9.710495173931121826e-02
9.711153060197830200e-02
9.711807966232299805e-02
9.712463617324829102e-02
9.713120013475418091e-02
9.713773429393768311e-02
9.714431315660476685e-02
9.715092182159423828e-02
9.715747088193893433e-02
9.716401249170303345e-02
9.717063605785369873e-02
9.717715531587600708e-02
9.718375653028488159e-02
9.719035774469375610e-02
9.719688445329666138e-02
9.720353782176971436e-02
9.721006453037261963e-02
9.721671789884567261e-02
9.722328931093215942e-02
9.722990542650222778e-02
9.723649173974990845e-02
9.724312275648117065e-02
9.724967926740646362e-02
9.725625813007354736e-02
9.726286679506301880e-02
9.726951271295547485e-02
9.727609902620315552e-02
9.728272259235382080e-02
9.728936851024627686e-02
9.729599952697753906e-02
9.730256348848342896e-02
9.730923175811767578e-02
9.731580317020416260e-02
9.732251614332199097e-02
9.732912480831146240e-02
9.733576327562332153e-02
9.734242409467697144e-02
9.734900295734405518e-02
9.735567122697830200e-02
9.736228734254837036e-02
9.736896306276321411e-02
9.737557917833328247e-02
9.738219529390335083e-02
9.738886356353759766e-02
9.739548712968826294e-02
9.740220010280609131e-02
9.740889072418212891e-02
9.741551429033279419e-02
9.742219001054763794e-02
9.742879867553710938e-02
9.743551909923553467e-02
9.744214266538619995e-02
9.744887053966522217e-02
9.745544940233230591e-02
9.746217727661132812e-02
9.746883809566497803e-02
9.747552126646041870e-02
9.748227149248123169e-02
9.748889505863189697e-02
9.749553352594375610e-02
9.750221669673919678e-02
9.750891476869583130e-02
9.751560539007186890e-02
9.752231091260910034e-02
9.752906113862991333e-02
9.753573685884475708e-02
9.754240512847900391e-02
9.754903614521026611e-02
9.755576401948928833e-02
9.756244719028472900e-02
9.756918251514434814e-02
9.757588803768157959e-02
9.758260101079940796e-02
9.758935868740081787e-02
9.759605675935745239e-02
9.760278463363647461e-02
9.760945290327072144e-02
9.761620312929153442e-02
9.762289375066757202e-02
9.762959927320480347e-02
9.763632714748382568e-02
9.764308482408523560e-02
9.764982759952545166e-02
9.765655547380447388e-02
9.766323119401931763e-02
9.767001122236251831e-02
9.767668694257736206e-02
9.768343716859817505e-02
9.769020229578018188e-02
9.769691526889801025e-02
9.770364314317703247e-02
9.771042317152023315e-02
9.771717339754104614e-02
9.772390872240066528e-02
9.773056954145431519e-02
9.773737937211990356e-02
9.774411469697952271e-02
9.775089472532272339e-02
9.775755554437637329e-02
9.776435792446136475e-02
9.777110815048217773e-02
9.777783602476119995e-02
9.778457880020141602e-02
9.779137372970581055e-02
9.779815375804901123e-02
9.780489653348922729e-02
9.781165421009063721e-02
9.781847149133682251e-02
9.782519191503524780e-02
9.783201664686203003e-02
9.783874452114105225e-02
9.784550219774246216e-02
9.785225242376327515e-02
9.785903990268707275e-02
9.786581993103027344e-02
9.787260740995407104e-02
9.787935763597488403e-02
9.788613766431808472e-02
9.789288789033889771e-02
9.789972007274627686e-02
9.790648519992828369e-02
9.791328758001327515e-02
9.792004525661468506e-02
9.792680293321609497e-02
9.793355315923690796e-02
9.794033318758010864e-02
9.794717282056808472e-02
9.795396775007247925e-02
9.796072542667388916e-02
9.796751290559768677e-02
9.797435253858566284e-02
9.798114746809005737e-02
9.798790514469146729e-02
9.799463301897048950e-02
9.800147265195846558e-02
9.800831973552703857e-02
9.801506251096725464e-02
9.802185744047164917e-02
9.802870452404022217e-02
9.803544729948043823e-02
9.804224967956542969e-02
9.804911166429519653e-02
9.805593639612197876e-02
9.806270897388458252e-02
9.806949645280838013e-02
9.807635843753814697e-02
9.808309376239776611e-02
9.808991104364395142e-02
9.809675067663192749e-02
9.810353070497512817e-02
9.811036288738250732e-02
9.811712056398391724e-02
9.812396019697189331e-02
9.813075512647628784e-02
9.813756495714187622e-02
9.814442694187164307e-02
9.815125912427902222e-02
9.815799444913864136e-02
9.816485643386840820e-02
9.817166626453399658e-02
9.817852824926376343e-02
9.818532317876815796e-02
9.819210320711135864e-02
9.819900244474411011e-02
9.820580482482910156e-02
9.821260720491409302e-02
9.821944683790206909e-02
9.822623431682586670e-02
9.823305159807205200e-02
9.823990613222122192e-02
9.824670851230621338e-02
9.825359284877777100e-02
9.826035052537918091e-02
9.826717525720596313e-02
9.827404469251632690e-02
9.828083962202072144e-02
9.828764945268630981e-02
9.829454123973846436e-02
9.830128401517868042e-02
9.830810874700546265e-02
9.831502288579940796e-02
9.832186996936798096e-02
9.832865744829177856e-02
9.833545982837677002e-02
9.834228456020355225e-02
9.834913909435272217e-02
9.835596382617950439e-02
9.836281090974807739e-02
9.836965054273605347e-02
9.837649762630462646e-02
9.838329255580902100e-02
9.839010983705520630e-02
9.839697182178497314e-02
9.840381890535354614e-02
9.841065108776092529e-02
9.841752052307128906e-02
9.842430800199508667e-02
9.843112528324127197e-02
9.843797236680984497e-02
9.844482690095901489e-02
9.845162183046340942e-02
9.845847636461257935e-02
9.846537560224533081e-02
9.847212582826614380e-02
9.847897291183471680e-02
9.848581254482269287e-02
9.849267452955245972e-02
9.849951416254043579e-02
9.850632399320602417e-02
9.851317107677459717e-02
9.851999580860137939e-02
9.852679073810577393e-02
9.853368252515792847e-02
9.854049235582351685e-02
9.854733943939208984e-02
9.855420142412185669e-02
9.856097400188446045e-02
9.856783598661422729e-02
9.857469052076339722e-02
9.858155250549316406e-02
9.858835488557815552e-02
9.859519451856613159e-02
9.860205650329589844e-02
9.860886633396148682e-02
9.861570596694946289e-02
9.862255305051803589e-02
9.862936288118362427e-02
9.863620996475219727e-02
9.864301234483718872e-02
9.864987432956695557e-02
9.865672141313552856e-02
9.866357594728469849e-02
9.867037832736968994e-02
9.867726266384124756e-02
9.868402779102325439e-02
9.869085252285003662e-02
9.869771450757980347e-02
9.870452433824539185e-02
9.871138632297515869e-02
9.871821105480194092e-02
9.872506558895111084e-02
9.873186796903610229e-02
9.873869270086288452e-02
9.874551743268966675e-02
9.875238686800003052e-02
9.875918924808502197e-02
9.876606613397598267e-02
9.877283126115798950e-02
9.877963364124298096e-02
9.878648817539215088e-02
9.879334270954132080e-02
9.880016744136810303e-02
9.880698472261428833e-02
9.881386905908584595e-02
9.882062673568725586e-02
9.882743656635284424e-02
9.883423149585723877e-02
9.884107112884521484e-02
9.884788841009140015e-02
9.885468333959579468e-02
9.886161983013153076e-02
9.886838495731353760e-02
9.887517988681793213e-02
9.888205677270889282e-02
9.888885170221328735e-02
9.889565408229827881e-02
9.890246391296386719e-02
9.890927374362945557e-02
9.891607612371444702e-02
9.892286360263824463e-02
9.892971068620681763e-02
9.893655031919479370e-02
9.894335269927978516e-02
9.895019978284835815e-02
9.895698726177215576e-02
9.896373748779296875e-02
9.897058457136154175e-02
9.897734224796295166e-02
9.898418933153152466e-02
9.899102151393890381e-02
9.899777919054031372e-02
9.900458157062530518e-02
9.901142865419387817e-02
9.901822358369827271e-02
9.902500361204147339e-02
9.903181344270706177e-02
9.903865307569503784e-02
9.904545545578002930e-02
9.905219823122024536e-02
9.905898571014404297e-02
9.906575828790664673e-02
9.907259792089462280e-02
9.907937794923782349e-02
9.908622503280639648e-02
9.909295290708541870e-02
9.909976273775100708e-02
9.910656511783599854e-02
9.911338984966278076e-02
9.912013262510299683e-02
9.912689030170440674e-02
9.913372248411178589e-02
9.914048016071319580e-02
9.914731979370117188e-02
9.915406256914138794e-02
9.916089475154876709e-02
9.916763752698898315e-02
9.917433559894561768e-02
9.918118268251419067e-02
9.918786585330963135e-02
9.919469803571701050e-02
9.920149296522140503e-02
9.920824319124221802e-02
9.921502321958541870e-02
9.922181814908981323e-02
9.922850877046585083e-02
9.923534840345382690e-02
9.924203902482986450e-02
9.924886375665664673e-02
9.925555437803268433e-02
9.926235675811767578e-02
9.926914423704147339e-02
9.927583485841751099e-02
9.928264468908309937e-02
9.928940981626510620e-02
9.929614514112472534e-02
9.930290281772613525e-02
9.930963069200515747e-02
9.931636601686477661e-02
9.932308644056320190e-02
9.932987391948699951e-02
9.933663159608840942e-02
9.934339672327041626e-02
9.935016185045242310e-02
9.935683012008666992e-02
9.936358779668807983e-02
9.937035292387008667e-02
9.937705099582672119e-02
9.938377887010574341e-02
9.939048439264297485e-02
9.939723461866378784e-02
9.940398484468460083e-02
9.941065311431884766e-02
9.941734373569488525e-02
9.942417591810226440e-02
9.943084418773651123e-02
9.943758696317672729e-02
9.944428503513336182e-02
9.945096820592880249e-02
9.945772588253021240e-02
9.946443885564804077e-02
9.947109967470169067e-02
9.947778284549713135e-02
9.948451071977615356e-02
9.949123114347457886e-02
9.949798136949539185e-02
9.950464963912963867e-02
9.951131790876388550e-02
9.951803833246231079e-02
9.952474385499954224e-02
9.953143447637557983e-02
9.953808784484863281e-02
9.954478591680526733e-02
9.955149143934249878e-02
9.955815970897674561e-02
9.956481307744979858e-02
9.957151859998703003e-02
9.957828372716903687e-02
9.958492219448089600e-02
9.959156066179275513e-02
9.959824383258819580e-02
9.960490465164184570e-02
9.961157292127609253e-02
9.961821883916854858e-02
9.962489455938339233e-02
9.963155537843704224e-02
9.963822364807128906e-02
9.964485466480255127e-02
9.965153038501739502e-02
9.965818375349044800e-02
9.966485202312469482e-02
9.967147558927536011e-02
9.967810660600662231e-02
9.968472272157669067e-02
9.969138354063034058e-02
9.969802200794219971e-02
9.970467537641525269e-02
9.971134364604949951e-02
9.971795231103897095e-02
9.972457587718963623e-02
9.973119944334030151e-02
9.973781555891036987e-02
9.974443167448043823e-02
9.975106269121170044e-02
9.975766390562057495e-02
9.976429492235183716e-02
9.977091103792190552e-02
9.977752715349197388e-02
9.978412836790084839e-02
9.979074448347091675e-02
9.979734569787979126e-02
9.980391710996627808e-02
9.981058537960052490e-02
9.981710463762283325e-02
9.982371330261230469e-02
9.983033686876296997e-02
9.983688592910766602e-02
9.984350204467773438e-02
9.985005855560302734e-02
9.985671192407608032e-02
9.986323863267898560e-02
9.986979514360427856e-02
9.987638145685195923e-02
9.988294541835784912e-02
9.988950192928314209e-02
9.989612549543380737e-02
9.990267455577850342e-02
9.990924596786499023e-02
9.991573542356491089e-02
9.992232173681259155e-02
9.992884844541549683e-02
9.993545711040496826e-02
9.994202107191085815e-02
9.994854778051376343e-02
9.995501488447189331e-02
9.996157139539718628e-02
9.996806830167770386e-02
9.997464716434478760e-02
9.998119622468948364e-02
9.998767822980880737e-02
9.999419748783111572e-02
1.000007539987564087e-01
1.000072509050369263e-01
1.000137925148010254e-01
1.000202745199203491e-01
1.000267416238784790e-01
1.000333279371261597e-01
1.000397950410842896e-01
1.000463813543319702e-01
1.000528484582901001e-01
1.000593155622482300e-01
1.000658422708511353e-01
1.000723391771316528e-01
1.000787168741226196e-01
1.000852733850479126e-01
1.000917702913284302e-01
1.000981926918029785e-01
1.001046448945999146e-01
1.001111418008804321e-01
1.001176238059997559e-01
1.001240760087966919e-01
1.001306027173995972e-01
1.001370102167129517e-01
1.001434773206710815e-01
1.001498848199844360e-01
1.001564413309097290e-01
1.001628637313842773e-01
1.001692265272140503e-01
1.001757234334945679e-01
1.001821309328079224e-01
1.001885980367660522e-01
1.001950353384017944e-01
1.002014428377151489e-01
1.002079099416732788e-01
1.002143025398254395e-01
1.002206951379776001e-01
1.002271324396133423e-01
1.002335399389266968e-01
1.002399772405624390e-01
1.002463251352310181e-01
1.002527028322219849e-01
1.002591401338577271e-01
1.002655029296875000e-01
1.002719551324844360e-01
1.002783030271530151e-01
1.002846807241439819e-01
1.002911478281021118e-01
1.002974659204483032e-01
1.003038138151168823e-01
1.003101915121078491e-01
1.003165990114212036e-01
1.003229767084121704e-01
1.003293246030807495e-01
1.003356724977493286e-01
1.003419607877731323e-01
1.003483384847640991e-01
1.003547757863998413e-01
1.003610640764236450e-01
1.003674119710922241e-01
1.003737300634384155e-01
1.003800183534622192e-01
1.003863960504531860e-01
1.003927141427993774e-01
1.003990918397903442e-01
1.004054099321365356e-01
1.004117578268051147e-01
1.004179865121841431e-01
1.004243046045303345e-01
1.004305928945541382e-01
1.004369407892227173e-01
1.004431992769241333e-01
1.004494428634643555e-01
1.004557460546493530e-01
1.004620343446731567e-01
1.004683524370193481e-01
1.004746407270431519e-01
1.004808992147445679e-01
1.004871726036071777e-01
1.004934906959533691e-01
1.004997044801712036e-01
1.005059331655502319e-01
1.005122661590576172e-01
1.005184799432754517e-01
1.005247682332992554e-01
1.005309671163558960e-01
1.005372405052185059e-01
1.005434840917587280e-01
1.005497574806213379e-01
1.005559414625167847e-01
1.005621552467346191e-01
1.005683988332748413e-01
1.005745977163314819e-01
1.005808562040328979e-01
1.005870252847671509e-01
1.005932539701461792e-01
1.005994677543640137e-01
1.006056219339370728e-01
1.006117910146713257e-01
1.006179898977279663e-01
1.006242483854293823e-01
1.006303876638412476e-01
1.006365865468978882e-01
1.006427556276321411e-01
1.006489545106887817e-01
1.006551235914230347e-01
1.006612628698348999e-01
1.006674617528915405e-01
1.006735414266586304e-01
1.006797403097152710e-01
1.006858497858047485e-01
1.006920486688613892e-01
1.006981879472732544e-01
1.007042974233627319e-01
1.007104367017745972e-01
1.007165759801864624e-01
1.007227152585983276e-01
1.007288247346878052e-01
1.007349342107772827e-01
1.007410138845443726e-01
1.007471531629562378e-01
1.007532477378845215e-01
1.007593870162963867e-01
1.007654517889022827e-01
1.007715612649917603e-01
1.007776111364364624e-01
1.007837206125259399e-01
1.007898002862930298e-01
1.007957905530929565e-01
1.008019000291824341e-01
1.008080095052719116e-01
1.008140593767166138e-01
1.008200794458389282e-01
1.008261591196060181e-01
1.008321791887283325e-01
1.008382290601730347e-01
1.008442789316177368e-01
1.008502990007400513e-01
1.008563488721847534e-01
1.008623987436294556e-01
1.008684188127517700e-01
1.008744090795516968e-01
1.008804291486740112e-01
1.008864194154739380e-01
1.008924692869186401e-01
1.008983999490737915e-01
1.009044200181961060e-01
1.009104400873184204e-01
1.009164005517959595e-01
1.009224057197570801e-01
1.009284108877182007e-01
1.009343713521957397e-01
1.009402871131896973e-01
1.009463071823120117e-01
1.009522229433059692e-01
1.009582281112670898e-01
1.009640842676162720e-01
1.009701043367385864e-01
1.009760946035385132e-01
1.009819954633712769e-01
1.009879261255264282e-01
1.009938567876815796e-01
1.009998172521591187e-01
1.010056883096694946e-01
1.010116338729858398e-01
1.010175198316574097e-01
1.010234206914901733e-01
1.010293513536453247e-01
1.010352522134780884e-01
1.010411232709884644e-01
1.010469645261764526e-01
1.010529249906539917e-01
1.010587364435195923e-01
1.010646373033523560e-01
1.010705381631851196e-01
1.010764092206954956e-01
1.010822504758834839e-01
1.010881066322326660e-01
1.010939329862594604e-01
1.010997742414474487e-01
1.011056303977966309e-01
1.011114567518234253e-01
1.011173278093338013e-01
1.011231094598770142e-01
1.011289805173873901e-01
1.011348217725753784e-01
1.011405736207962036e-01
1.011463999748229980e-01
1.011521816253662109e-01
1.011579781770706177e-01
1.011637896299362183e-01
1.011695265769958496e-01
1.011754125356674194e-01
1.011811643838882446e-01
1.011869758367538452e-01
1.011926978826522827e-01
1.011984795331954956e-01
1.012041717767715454e-01
1.012099534273147583e-01
1.012157648801803589e-01
1.012215167284011841e-01
1.012271791696548462e-01
1.012329608201980591e-01
1.012386530637741089e-01
1.012444049119949341e-01
1.012501269578933716e-01
1.012558490037918091e-01
1.012615710496902466e-01
1.012672632932662964e-01
1.012729853391647339e-01
1.012786030769348145e-01
1.012843102216720581e-01
1.012900322675704956e-01
1.012956500053405762e-01
1.013014167547225952e-01
1.013070791959762573e-01
1.013128161430358887e-01
1.013184189796447754e-01
1.013240069150924683e-01
1.013296842575073242e-01
1.013353466987609863e-01
1.013409942388534546e-01
1.013466566801071167e-01
1.013522893190383911e-01
1.013578623533248901e-01
1.013635247945785522e-01
1.013690680265426636e-01
1.013747304677963257e-01
1.013803035020828247e-01
1.013859063386917114e-01
1.013915091753005981e-01
1.013971567153930664e-01
1.014026850461959839e-01
1.014082580804824829e-01
1.014138609170913696e-01
1.014194041490554810e-01
1.014250069856643677e-01
1.014305800199508667e-01
1.014360785484313965e-01
1.014416217803955078e-01
1.014472097158432007e-01
1.014527827501296997e-01
1.014583110809326172e-01
1.014637500047683716e-01
1.014693230390548706e-01
1.014748215675354004e-01
1.014803498983383179e-01
1.014858037233352661e-01
1.014913469552993774e-01
1.014968305826187134e-01
1.015024036169052124e-01
1.015077978372573853e-01
1.015132516622543335e-01
1.015188246965408325e-01
1.015242487192153931e-01
1.015297025442123413e-01
1.015351861715316772e-01
1.015406399965286255e-01
1.015461534261703491e-01
1.015515178442001343e-01
1.015569418668746948e-01
1.015623807907104492e-01
1.015678495168685913e-01
1.015732735395431519e-01
1.015786528587341309e-01
1.015841215848922729e-01
1.015894860029220581e-01
1.015948802232742310e-01
1.016002744436264038e-01
1.016056686639785767e-01
1.016110926866531372e-01
1.016164273023605347e-01
1.016218215227127075e-01
1.016271263360977173e-01
1.016325503587722778e-01
1.016378849744796753e-01
1.016433089971542358e-01
1.016486138105392456e-01
1.016539186239242554e-01
1.016592979431152344e-01
1.016646474599838257e-01
1.016699522733688354e-01
1.016752272844314575e-01
1.016805320978164673e-01
1.016858667135238647e-01
1.016912013292312622e-01
1.016964763402938843e-01
1.017017513513565063e-01
1.017070263624191284e-01
1.017123311758041382e-01
1.017176061868667603e-01
1.017228513956069946e-01
1.017282158136367798e-01
1.017334312200546265e-01
1.017386168241500854e-01
1.017438620328903198e-01
1.017491221427917480e-01
1.017543822526931763e-01
1.017596274614334106e-01
1.017648428678512573e-01
1.017700582742691040e-01
1.017752438783645630e-01
1.017804890871047974e-01
1.017856746912002563e-01
1.017908900976181030e-01
1.017960757017135620e-01
1.018012613058090210e-01
1.018064022064208984e-01
1.018116027116775513e-01
1.018167585134506226e-01
1.018218994140625000e-01
1.018270403146743774e-01
1.018322259187698364e-01
1.018374115228652954e-01
1.018425077199935913e-01
1.018476337194442749e-01
1.018527895212173462e-01
1.018579155206680298e-01
1.018630713224411011e-01
1.018681377172470093e-01
1.018731743097305298e-01
1.018782854080200195e-01
1.018834263086318970e-01
1.018885225057601929e-01
1.018935590982437134e-01
1.018986850976943970e-01
1.019037812948226929e-01
1.019087880849838257e-01
1.019138693809509277e-01
1.019188910722732544e-01
1.019239574670791626e-01
1.019290536642074585e-01
1.019340604543685913e-01
1.019390672445297241e-01
1.019441336393356323e-01
1.019491106271743774e-01
1.019541025161743164e-01
1.019591242074966431e-01
1.019641309976577759e-01
1.019691377878189087e-01
1.019741445779800415e-01
1.019790768623352051e-01
1.019841283559799194e-01
1.019891053438186646e-01
1.019940525293350220e-01
1.019989848136901855e-01
1.020039469003677368e-01
1.020088791847229004e-01
1.020138114690780640e-01
1.020187884569168091e-01
1.020236760377883911e-01
1.020285934209823608e-01
1.020334511995315552e-01
1.020384281873703003e-01
1.020433455705642700e-01
1.020482033491134644e-01
1.020531505346298218e-01
1.020580083131790161e-01
1.020629256963729858e-01
1.020677685737609863e-01
1.020726412534713745e-01
1.020775288343429565e-01
1.020824462175369263e-01
1.020871847867965698e-01
1.020921021699905396e-01
1.020969301462173462e-01
1.021017581224441528e-01
1.021065860986709595e-01
1.021114140748977661e-01
1.021162122488021851e-01
1.021210104227066040e-01
1.021258085966110229e-01
1.021306365728378296e-01
1.021354347467422485e-01
1.021402329206466675e-01
1.021450012922286987e-01
1.021497249603271484e-01
1.021545380353927612e-01
1.021592766046524048e-01
1.021640747785568237e-01
1.021687835454940796e-01
1.021735817193984985e-01
1.021783202886581421e-01
1.021829843521118164e-01
1.021876931190490723e-01
1.021924167871475220e-01
1.021971553564071655e-01
1.022018939256668091e-01
1.022066026926040649e-01
1.022112518548965454e-01
1.022159904241561890e-01
1.022206395864486694e-01
1.022253483533859253e-01
1.022299975156784058e-01
1.022346168756484985e-01
1.022393554449081421e-01
1.022439450025558472e-01
1.022485941648483276e-01
1.022532582283020020e-01
1.022578328847885132e-01
1.022625416517257690e-01
1.022671610116958618e-01
1.022717505693435669e-01
1.022763699293136597e-01
1.022809892892837524e-01
1.022855788469314575e-01
1.022901386022567749e-01
1.022947877645492554e-01
1.022992879152297974e-01
1.023038774728775024e-01
1.023084670305252075e-01
1.023130267858505249e-01
1.023176163434982300e-01
1.023221760988235474e-01
1.023266762495040894e-01
1.023312062025070190e-01
1.023356765508651733e-01
1.023402363061904907e-01
1.023447364568710327e-01
1.023492664098739624e-01
1.023537665605545044e-01
1.023582667112350464e-01
1.023627072572708130e-01
1.023672223091125488e-01
1.023716777563095093e-01
1.023761779069900513e-01
1.023806184530258179e-01
1.023851186037063599e-01
1.023895293474197388e-01
1.023940294981002808e-01
1.023984104394912720e-01
1.024028807878494263e-01
1.024073511362075806e-01
1.024117916822433472e-01
1.024161130189895630e-01
1.024205237627029419e-01
1.024249643087387085e-01
1.024293154478073120e-01
1.024337559938430786e-01
1.024381369352340698e-01
1.024425476789474487e-01
1.024468392133712769e-01
1.024512201547622681e-01
1.024556010961532593e-01
1.024599522352218628e-01
1.024642586708068848e-01
1.024685949087142944e-01
1.024729162454605103e-01
1.024772673845291138e-01
1.024816185235977173e-01
1.024859547615051270e-01
1.024902611970901489e-01
1.024945527315139771e-01
1.024988144636154175e-01
1.025031358003616333e-01
1.025073975324630737e-01
1.025116443634033203e-01
1.025159209966659546e-01
1.025201231241226196e-01
1.025245040655136108e-01
1.025286763906478882e-01
1.025329381227493286e-01
1.025371551513671875e-01
1.025413870811462402e-01
1.025456190109252930e-01
1.025498360395431519e-01
1.025540679693222046e-01
1.025582551956176758e-01
1.025624275207519531e-01
1.025666147470474243e-01
1.025708466768264771e-01
1.025750786066055298e-01
1.025791913270950317e-01
1.025833338499069214e-01
1.025875657796859741e-01
1.025916486978530884e-01
1.025958508253097534e-01
1.025999933481216431e-01
1.026040762662887573e-01
1.026082187891006470e-01
1.026123911142349243e-01
1.026164293289184570e-01
1.026205569505691528e-01
1.026246696710586548e-01
1.026287525892257690e-01
1.026328057050704956e-01
1.026369184255599976e-01
1.026410311460494995e-01
1.026451140642166138e-01
1.026491671800613403e-01
1.026531904935836792e-01
1.026572436094284058e-01
1.026612669229507446e-01
1.026653200387954712e-01
1.026693433523178101e-01
1.026733368635177612e-01
1.026774495840072632e-01
1.026813834905624390e-01
1.026853471994400024e-01
1.026894301176071167e-01
1.026933640241622925e-01
1.026973575353622437e-01
1.027012616395950317e-01
1.027053147554397583e-01
1.027093082666397095e-01
1.027132719755172729e-01
1.027172356843948364e-01
1.027211099863052368e-01
1.027250885963439941e-01
1.027290076017379761e-01
1.027329117059707642e-01
1.027368456125259399e-01
1.027407497167587280e-01
1.027446538209915161e-01
1.027486175298690796e-01
1.027524918317794800e-01
1.027563661336898804e-01
1.027602106332778931e-01
1.027640700340270996e-01
1.027679443359375000e-01
1.027718335390090942e-01
1.027756482362747192e-01
1.027795225381851196e-01
1.027833968400955200e-01
1.027872115373611450e-01
1.027909964323043823e-01
1.027948707342147827e-01
1.027986258268356323e-01
1.028024703264236450e-01
1.028062552213668823e-01
1.028100699186325073e-01
1.028138250112533569e-01
1.028176397085189819e-01
1.028213351964950562e-01
1.028251796960830688e-01
1.028289049863815308e-01
1.028326600790023804e-01
1.028364151716232300e-01
1.028401702642440796e-01
1.028438955545425415e-01
1.028476506471633911e-01
1.028513163328170776e-01
1.028550863265991211e-01
1.028587967157363892e-01
1.028624922037124634e-01
1.028662174940109253e-01
1.028698533773422241e-01
1.028735786676406860e-01
1.028771847486495972e-01
1.028808504343032837e-01
1.028845161199569702e-01
1.028882414102554321e-01
1.028919070959091187e-01
1.028955131769180298e-01
1.028990596532821655e-01
1.029027551412582397e-01
1.029063612222671509e-01
1.029099673032760620e-01
1.029135733842849731e-01
1.029172092676162720e-01
1.029207855463027954e-01
1.029243916273117065e-01
1.029279679059982300e-01
1.029315143823623657e-01
1.029350608587265015e-01
1.029386967420578003e-01
1.029421836137771606e-01
1.029457300901412964e-01
1.029492765665054321e-01
1.029528230428695679e-01
1.029563695192337036e-01
1.029599457979202271e-01
1.029633730649948120e-01
1.029669195413589478e-01
1.029704064130783081e-01
1.029738932847976685e-01
1.029773950576782227e-01
1.029808074235916138e-01
1.029843240976333618e-01
1.029878854751586914e-01
1.029912680387496948e-01
1.029947549104690552e-01
1.029981970787048340e-01
1.030016094446182251e-01
1.030050665140151978e-01
1.030084937810897827e-01
1.030119210481643677e-01
1.030152887105941772e-01
1.030187159776687622e-01
1.030221432447433472e-01
1.030254811048507690e-01
1.030288785696029663e-01
1.030323356389999390e-01
1.030356734991073608e-01
1.030390411615371704e-01
1.030424088239669800e-01
1.030457466840744019e-01
1.030491143465042114e-01
1.030524522066116333e-01
1.030557900667190552e-01
1.030590683221817017e-01
1.030624657869338989e-01
1.030657440423965454e-01
1.030690521001815796e-01
1.030723303556442261e-01
1.030756086111068726e-01
1.030789464712142944e-01
1.030822247266769409e-01
1.030854731798171997e-01
1.030887216329574585e-01
1.030919700860977173e-01
1.030952781438827515e-01
1.030984669923782349e-01
1.031017750501632690e-01
1.031049937009811401e-01
1.031082123517990112e-01
1.031114012002944946e-01
1.031146198511123657e-01
1.031178086996078491e-01
1.031210869550704956e-01
1.031242161989212036e-01
1.031274348497390747e-01
1.031306535005569458e-01
1.031337827444076538e-01
1.031369119882583618e-01
1.031401008367538452e-01
1.031432300806045532e-01
1.031463891267776489e-01
1.031495183706283569e-01
1.031525880098342896e-01
1.031557768583297729e-01
1.031589061021804810e-01
1.031620353460311890e-01
1.031651645898818970e-01
1.031682044267654419e-01
1.031713038682937622e-01
1.031744033098220825e-01
1.031774282455444336e-01
1.031805872917175293e-01
1.031836122274398804e-01
1.031866818666458130e-01
1.031896919012069702e-01
1.031928211450576782e-01
1.031957715749740601e-01
1.031988412141799927e-01
1.032018810510635376e-01
1.032048612833023071e-01
1.032079309225082397e-01
1.032109111547470093e-01
1.032138317823410034e-01
1.032168120145797729e-01
1.032198220491409302e-01
1.032228320837020874e-01
1.032258272171020508e-01
1.032287329435348511e-01
1.032317727804183960e-01
1.032347232103347778e-01
1.032375842332839966e-01
1.032405346632003784e-01
1.032434850931167603e-01
1.032464355230331421e-01
1.032492965459823608e-01
1.032522171735763550e-01
1.032551079988479614e-01
1.032580584287643433e-01
1.032609492540359497e-01
1.032637506723403931e-01
1.032666712999343872e-01
1.032695323228836060e-01
1.032724529504776001e-01
1.032752543687820435e-01
1.032781153917312622e-01
1.032809168100357056e-01
1.032837182283401489e-01
1.032866239547729492e-01
1.032894253730773926e-01
1.032922267913818359e-01
1.032950133085250854e-01
1.032978743314743042e-01
1.033006459474563599e-01
1.033034473657608032e-01
1.033062189817428589e-01
1.033089905977249146e-01
1.033117771148681641e-01
1.033145338296890259e-01
1.033172458410263062e-01
1.033200174570083618e-01
1.033227592706680298e-01
1.033254712820053101e-01
1.033282130956649780e-01
1.033309549093246460e-01
1.033336669206619263e-01
1.033363342285156250e-01
1.033390909433364868e-01
1.033417433500289917e-01
1.033444255590438843e-01
