6.663323938846588135e-02
6.666707247495651245e-02
6.670087575912475586e-02
6.673467904329299927e-02
6.676857918500900269e-02
6.680250167846679688e-02
6.683640927076339722e-02
6.687032431364059448e-02
6.690429896116256714e-02
6.693830341100692749e-02
6.697223335504531860e-02
6.700629740953445435e-02
6.704031676054000854e-02
6.707441061735153198e-02
6.710851192474365234e-02
6.714259833097457886e-02
6.717675179243087769e-02
6.721092760562896729e-02
6.724510341882705688e-02
6.727929413318634033e-02
6.731349974870681763e-02
6.734770536422729492e-02
6.738203018903732300e-02
6.741625815629959106e-02
6.745059788227081299e-02
6.748490780591964722e-02
6.751926243305206299e-02
6.755358725786209106e-02
6.758803129196166992e-02
6.762240827083587646e-02
6.765685230493545532e-02
6.769127398729324341e-02
6.772572547197341919e-02
6.776022166013717651e-02
6.779472529888153076e-02
6.782925128936767578e-02
6.786375492811203003e-02
6.789831817150115967e-02
6.793288886547088623e-02
6.796742230653762817e-02
6.800199300050735474e-02
6.803666800260543823e-02
6.807129085063934326e-02
6.810598820447921753e-02
6.814057379961013794e-02
6.817530095577239990e-02
6.821005791425704956e-02
6.824471801519393921e-02
6.827940046787261963e-02
6.831419467926025391e-02
6.834898889064788818e-02
6.838376075029373169e-02
6.841854751110076904e-02
6.845336407423019409e-02
6.848818808794021606e-02
6.852299720048904419e-02
6.855785101652145386e-02
6.859273463487625122e-02
6.862761825323104858e-02
6.866250932216644287e-02
6.869740039110183716e-02
6.873232871294021606e-02
6.876724213361740112e-02
6.880221515893936157e-02
6.883714348077774048e-02
6.887211650609970093e-02
6.890715658664703369e-02
6.894212216138839722e-02
6.897711753845214844e-02
6.901217252016067505e-02
6.904719024896621704e-02
6.908225268125534058e-02
6.911731511354446411e-02
6.915237009525299072e-02
6.918739527463912964e-02
6.922252476215362549e-02
6.925762444734573364e-02
6.929278373718261719e-02
6.932783126831054688e-02
6.936299055814743042e-02
6.939811259508132935e-02
6.943332403898239136e-02
6.946844607591629028e-02
6.950359046459197998e-02
6.953882426023483276e-02
6.957399100065231323e-02
6.960915029048919678e-02
6.964439153671264648e-02
6.967961043119430542e-02
6.971479952335357666e-02
6.975006312131881714e-02
6.978533416986465454e-02
6.982057541608810425e-02
6.985580176115036011e-02
6.989102810621261597e-02
6.992635875940322876e-02
6.996161490678787231e-02
6.999687850475311279e-02
7.003216445446014404e-02
7.006745785474777222e-02
7.010275870561599731e-02
7.013802975416183472e-02
7.017336785793304443e-02
7.020867615938186646e-02
7.024401426315307617e-02
7.027935236692428589e-02
7.031465321779251099e-02
7.034999132156372070e-02
7.038529217243194580e-02
7.042068988084793091e-02
7.045603543519973755e-02
7.049144059419631958e-02
7.052676379680633545e-02
7.056211680173873901e-02
7.059746980667114258e-02
7.063282281160354614e-02
7.066822797060012817e-02
7.070361822843551636e-02
7.073900848627090454e-02
7.077430933713912964e-02
7.080972939729690552e-02
7.084511220455169678e-02
7.088047266006469727e-02
7.091586291790008545e-02
7.095127552747726440e-02
7.098668068647384644e-02
7.102202624082565308e-02
7.105745375156402588e-02
7.109285145998001099e-02
7.112824916839599609e-02
7.116365432739257812e-02
7.119904458522796631e-02
7.123436778783798218e-02
7.126980274915695190e-02
7.130522280931472778e-02
7.134056091308593750e-02
7.137597352266311646e-02
7.141138613224029541e-02
7.144677639007568359e-02
7.148222625255584717e-02
7.151757925748825073e-02
7.155293971300125122e-02
7.158834487199783325e-02
7.162369042634963989e-02
7.165911048650741577e-02
7.169443368911743164e-02
7.172987610101699829e-02
7.176528871059417725e-02
7.180059701204299927e-02
7.183598726987838745e-02
7.187134772539138794e-02
7.190667092800140381e-02
7.194209098815917969e-02
7.197745144367218018e-02
7.201279699802398682e-02
7.204814255237579346e-02
7.208351790904998779e-02
7.211881130933761597e-02
7.215420901775360107e-02
7.218947261571884155e-02
7.222474366426467896e-02
7.226013392210006714e-02
7.229542732238769531e-02
7.233073562383651733e-02
7.236605882644653320e-02
7.240135967731475830e-02
7.243662327527999878e-02
7.247192412614822388e-02
7.250715047121047974e-02
7.254241406917572021e-02
7.257770746946334839e-02
7.261294871568679810e-02
7.264823466539382935e-02
7.268346101045608521e-02
7.271873950958251953e-02
7.275395840406417847e-02
7.278919965028762817e-02
7.282436639070510864e-02
7.285959273576736450e-02
7.289474457502365112e-02
7.292997092008590698e-02
7.296514511108398438e-02
7.300033420324325562e-02
7.303546369075775146e-02
7.307064533233642578e-02
7.310575991868972778e-02
7.314088195562362671e-02
7.317603379487991333e-02
7.321114093065261841e-02
7.324618101119995117e-02
7.328129559755325317e-02
7.331640273332595825e-02
7.335145026445388794e-02
7.338649034500122070e-02
7.342154532670974731e-02
7.345663756132125854e-02
7.349162548780441284e-02
7.352666556835174561e-02
7.356165349483489990e-02
7.359666377305984497e-02
7.363162189722061157e-02
7.366661727428436279e-02
7.370152324438095093e-02
7.373650372028350830e-02
7.377142459154129028e-02
7.380633056163787842e-02
7.384123653173446655e-02
7.387614250183105469e-02
7.391106337308883667e-02
7.394588738679885864e-02
7.398075610399246216e-02
7.401556521654129028e-02
7.405041903257369995e-02
7.408524304628372192e-02
7.412002980709075928e-02
7.415474206209182739e-02
7.418949902057647705e-02
7.422425597906112671e-02
7.425902038812637329e-02
7.429373264312744141e-02
7.432842999696731567e-02
7.436316460371017456e-02
7.439775019884109497e-02
7.443241775035858154e-02
7.446707040071487427e-02
7.450168579816818237e-02
7.453627884387969971e-02
7.457093894481658936e-02
7.460553199052810669e-02
7.464008033275604248e-02
7.467459887266159058e-02
7.470913231372833252e-02
7.474365085363388062e-02
7.477813959121704102e-02
7.481263577938079834e-02
7.484707981348037720e-02
7.488150894641876221e-02
7.491590827703475952e-02
7.495035976171493530e-02
7.498468458652496338e-02
7.501907646656036377e-02
7.505345344543457031e-02
7.508776336908340454e-02
7.512206584215164185e-02
7.515634596347808838e-02
7.519061863422393799e-02
7.522486150264739990e-02
7.525908946990966797e-02
7.529330998659133911e-02
7.532744854688644409e-02
7.536166161298751831e-02
7.539584487676620483e-02
7.542992383241653442e-02
7.546406984329223633e-02
7.549815624952316284e-02
7.553225010633468628e-02
7.556627690792083740e-02
7.560031861066818237e-02
7.563436776399612427e-02
7.566832751035690308e-02
7.570228725671768188e-02
7.573620975017547607e-02
7.577016204595565796e-02
7.580404728651046753e-02
7.583791017532348633e-02
7.587175816297531128e-02
7.590562850236892700e-02
7.593943178653717041e-02
7.597320526838302612e-02
7.600695639848709106e-02
7.604072242975234985e-02
7.607442885637283325e-02
7.610820978879928589e-02
7.614184170961380005e-02
7.617546617984771729e-02
7.620912045240402222e-02
7.624269276857376099e-02
7.627629488706588745e-02
7.630984485149383545e-02
7.634340971708297729e-02
7.637692242860794067e-02
7.641039788722991943e-02
7.644388824701309204e-02
7.647727429866790771e-02
7.651067525148391724e-02
7.654409110546112061e-02
7.657743245363235474e-02
7.661080360412597656e-02
7.664407044649124146e-02
7.667737454175949097e-02
7.671063393354415894e-02
7.674384862184524536e-02
7.677711546421051025e-02
7.681030035018920898e-02
7.684340327978134155e-02
7.687663286924362183e-02
7.690965384244918823e-02
7.694274932146072388e-02
7.697583734989166260e-02
7.700883597135543823e-02
7.704184204339981079e-02
7.707481086254119873e-02
7.710773497819900513e-02
7.714069634675979614e-02
7.717358320951461792e-02
7.720642536878585815e-02
7.723931968212127686e-02
7.727207988500595093e-02
7.730485498905181885e-02
7.733763009309768677e-02
7.737033814191818237e-02
7.740305364131927490e-02
7.743571698665618896e-02
7.746841013431549072e-02
7.750099897384643555e-02
7.753354310989379883e-02
7.756616920232772827e-02
7.759863883256912231e-02
7.763117551803588867e-02
7.766365259885787964e-02
7.769603282213211060e-02
7.772845774888992310e-02
7.776091247797012329e-02
7.779324054718017578e-02
7.782556861639022827e-02
7.785785943269729614e-02
7.789015024900436401e-02
7.792238891124725342e-02
7.795463502407073975e-02
7.798672467470169067e-02
7.801891863346099854e-02
7.805103808641433716e-02
7.808310538530349731e-02
7.811520248651504517e-02
7.814718037843704224e-02
7.817923277616500854e-02
7.821114361286163330e-02
7.824307680130004883e-02
7.827498763799667358e-02
7.830686867237091064e-02
7.833869010210037231e-02
7.837051153182983398e-02
7.840234041213989258e-02
7.843408733606338501e-02
7.846580445766448975e-02
7.849746197462081909e-02
7.852910459041595459e-02
7.856073230504989624e-02
7.859235256910324097e-02
7.862389832735061646e-02
7.865541428327560425e-02
7.868690043687820435e-02
7.871841639280319214e-02
7.874978333711624146e-02
7.878119498491287231e-02
7.881254702806472778e-02
7.884394377470016479e-02
7.887523621320724487e-02
7.890646159648895264e-02
7.893775403499603271e-02
7.896888256072998047e-02
7.900006324052810669e-02
7.903123646974563599e-02
7.906227558851242065e-02
7.909333705902099609e-02
7.912434637546539307e-02
7.915543764829635620e-02
7.918637990951538086e-02
7.921727001667022705e-02
7.924824208021163940e-02
7.927905768156051636e-02
7.930993288755416870e-02
7.934075593948364258e-02
7.937145978212356567e-02
7.940215617418289185e-02
7.943289726972579956e-02
7.946353405714035034e-02
7.949422299861907959e-02
7.952482998371124268e-02
7.955533266067504883e-02
7.958585768938064575e-02
7.961637526750564575e-02
7.964683324098587036e-02
7.967729121446609497e-02
7.970762997865676880e-02
7.973797619342803955e-02
7.976829260587692261e-02
7.979858666658401489e-02
7.982883602380752563e-02
7.985901087522506714e-02
7.988922297954559326e-02
7.991934567689895630e-02
7.994943112134933472e-02
7.997953891754150391e-02
8.000953495502471924e-02
8.003950119018554688e-02
8.006948977708816528e-02
8.009944856166839600e-02
8.012932538986206055e-02
8.015918731689453125e-02
8.018898218870162964e-02
8.021874725818634033e-02
8.024854958057403564e-02
8.027820289134979248e-02
8.030790090560913086e-02
8.033758401870727539e-02
8.036715537309646606e-02
8.039670437574386597e-02
8.042626827955245972e-02
8.045575767755508423e-02
8.048520237207412720e-02
8.051462471485137939e-02
8.054393529891967773e-02
8.057330548763275146e-02
8.060263097286224365e-02
8.063194900751113892e-02
8.066115528345108032e-02
8.069036900997161865e-02
8.071948587894439697e-02
8.074862509965896606e-02
8.077771216630935669e-02
8.080673217773437500e-02
8.083575218915939331e-02
8.086469024419784546e-02
8.089365065097808838e-02
8.092255145311355591e-02
8.095144480466842651e-02
8.098024129867553711e-02
8.100905269384384155e-02
8.103773742914199829e-02
8.106643706560134888e-02
8.109509199857711792e-02
8.112375438213348389e-02
8.115238696336746216e-02
8.118092268705368042e-02
8.120941370725631714e-02
8.123797923326492310e-02
8.126641809940338135e-02
8.129476755857467651e-02
8.132310211658477783e-02
8.135149627923965454e-02
8.137976378202438354e-02
8.140803128480911255e-02
8.143621683120727539e-02
8.146441727876663208e-02
8.149249106645584106e-02
8.152066916227340698e-02
8.154868334531784058e-02
8.157670497894287109e-02
8.160470426082611084e-02
8.163268119096755981e-02
8.166056126356124878e-02
8.168845623731613159e-02
8.171630650758743286e-02
8.174402266740798950e-02
8.177178353071212769e-02
8.179955929517745972e-02
8.182716369628906250e-02
8.185481280088424683e-02
8.188240230083465576e-02
8.190994709730148315e-02
8.193740993738174438e-02
8.196496218442916870e-02
8.199237287044525146e-02
8.201979845762252808e-02
8.204711228609085083e-02
8.207445591688156128e-02
8.210165053606033325e-02
8.212899416685104370e-02
8.215612918138504028e-02
8.218331634998321533e-02
8.221046626567840576e-02
8.223753422498703003e-02
8.226455748081207275e-02
8.229160308837890625e-02
8.231853693723678589e-02
8.234547823667526245e-02
8.237233012914657593e-02
8.239918202161788940e-02
8.242600411176681519e-02
8.245277404785156250e-02
8.247946202754974365e-02
8.250617980957031250e-02
8.253281563520431519e-02
8.255939930677413940e-02
8.258598297834396362e-02
8.261253684759140015e-02
8.263902366161346436e-02
8.266542851924896240e-02
8.269183337688446045e-02
8.271826803684234619e-02
8.274459838867187500e-02
8.277083188295364380e-02
8.279714733362197876e-02
8.282329887151718140e-02
8.284945040941238403e-02
8.287560194730758667e-02
8.290166407823562622e-02
8.292771130800247192e-02
8.295370638370513916e-02
8.297962695360183716e-02
8.300564438104629517e-02
8.303149044513702393e-02
8.305734395980834961e-02
8.308310061693191528e-02
8.310890942811965942e-02
8.313465118408203125e-02
8.316034823656082153e-02
8.318597823381423950e-02
8.321159332990646362e-02
8.323715627193450928e-02
8.326267451047897339e-02
8.328819274902343750e-02
8.331357687711715698e-02
8.333899825811386108e-02
8.336437493562698364e-02
8.338968455791473389e-02
8.341493457555770874e-02
8.344019949436187744e-02
8.346543461084365845e-02
8.349060267210006714e-02
8.351570367813110352e-02
8.354077488183975220e-02
8.356582373380661011e-02
8.359079807996749878e-02
8.361579477787017822e-02
8.364067971706390381e-02
8.366560190916061401e-02
8.369038999080657959e-02
8.371518552303314209e-02
8.373994380235671997e-02
8.376466482877731323e-02
8.378934115171432495e-02
8.381395787000656128e-02
8.383856713771820068e-02
8.386319130659103394e-02
8.388770371675491333e-02
8.391214907169342041e-02
8.393651992082595825e-02
8.396091312170028687e-02
8.398530632257461548e-02
8.400955051183700562e-02
8.403386920690536499e-02
8.405817300081253052e-02
8.408229053020477295e-02
8.410643786191940308e-02
8.413057774305343628e-02
8.415459096431732178e-02
8.417866379022598267e-02
8.420264720916748047e-02
8.422659337520599365e-02
8.425051718950271606e-02
8.427435904741287231e-02
8.429823070764541626e-02
8.432198315858840942e-02
8.434570580720901489e-02
8.436939865350723267e-02
8.439309895038604736e-02
8.441670238971710205e-02
8.444028347730636597e-02
8.446381241083145142e-02
8.448729664087295532e-02
8.451081067323684692e-02
8.453423529863357544e-02
8.455763012170791626e-02
8.458094298839569092e-02
8.460425585508346558e-02
8.462750166654586792e-02
8.465075492858886719e-02
8.467388898134231567e-02
8.469705283641815186e-02
8.472015708684921265e-02
8.474319428205490112e-02
8.476621657609939575e-02
8.478917926549911499e-02
8.481209725141525269e-02
8.483500033617019653e-02
8.485784381628036499e-02
8.488069474697113037e-02
8.490345627069473267e-02
8.492625504732131958e-02
8.494889736175537109e-02
8.497155457735061646e-02
8.499417454004287720e-02
8.501670509576797485e-02
8.503928035497665405e-02
8.506178110837936401e-02
8.508420735597610474e-02
8.510663360357284546e-02
8.512902259826660156e-02
8.515131473541259766e-02
8.517360687255859375e-02
8.519595861434936523e-02
8.521807938814163208e-02
8.524025976657867432e-02
8.526239544153213501e-02
8.528447896242141724e-02
8.530656993389129639e-02
8.532858639955520630e-02
8.535052090883255005e-02
8.537249267101287842e-02
8.539438992738723755e-02
8.541621267795562744e-02
8.543802052736282349e-02
8.545980602502822876e-02
8.548152446746826172e-02
8.550322800874710083e-02
8.552489429712295532e-02
8.554650098085403442e-02
8.556809276342391968e-02
8.558962494134902954e-02
8.561111986637115479e-02
8.563256263732910156e-02
8.565399795770645142e-02
8.567540347576141357e-02
8.569670468568801880e-02
8.571802824735641479e-02
8.573929965496063232e-02
8.576041460037231445e-02
8.578164130449295044e-02
8.580280840396881104e-02
8.582390099763870239e-02
8.584497123956680298e-02
8.586603403091430664e-02
8.588696271181106567e-02
8.590791374444961548e-02
8.592879772186279297e-02
8.594967424869537354e-02
8.597045391798019409e-02
8.599131554365158081e-02
8.601205050945281982e-02
8.603274077177047729e-02
8.605344593524932861e-02
8.607406169176101685e-02
8.609461039304733276e-02
8.611517399549484253e-02
8.613567799329757690e-02
8.615618199110031128e-02
8.617657423019409180e-02
8.619696646928787231e-02
8.621738851070404053e-02
8.623761683702468872e-02
8.625800162553787231e-02
8.627819269895553589e-02
8.629839867353439331e-02
8.631855249404907227e-02
8.633870631456375122e-02
8.635873347520828247e-02
8.637882769107818604e-02
8.639882504940032959e-02
8.641880750656127930e-02
8.643873035907745361e-02
8.645863831043243408e-02
8.647846430540084839e-02
8.649828284978866577e-02
8.651805669069290161e-02
8.653784543275833130e-02
8.655751496553421021e-02
8.657716959714889526e-02
8.659683912992477417e-02
8.661634474992752075e-02
8.663593977689743042e-02
8.665545284748077393e-02
8.667491376399993896e-02
8.669435232877731323e-02
8.671373128890991211e-02
8.673311024904251099e-02
8.675242215394973755e-02
8.677162975072860718e-02
8.679091930389404297e-02
8.681017160415649414e-02
8.682931214570999146e-02
8.684844523668289185e-02
8.686757087707519531e-02
8.688657730817794800e-02
8.690560609102249146e-02
8.692459762096405029e-02
8.694355934858322144e-02
8.696246892213821411e-02
8.698128163814544678e-02
8.700019866228103638e-02
8.701895922422409058e-02
8.703769743442535400e-02
8.705640584230422974e-02
8.707509934902191162e-02
8.709376305341720581e-02
8.711232990026473999e-02
8.713092654943466187e-02
8.714943379163742065e-02
8.716797828674316406e-02
8.718641102313995361e-02
8.720482140779495239e-02
8.722322434186935425e-02
8.724155277013778687e-02
8.725989609956741333e-02
8.727812767028808594e-02
8.729641139507293701e-02
8.731460571289062500e-02
8.733277767896652222e-02
8.735083788633346558e-02
8.736897259950637817e-02
8.738701790571212769e-02
8.740504086017608643e-02
8.742301911115646362e-02
8.744097501039505005e-02
8.745885640382766724e-02
8.747672289609909058e-02
8.749459683895111084e-02
8.751242607831954956e-02
8.753015846014022827e-02
8.754784613847732544e-02
8.756556361913681030e-02
8.758323639631271362e-02
8.760081976652145386e-02
8.761837333440780640e-02
8.763594180345535278e-02
8.765342086553573608e-02
8.767101913690567017e-02
8.768838644027709961e-02
8.770585805177688599e-02
8.772320300340652466e-02
8.774053305387496948e-02
8.775781840085983276e-02
8.777505904436111450e-02
8.779232949018478394e-02
8.780945837497711182e-02
8.782667666673660278e-02
8.784379810094833374e-02
8.786081522703170776e-02
8.787792921066284180e-02
8.789491653442382812e-02
8.791197091341018677e-02
8.792884647846221924e-02
8.794575184583663940e-02
8.796268701553344727e-02
8.797948062419891357e-02
8.799623697996139526e-02
8.801303058862686157e-02
8.802980184555053711e-02
8.804649859666824341e-02
8.806314319372177124e-02
8.807976543903350830e-02
8.809638768434524536e-02
8.811295777559280396e-02
8.812957257032394409e-02
8.814597874879837036e-02
8.816242963075637817e-02
8.817888051271438599e-02
8.819519728422164917e-02
8.821158856153488159e-02
8.822796493768692017e-02
8.824421465396881104e-02
8.826052397489547729e-02
8.827675133943557739e-02
8.829288184642791748e-02
8.830905705690383911e-02
8.832518756389617920e-02
8.834128081798553467e-02
8.835731446743011475e-02
8.837336301803588867e-02
8.838934451341629028e-02
8.840530365705490112e-02
8.842122554779052734e-02
8.843707293272018433e-02
8.845294266939163208e-02
8.846873790025711060e-02
8.848454803228378296e-02
8.850030601024627686e-02
8.851600438356399536e-02
8.853171765804290771e-02
8.854740858078002930e-02
8.856301754713058472e-02
8.857858180999755859e-02
8.859415352344512939e-02
8.860969543457031250e-02
8.862518519163131714e-02
8.864063769578933716e-02
8.865602314472198486e-02
8.867139369249343872e-02
8.868677169084548950e-02
8.870212733745574951e-02
8.871733397245407104e-02
8.873261511325836182e-02
8.874788135290145874e-02
8.876307308673858643e-02
8.877830952405929565e-02
8.879335224628448486e-02
8.880846947431564331e-02
8.882356435060501099e-02
8.883859962224960327e-02
8.885359764099121094e-02
8.886861056089401245e-02
8.888349682092666626e-02
8.889842778444290161e-02
8.891334384679794312e-02
8.892820030450820923e-02
8.894299715757369995e-02
8.895777910947799683e-02
8.897256851196289062e-02
8.898722380399703979e-02
8.900190144777297974e-02
8.901662379503250122e-02
8.903123438358306885e-02
8.904583007097244263e-02
8.906041085720062256e-02
8.907499164342880249e-02
8.908944576978683472e-02
8.910388499498367310e-02
8.911835402250289917e-02
8.913279324769973755e-02
8.914716541767120361e-02
8.916152268648147583e-02
8.917582780122756958e-02
8.919012546539306641e-02
8.920437842607498169e-02
8.921862393617630005e-02
8.923281729221343994e-02
8.924694359302520752e-02
8.926110714673995972e-02
8.927523344755172729e-02
8.928930759429931641e-02
8.930338174104690552e-02
8.931732922792434692e-02
8.933133631944656372e-02
8.934532105922698975e-02
8.935923129320144653e-02
8.937311172485351562e-02
8.938701450824737549e-02
8.940087258815765381e-02
8.941464871168136597e-02
8.942841738462448120e-02
8.944220095872879028e-02
8.945589512586593628e-02
8.946960419416427612e-02
8.948328346014022827e-02
8.949697017669677734e-02
8.951049298048019409e-02
8.952407538890838623e-02
8.953761309385299683e-02
8.955120295286178589e-02
8.956468105316162109e-02
8.957813680171966553e-02
8.959152549505233765e-02
8.960495889186859131e-02
8.961833268404006958e-02
8.963172137737274170e-02
8.964498341083526611e-02
8.965828269720077515e-02
8.967158943414688110e-02
8.968474715948104858e-02
8.969800919294357300e-02
8.971118927001953125e-02
8.972432464361190796e-02
8.973743766546249390e-02
8.975051343441009521e-02
8.976358920335769653e-02
8.977665007114410400e-02
8.978968113660812378e-02
8.980257064104080200e-02
8.981561660766601562e-02
8.982848376035690308e-02
8.984141051769256592e-02
8.985433727502822876e-02
8.986711502075195312e-02
8.987993746995925903e-02
8.989273011684417725e-02
8.990549296140670776e-02
8.991824835538864136e-02
8.993093669414520264e-02
8.994364738464355469e-02
8.995626121759414673e-02
8.996886759996414185e-02
8.998156338930130005e-02
8.999411761760711670e-02
9.000664204359054565e-02
9.001915156841278076e-02
9.003163874149322510e-02
9.004409611225128174e-02
9.005653113126754761e-02
9.006898105144500732e-02
9.008135646581649780e-02
9.009367972612380981e-02
9.010601788759231567e-02
9.011836349964141846e-02
9.013067185878753662e-02
9.014289081096649170e-02
9.015511721372604370e-02
9.016733616590499878e-02
9.017954766750335693e-02
9.019171446561813354e-02
9.020376950502395630e-02
9.021592885255813599e-02
9.022801369428634644e-02
9.024006873369216919e-02
9.025208652019500732e-02
9.026406705379486084e-02
9.027605503797531128e-02
9.028803557157516479e-02
9.029997140169143677e-02
9.031181037425994873e-02
9.032378345727920532e-02
9.033549576997756958e-02
9.034741669893264771e-02
9.035915881395339966e-02
9.037093818187713623e-02
9.038268029689788818e-02
9.039437025785446167e-02
9.040611982345581055e-02
9.041784703731536865e-02
9.042944759130477905e-02
9.044105559587478638e-02
9.045274555683135986e-02
9.046430140733718872e-02
9.047586470842361450e-02
9.048740565776824951e-02
9.049885720014572144e-02
9.051036089658737183e-02
9.052187949419021606e-02
9.053324908018112183e-02
9.054467827081680298e-02
9.055602550506591797e-02
9.056748449802398682e-02
9.057880192995071411e-02
9.059011191129684448e-02
9.060137718915939331e-02
9.061264246702194214e-02
9.062387049198150635e-02
9.063512086868286133e-02
9.064632654190063477e-02
9.065748006105422974e-02
9.066867083311080933e-02
9.067977219820022583e-02
9.069089591503143311e-02
9.070194512605667114e-02
9.071303904056549072e-02
9.072409570217132568e-02
9.073510020971298218e-02
9.074605256319046021e-02
9.075705707073211670e-02
9.076797217130661011e-02
9.077896177768707275e-02
9.078986197710037231e-02
9.080066531896591187e-02
9.081160277128219604e-02
9.082245081663131714e-02
9.083320945501327515e-02
9.084401279687881470e-02
9.085476398468017578e-02
9.086554497480392456e-02
9.087628126144409180e-02
9.088695794343948364e-02
9.089769423007965088e-02
9.090834110975265503e-02
9.091895818710327148e-02
9.092957526445388794e-02
9.094018489122390747e-02
9.095074236392974854e-02
9.096129238605499268e-02
9.097187221050262451e-02
9.098230302333831787e-02
9.099280089139938354e-02
9.100335091352462769e-02
9.101378172636032104e-02
9.102417528629302979e-02
9.103459864854812622e-02
9.104497730731964111e-02
9.105534106492996216e-02
9.106571227312088013e-02
9.107597172260284424e-02
9.108628332614898682e-02
9.109658747911453247e-02
9.110688418149948120e-02
9.111703187227249146e-02
9.112726897001266479e-02
9.113752096891403198e-02
9.114765375852584839e-02
9.115780889987945557e-02
9.116791188716888428e-02
9.117812663316726685e-02
9.118819236755371094e-02
9.119825065135955811e-02
9.120829403400421143e-02
9.121835976839065552e-02
9.122841060161590576e-02
9.123837202787399292e-02
9.124834090471267700e-02
9.125829488039016724e-02
9.126824140548706055e-02
9.127820283174514771e-02
9.128808230161666870e-02
9.129791706800460815e-02
9.130781888961791992e-02
9.131764620542526245e-02
9.132748097181320190e-02
9.133730083703994751e-02
9.134707599878311157e-02
9.135685861110687256e-02
9.136657416820526123e-02
9.137630462646484375e-02
9.138597548007965088e-02
9.139571338891983032e-02
9.140533953905105591e-02
9.141505509614944458e-02
9.142469614744186401e-02
9.143434464931488037e-02
9.144394844770431519e-02
9.145348519086837769e-02
9.146302193403244019e-02
9.147258102893829346e-02
9.148210287094116211e-02
9.149158746004104614e-02
9.150112420320510864e-02
9.151052683591842651e-02
9.152001887559890747e-02
9.152942895889282227e-02
9.153886139392852783e-02
9.154824912548065186e-02
9.155763685703277588e-02
9.156698733568191528e-02
9.157638996839523315e-02
9.158570319414138794e-02
9.159499406814575195e-02
9.160425513982772827e-02
9.161357581615447998e-02
9.162283688783645630e-02
9.163206070661544800e-02
9.164126217365264893e-02
9.165049344301223755e-02
9.165972471237182617e-02
9.166885167360305786e-02
9.167801588773727417e-02
9.168714284896850586e-02
9.169624745845794678e-02
9.170541912317276001e-02
9.171451628208160400e-02
9.172351658344268799e-02
9.173262119293212891e-02
9.174162149429321289e-02
9.175068140029907227e-02
9.175966680049896240e-02
9.176868945360183716e-02
9.177763760089874268e-02
9.178657084703445435e-02
9.179549664258956909e-02
9.180445224046707153e-02
9.181331098079681396e-02
9.182222187519073486e-02
9.183113276958465576e-02
9.184002131223678589e-02
9.184885770082473755e-02
9.185762703418731689e-02
9.186642616987228394e-02
9.187524765729904175e-02
9.188406914472579956e-02
9.189283847808837891e-02
9.190153330564498901e-02
9.191029518842697144e-02
9.191905707120895386e-02
9.192771464586257935e-02
9.193641692399978638e-02
9.194503724575042725e-02
9.195370227098464966e-02
9.196244180202484131e-02
9.197103977203369141e-02
9.197961539030075073e-02
9.198822081089019775e-02
9.199678897857666016e-02
9.200534969568252563e-02
9.201391041278839111e-02
9.202249348163604736e-02
9.203099459409713745e-02
9.203948825597763062e-02
9.204798191785812378e-02
9.205649793148040771e-02
9.206497669219970703e-02
9.207338839769363403e-02
9.208180755376815796e-02
9.209027141332626343e-02
9.209864586591720581e-02
9.210704267024993896e-02
9.211544692516326904e-02
9.212381392717361450e-02
9.213215857744216919e-02
9.214048832654953003e-02
9.214878827333450317e-02
9.215710312128067017e-02
9.216541796922683716e-02
9.217368811368942261e-02
9.218192845582962036e-02
9.219025820493698120e-02
9.219849854707717896e-02
9.220665693283081055e-02
9.221493452787399292e-02
9.222314506769180298e-02
9.223126620054244995e-02
9.223949164152145386e-02
9.224765747785568237e-02
9.225577861070632935e-02
9.226388484239578247e-02
9.227205067873001099e-02
9.228014200925827026e-02
9.228825569152832031e-02
9.229636192321777344e-02
9.230446070432662964e-02
9.231244772672653198e-02
9.232049435377120972e-02
9.232854098081588745e-02
9.233652800321578979e-02
9.234457463026046753e-02
9.235258400440216064e-02
9.236054122447967529e-02
9.236853569746017456e-02
9.237645566463470459e-02
9.238440543413162231e-02
9.239232540130615234e-02
9.240024536848068237e-02
9.240811318159103394e-02
9.241604059934616089e-02
9.242393076419830322e-02
9.243183583021163940e-02
9.243966639041900635e-02
9.244751185178756714e-02
9.245537966489791870e-02
9.246313571929931641e-02
9.247095137834548950e-02
9.247874468564987183e-02
9.248655289411544800e-02
9.249436110258102417e-02
9.250207245349884033e-02
9.250986576080322266e-02
9.251759946346282959e-02
9.252530336380004883e-02
9.253305941820144653e-02
9.254078567028045654e-02
9.254846721887588501e-02
9.255611151456832886e-02
9.256381541490554810e-02
9.257148951292037964e-02
9.257907420396804810e-02
9.258675575256347656e-02
9.259434044361114502e-02
9.260202199220657349e-02
9.260959923267364502e-02
9.261717647314071655e-02
9.262478351593017578e-02
9.263236075639724731e-02
9.263993054628372192e-02
9.264748543500900269e-02
9.265500307083129883e-02
9.266255050897598267e-02
9.267007559537887573e-02
9.267754852771759033e-02
9.268505126237869263e-02
9.269259870052337646e-02
9.270004928112030029e-02
9.270756691694259644e-02
9.271497279405593872e-02
9.272242337465286255e-02
9.272982180118560791e-02
9.273730963468551636e-02
9.274470061063766479e-02
9.275211393833160400e-02
9.275948256254196167e-02
9.276688098907470703e-02
9.277427941560745239e-02
9.278167039155960083e-02
9.278903156518936157e-02
9.279634058475494385e-02
9.280366450548171997e-02
9.281104058027267456e-02
9.281837195158004761e-02
9.282564371824264526e-02
9.283293038606643677e-02
9.284023940563201904e-02
9.284747391939163208e-02
9.285479038953781128e-02
9.286206215620040894e-02
9.286934137344360352e-02
9.287657588720321655e-02
9.288380295038223267e-02
9.289100021123886108e-02
9.289826452732086182e-02
9.290540963411331177e-02
9.291265159845352173e-02
9.291981160640716553e-02
9.292704612016677856e-02
9.293419122695922852e-02
9.294132888317108154e-02
9.294845163822174072e-02
9.295564889907836914e-02
9.296276420354843140e-02
9.296990185976028442e-02
9.297703206539154053e-02
9.298415482044219971e-02
9.299124032258987427e-02
9.299832582473754883e-02
9.300542622804641724e-02
9.301252663135528564e-02
9.301961958408355713e-02
9.302663058042526245e-02
9.303368628025054932e-02
9.304065257310867310e-02
9.304780513048171997e-02
9.305476397275924683e-02
9.306178987026214600e-02
9.306883066892623901e-02
9.307582676410675049e-02
9.308279305696487427e-02
9.308977425098419189e-02
9.309674054384231567e-02
9.310375899076461792e-02
9.311075508594512939e-02
9.311769157648086548e-02
9.312458336353302002e-02
9.313151985406875610e-02
9.313850849866867065e-02
9.314538538455963135e-02
9.315234422683715820e-02
9.315920621156692505e-02
9.316612780094146729e-02
9.317308664321899414e-02
9.317992627620697021e-02
9.318680316209793091e-02
9.319364279508590698e-02
9.320051223039627075e-02
9.320742636919021606e-02
9.321422874927520752e-02
9.322106838226318359e-02
9.322788566350936890e-02
9.323476999998092651e-02
9.324159473180770874e-02
9.324841946363449097e-02
9.325528889894485474e-02
9.326197206974029541e-02
9.326881915330886841e-02
9.327556192874908447e-02
9.328239411115646362e-02
9.328918904066085815e-02
9.329592436552047729e-02
9.330271929502487183e-02
9.330944716930389404e-02
9.331618249416351318e-02
9.332291781902313232e-02
9.332966059446334839e-02
9.333639591932296753e-02
9.334302693605422974e-02
9.334983676671981812e-02
9.335654228925704956e-02
9.336323291063308716e-02
9.336989372968673706e-02
9.337659180164337158e-02
9.338330477476119995e-02
9.338998794555664062e-02
9.339661151170730591e-02
9.340332448482513428e-02
9.340995550155639648e-02
9.341664612293243408e-02
9.342329204082489014e-02
9.342987835407257080e-02
9.343650192022323608e-02
9.344319999217987061e-02
9.344982355833053589e-02
9.345643222332000732e-02
9.346305578947067261e-02
9.346964210271835327e-02
9.347628057003021240e-02
9.348279237747192383e-02
9.348940104246139526e-02
9.349595010280609131e-02
9.350254386663436890e-02
9.350915253162384033e-02
9.351570159196853638e-02
9.352225065231323242e-02
9.352885931730270386e-02
9.353532642126083374e-02
9.354186803102493286e-02
9.354842454195022583e-02
9.355492889881134033e-02
9.356153011322021484e-02
9.356801211833953857e-02
9.357453137636184692e-02
9.358108788728713989e-02
9.358757734298706055e-02
9.359405934810638428e-02
9.360051900148391724e-02
9.360701590776443481e-02
9.361351281404495239e-02
9.362004697322845459e-02
9.362649917602539062e-02
9.363295137882232666e-02
9.363947808742523193e-02
9.364583343267440796e-02
9.365234524011611938e-02
9.365879744291305542e-02
9.366524964570999146e-02
9.367168694734573364e-02
9.367813915014266968e-02
9.368454664945602417e-02
9.369093924760818481e-02
9.369743615388870239e-02
9.370381385087966919e-02
9.371029585599899292e-02
9.371664375066757202e-02
9.372305124998092651e-02
9.372948110103607178e-02
9.373587369918823242e-02
9.374224394559860229e-02
9.374871104955673218e-02
9.375500679016113281e-02
9.376143664121627808e-02
9.376775473356246948e-02
9.377413243055343628e-02
9.378046542406082153e-02
9.378688782453536987e-02
9.379328042268753052e-02
9.379960596561431885e-02
9.380590915679931641e-02
9.381229430437088013e-02
9.381855279207229614e-02
9.382496029138565063e-02
9.383130818605422974e-02
9.383762627840042114e-02
9.384393692016601562e-02
9.385030716657638550e-02
9.385657310485839844e-02
9.386294335126876831e-02
9.386922419071197510e-02
9.387548267841339111e-02
9.388183057308197021e-02
9.388814121484756470e-02
9.389436990022659302e-02
9.390070289373397827e-02
9.390697628259658813e-02
9.391329437494277954e-02
9.391950815916061401e-02
9.392582625150680542e-02
9.393210709095001221e-02
9.393840283155441284e-02
9.394468367099761963e-02
9.395091980695724487e-02
9.395717829465866089e-02
9.396344423294067383e-02
9.396974742412567139e-02
9.397592395544052124e-02
9.398223459720611572e-02
9.398835152387619019e-02
9.399471431970596313e-02
9.400089085102081299e-02
9.400715678930282593e-02
9.401334077119827271e-02
9.401959925889968872e-02
9.402585774660110474e-02
9.403206408023834229e-02
9.403826296329498291e-02
9.404444694519042969e-02
9.405066817998886108e-02
9.405691176652908325e-02
9.406314045190811157e-02
9.406933933496475220e-02
9.407550841569900513e-02
9.408170729875564575e-02
9.408790618181228638e-02
9.409411251544952393e-02
9.410025179386138916e-02
9.410645067691802979e-02
9.411264955997467041e-02
9.411884099245071411e-02
9.412497282028198242e-02
9.413122385740280151e-02
9.413735568523406982e-02
9.414350241422653198e-02
9.414970129728317261e-02
9.415588527917861938e-02
9.416199475526809692e-02
9.416816383600234985e-02
9.417431056499481201e-02
9.418053925037384033e-02
9.418667107820510864e-02
9.419280290603637695e-02
9.419893473386764526e-02
9.420502185821533203e-02
9.421121329069137573e-02
9.421735256910324097e-02
9.422352164983749390e-02
9.422965347766876221e-02
9.423579275608062744e-02
9.424192458391189575e-02
9.424801170825958252e-02
9.425415843725204468e-02
9.426028281450271606e-02
9.426636993885040283e-02
9.427256137132644653e-02
9.427868574857711792e-02
9.428478032350540161e-02
9.429090470075607300e-02
9.429694712162017822e-02
9.430307149887084961e-02
9.430922567844390869e-02
9.431535005569458008e-02
9.432143718004226685e-02
9.432750195264816284e-02
9.433364123106002808e-02
9.433972090482711792e-02
9.434582293033599854e-02
9.435193240642547607e-02
9.435795992612838745e-02
9.436412155628204346e-02
9.437019377946853638e-02
9.437625855207443237e-02
9.438234567642211914e-02
9.438846260309219360e-02
9.439451247453689575e-02
9.440059959888458252e-02
9.440670907497406006e-02
9.441278874874114990e-02
9.441887587308883667e-02
9.442489594221115112e-02
9.443103522062301636e-02
9.443705528974533081e-02
9.444314986467361450e-02
9.444916993379592896e-02
9.445526450872421265e-02
9.446136653423309326e-02
9.446744620800018311e-02
9.447346627712249756e-02
9.447953850030899048e-02
9.448554366827011108e-02
9.449162334203720093e-02
9.449774026870727539e-02
9.450370818376541138e-02
9.450982511043548584e-02
9.451586753129959106e-02
9.452188760042190552e-02
9.452795237302780151e-02
9.453398734331130981e-02
9.454000741243362427e-02
9.454613178968429565e-02
9.455215185880661011e-02
9.455819427967071533e-02
9.456419944763183594e-02
9.457030147314071655e-02
9.457630664110183716e-02
9.458237141370773315e-02
9.458839148283004761e-02
9.459441900253295898e-02
9.460044652223587036e-02
9.460652619600296021e-02
9.461253881454467773e-02
9.461858123540878296e-02
9.462459385395050049e-02
9.463065117597579956e-02
9.463667869567871094e-02
9.464269131422042847e-02
9.464871138334274292e-02
9.465477615594863892e-02
9.466082602739334106e-02
9.466678649187088013e-02
9.467285871505737305e-02
9.467882663011550903e-02
9.468488395214080811e-02
9.469094127416610718e-02
9.469698369503021240e-02
9.470291435718536377e-02
9.470892697572708130e-02
9.471494704484939575e-02
9.472096711397171021e-02
9.472703188657760620e-02
9.473305195569992065e-02
9.473908692598342896e-02
9.474510699510574341e-02
9.475106745958328247e-02
9.475708007812500000e-02
9.476309269666671753e-02
9.476912766695022583e-02
9.477514773607254028e-02
9.478121250867843628e-02
9.478714317083358765e-02
9.479319304227828979e-02
9.479921311140060425e-02
9.480521827936172485e-02
9.481119364500045776e-02
9.481725841760635376e-02
9.482322633266448975e-02
9.482926130294799805e-02
9.483526647090911865e-02
9.484124928712844849e-02
9.484722465276718140e-02
9.485333412885665894e-02
9.485924243927001953e-02
9.486527740955352783e-02
9.487129747867584229e-02
9.487730264663696289e-02
9.488332271575927734e-02
9.488929063081741333e-02
9.489530324935913086e-02
9.490130096673965454e-02
9.490734338760375977e-02
9.491335600614547729e-02
9.491933882236480713e-02
9.492533653974533081e-02
9.493131935596466064e-02
9.493731707334518433e-02
9.494338184595108032e-02
9.494934231042861938e-02
9.495531022548675537e-02
9.496135264635086060e-02
9.496731311082839966e-02
9.497331827878952026e-02
9.497935324907302856e-02
9.498537331819534302e-02
9.499133378267288208e-02
9.499736130237579346e-02
9.500332176685333252e-02
9.500938653945922852e-02
9.501533210277557373e-02
9.502137452363967896e-02
9.502737224102020264e-02
9.503334015607833862e-02
9.503936022520065308e-02
9.504538029432296753e-02
9.505138546228408813e-02
9.505737572908401489e-02
9.506338834762573242e-02
9.506935626268386841e-02
9.507539123296737671e-02
9.508138149976730347e-02
9.508736431598663330e-02
9.509342908859252930e-02
9.509942680597305298e-02
9.510538727045059204e-02
9.511143714189529419e-02
9.511739015579223633e-02
9.512340277433395386e-02
9.512944519519805908e-02
9.513544291257858276e-02
9.514141827821731567e-02
9.514744579792022705e-02
9.515339881181716919e-02
9.515943378210067749e-02
9.516542404890060425e-02
9.517150372266769409e-02
9.517746418714523315e-02
9.518342465162277222e-02
9.518945962190628052e-02
9.519552439451217651e-02
9.520149976015090942e-02
9.520749747753143311e-02
9.521346539258956909e-02
9.521953761577606201e-02
9.522555023431777954e-02
9.523146599531173706e-02
9.523750096559524536e-02
9.524356573820114136e-02
9.524954855442047119e-02
9.525556117296218872e-02
9.526155143976211548e-02
9.526755660772323608e-02
9.527362138032913208e-02
9.527962654829025269e-02
9.528558701276779175e-02
9.529162198305130005e-02
9.529762715101242065e-02
9.530370682477951050e-02
9.530972689390182495e-02
9.531568735837936401e-02
9.532172232866287231e-02
9.532773494720458984e-02
9.533375501632690430e-02
9.533973038196563721e-02
9.534580260515213013e-02
9.535174816846847534e-02
9.535782039165496826e-02
9.536380320787429810e-02
9.536982327699661255e-02
9.537582844495773315e-02
9.538187086582183838e-02
9.538788348436355591e-02
9.539394825696945190e-02
9.539991617202758789e-02
9.540591388940811157e-02
9.541200846433639526e-02
9.541808068752288818e-02
9.542401134967803955e-02
9.543003886938095093e-02
9.543610364198684692e-02
9.544216096401214600e-02
9.544815868139266968e-02
9.545420110225677490e-02
9.546024352312088013e-02
9.546624869108200073e-02
9.547222405672073364e-02
9.547828882932662964e-02
9.548436850309371948e-02
9.549039602279663086e-02
9.549643844366073608e-02
9.550248086452484131e-02
9.550847113132476807e-02
9.551451355218887329e-02
9.552051872014999390e-02
9.552656114101409912e-02
9.553264826536178589e-02
9.553866088390350342e-02
9.554471820592880249e-02
9.555076807737350464e-02
9.555683284997940063e-02
9.556280821561813354e-02
9.556885063648223877e-02
9.557491540908813477e-02
9.558094292879104614e-02
9.558700025081634521e-02
9.559304267168045044e-02
9.559912979602813721e-02
9.560514241456985474e-02
9.561121463775634766e-02
9.561721980571746826e-02
9.562330693006515503e-02
9.562934935092926025e-02
9.563542157411575317e-02
9.564148634672164917e-02
9.564756602048873901e-02
9.565355628728866577e-02
9.565962105989456177e-02
9.566568583250045776e-02
9.567176550626754761e-02
9.567777812480926514e-02
9.568382054567337036e-02
9.568990767002105713e-02
9.569597244262695312e-02
9.570199996232986450e-02
9.570807963609695435e-02
9.571414440870285034e-02
9.572022408246994019e-02
9.572630375623703003e-02
9.573235362768173218e-02
9.573846310377120972e-02
9.574449807405471802e-02
9.575055539608001709e-02
9.575666487216949463e-02
9.576277434825897217e-02
9.576874971389770508e-02
9.577484428882598877e-02
9.578096121549606323e-02
9.578703343868255615e-02
9.579307585954666138e-02
9.579918533563613892e-02
9.580522030591964722e-02
9.581132233142852783e-02
9.581740200519561768e-02
9.582345187664031982e-02
9.582958370447158813e-02
9.583567827939987183e-02
9.584174305200576782e-02
9.584779292345046997e-02
9.585391730070114136e-02
9.586002677679061890e-02
9.586609899997711182e-02
9.587220847606658936e-02
9.587828814983367920e-02
9.588437527418136597e-02
9.589041769504547119e-02
9.589648246765136719e-02
9.590265899896621704e-02
9.590876847505569458e-02
9.591485559940338135e-02
9.592092037200927734e-02
9.592705965042114258e-02
9.593319147825241089e-02
9.593922644853591919e-02
9.594535082578659058e-02
9.595144540071487427e-02
9.595761448144912720e-02
9.596369415521621704e-02
9.596978873014450073e-02
9.597586840391159058e-02
9.598200023174285889e-02
9.598814696073532104e-02
9.599422663450241089e-02
9.600030630826950073e-02
9.600640833377838135e-02
9.601257741451263428e-02
9.601861238479614258e-02
9.602480381727218628e-02
9.603089839220046997e-02
9.603705257177352905e-02
9.604316204786300659e-02
9.604925662279129028e-02
9.605539590120315552e-02
9.606151282787322998e-02
9.606768935918807983e-02
9.607379138469696045e-02
9.607989341020584106e-02
9.608602523803710938e-02
9.609217196702957153e-02
9.609825164079666138e-02
9.610445052385330200e-02
9.611052274703979492e-02
9.611665457487106323e-02
9.612286835908889771e-02
9.612896293401718140e-02
9.613514691591262817e-02
9.614127129316329956e-02
9.614736586809158325e-02
9.615350514650344849e-02
9.615964442491531372e-02
9.616583585739135742e-02
9.617197513580322266e-02
9.617810696363449097e-02
9.618423134088516235e-02
9.619039297103881836e-02
9.619652479887008667e-02
9.620273113250732422e-02
9.620881825685501099e-02
9.621500223875045776e-02
9.622115641832351685e-02
9.622731059789657593e-02
9.623347967863082886e-02
9.623963385820388794e-02
9.624575823545455933e-02
9.625194221735000610e-02
9.625809639692306519e-02
9.626426547765731812e-02
9.627041965723037720e-02
9.627662599086761475e-02
9.628278762102127075e-02
9.628891944885253906e-02
9.629512578248977661e-02
9.630126506090164185e-02
9.630741924047470093e-02
9.631360322237014771e-02
9.631980210542678833e-02
9.632594883441925049e-02
9.633217006921768188e-02
9.633834660053253174e-02
9.634448587894439697e-02
9.635069221258163452e-02
9.635687619447708130e-02
9.636308252811431885e-02
9.636925905942916870e-02
9.637535363435745239e-02
9.638161212205886841e-02
9.638780355453491211e-02
9.639395773410797119e-02
9.640015661716461182e-02
9.640636295080184937e-02
9.641253948211669922e-02
9.641874581575393677e-02
9.642493724822998047e-02
9.643112868070602417e-02
9.643732756376266479e-02
9.644352644681930542e-02
9.644971042871475220e-02
9.645593166351318359e-02
9.646214544773101807e-02
9.646830707788467407e-02
9.647451341152191162e-02
9.648071229457855225e-02
9.648698568344116211e-02
9.649317711591720581e-02
9.649934619665145874e-02
9.650558233261108398e-02
9.651176631450653076e-02
9.651796519756317139e-02
9.652418643236160278e-02
9.653044492006301880e-02
9.653661400079727173e-02
9.654281288385391235e-02
9.654905647039413452e-02
9.655530005693435669e-02
9.656153619289398193e-02
9.656769782304763794e-02
9.657393395900726318e-02
9.658015519380569458e-02
9.658641368150711060e-02
9.659261256456375122e-02
9.659884870052337646e-02
9.660507738590240479e-02
9.661132097244262695e-02
9.661757200956344604e-02
9.662375599145889282e-02
9.663002192974090576e-02
9.663623571395874023e-02
9.664248675107955933e-02
9.664871543645858765e-02
9.665491431951522827e-02
9.666121006011962891e-02
9.666741639375686646e-02
9.667365252971649170e-02
9.667986631393432617e-02
9.668619185686111450e-02
9.669239073991775513e-02
9.669861942529678345e-02
9.670484811067581177e-02
9.671109914779663086e-02
9.671737253665924072e-02
9.672368317842483521e-02
9.672982245683670044e-02
9.673617035150527954e-02
9.674239158630371094e-02
9.674865007400512695e-02
9.675490111112594604e-02
9.676116704940795898e-02
9.676741808652877808e-02
9.677367657423019409e-02
9.677992761135101318e-02
9.678621590137481689e-02
9.679245203733444214e-02
9.679866582155227661e-02
9.680499136447906494e-02
9.681124240159988403e-02
9.681751579046249390e-02
9.682376682758331299e-02
9.683007746934890747e-02
9.683634340763092041e-02
9.684258699417114258e-02
9.684884548187255859e-02
9.685514867305755615e-02
9.686142206192016602e-02
9.686762839555740356e-02
9.687393903732299805e-02
9.688021987676620483e-02
9.688650071620941162e-02
9.689278155565261841e-02
9.689908474683761597e-02
9.690536558628082275e-02
9.691166877746582031e-02
9.691796451807022095e-02
9.692420810461044312e-02
9.693049639463424683e-02
9.693672508001327515e-02
9.694311767816543579e-02
9.694934636354446411e-02
9.695566445589065552e-02
9.696196019649505615e-02
9.696818143129348755e-02
9.697450697422027588e-02
9.698087722063064575e-02
9.698711335659027100e-02
9.699339419603347778e-02
9.699968993663787842e-02
9.700598567724227905e-02
9.701234847307205200e-02
9.701859205961227417e-02
9.702486544847488403e-02
9.703125804662704468e-02
9.703754633665084839e-02
9.704386442899703979e-02
9.705013781785964966e-02
9.705645591020584106e-02
9.706275165081024170e-02
9.706912934780120850e-02
9.707532823085784912e-02
9.708166867494583130e-02
9.708795696496963501e-02
9.709431976079940796e-02
9.710057079792022705e-02
9.710694104433059692e-02
9.711322933435440063e-02
9.711956232786178589e-02
9.712589532136917114e-02
9.713222086429595947e-02
9.713850915431976318e-02
9.714484959840774536e-02
9.715115278959274292e-02
9.715748578310012817e-02
9.716380387544631958e-02
9.717010706663131714e-02
9.717643260955810547e-02
9.718280285596847534e-02
9.718908369541168213e-02
9.719544649124145508e-02
9.720175713300704956e-02
9.720807522535324097e-02
9.721441566944122314e-02
9.722070395946502686e-02
9.722711890935897827e-02
9.723342210054397583e-02
9.723972529172897339e-02
9.724605083465576172e-02
9.725246578454971313e-02
9.725879877805709839e-02
9.726511687040328979e-02
9.727144241333007812e-02
9.727781265974044800e-02
9.728407114744186401e-02
9.729050099849700928e-02
9.729678183794021606e-02
9.730312973260879517e-02
9.730944782495498657e-02
9.731584042310714722e-02
9.732221066951751709e-02
9.732852876186370850e-02
9.733486920595169067e-02
9.734123200178146362e-02
9.734756499528884888e-02
9.735395014286041260e-02
9.736027568578720093e-02
9.736661612987518311e-02
9.737298637628555298e-02
9.737931191921234131e-02
9.738568961620330811e-02
9.739201515913009644e-02
9.739839285612106323e-02
9.740471839904785156e-02
9.741110354661941528e-02
9.741746634244918823e-02
9.742385149002075195e-02
9.743016213178634644e-02
9.743653982877731323e-02
9.744291752576828003e-02
9.744924306869506836e-02
9.745561331510543823e-02
9.746199101209640503e-02
9.746830910444259644e-02
9.747471660375595093e-02
9.748102724552154541e-02
9.748740494251251221e-02
9.749376773834228516e-02
9.750015288591384888e-02
9.750653803348541260e-02
9.751288592815399170e-02
9.751927107572555542e-02
9.752566367387771606e-02
9.753202646970748901e-02
9.753841906785964966e-02
9.754478186368942261e-02
9.755112975835800171e-02
9.755753725767135620e-02
9.756387025117874146e-02
9.757025539875030518e-02
9.757657349109649658e-02
9.758300334215164185e-02
9.758936613798141479e-02
9.759573638439178467e-02
9.760212898254394531e-02
9.760849922895431519e-02
9.761487692594528198e-02
9.762121737003326416e-02
9.762761741876602173e-02
9.763403236865997314e-02
9.764041006565093994e-02
9.764675796031951904e-02
9.765315055847167969e-02
9.765953570604324341e-02
9.766592085361480713e-02
9.767238795757293701e-02
9.767866879701614380e-02
9.768510609865188599e-02
9.769148379564285278e-02
9.769785404205322266e-02
9.770426899194717407e-02
9.771063178777694702e-02
9.771703928709030151e-02
9.772347658872604370e-02
9.772980213165283203e-02
9.773618727922439575e-02
9.774260967969894409e-02
9.774897992610931396e-02
9.775537997484207153e-02
9.776172786951065063e-02
9.776818007230758667e-02
9.777455776929855347e-02
9.778095781803131104e-02
9.778731316328048706e-02
9.779375046491622925e-02
9.780015796422958374e-02
9.780655056238174438e-02
9.781288355588912964e-02
9.781933575868606567e-02
9.782575815916061401e-02
9.783208370208740234e-02
9.783847630023956299e-02
9.784489870071411133e-02
9.785129129886627197e-02
9.785769879817962646e-02
9.786409139633178711e-02
9.787053614854812622e-02
9.787689894437789917e-02
9.788333624601364136e-02
9.788972139358520508e-02
9.789611399173736572e-02
9.790253639221191406e-02
9.790890663862228394e-02
9.791527688503265381e-02
9.792170673608779907e-02
9.792811423540115356e-02
9.793455153703689575e-02
9.794098138809204102e-02
9.794734418392181396e-02
9.795366972684860229e-02
9.796009957790374756e-02
9.796648472547531128e-02
9.797298163175582886e-02
9.797937422990798950e-02
9.798579663038253784e-02
9.799218922853469849e-02
9.799852222204208374e-02
9.800498187541961670e-02
9.801139682531356812e-02
9.801786392927169800e-02
9.802419692277908325e-02
9.803061932325363159e-02
9.803704917430877686e-02
9.804343432188034058e-02
9.804987162351608276e-02
9.805624932050704956e-02
9.806264191865921021e-02
9.806906431913375854e-02
9.807541221380233765e-02
9.808189421892166138e-02
9.808833152055740356e-02
9.809469431638717651e-02
9.810113161802291870e-02
9.810755401849746704e-02
9.811390936374664307e-02
9.812032431364059448e-02
9.812675416469573975e-02
9.813319891691207886e-02
9.813957661390304565e-02
9.814602881669998169e-02
9.815239906311035156e-02
9.815882891416549683e-02
9.816525876522064209e-02
9.817160665988922119e-02
9.817803651094436646e-02
9.818452596664428711e-02
9.819091856479644775e-02
9.819728881120681763e-02
9.820365160703659058e-02
9.821011126041412354e-02
9.821651875972747803e-02
9.822292625904083252e-02
9.822935611009597778e-02
9.823574870824813843e-02
9.824217110872268677e-02
9.824861586093902588e-02
9.825498610734939575e-02
9.826141595840454102e-02
9.826792031526565552e-02
9.827427566051483154e-02
9.828066825866699219e-02
9.828710556030273438e-02
9.829347580671310425e-02
9.829990565776824951e-02
9.830635040998458862e-02
9.831272810697555542e-02
9.831916540861129761e-02
9.832563251256942749e-02
9.833192080259323120e-02
9.833841025829315186e-02
9.834481030702590942e-02
9.835123270750045776e-02
9.835765510797500610e-02
9.836404025554656982e-02
9.837048500776290894e-02
9.837687760591506958e-02
9.838330000638961792e-02
9.838975220918655396e-02
9.839611500501632690e-02
9.840254485607147217e-02
9.840895235538482666e-02
9.841539710760116577e-02
9.842175990343093872e-02
9.842818230390548706e-02
9.843463450670242310e-02
9.844101965427398682e-02
9.844744205474853516e-02
9.845388680696487427e-02
9.846026450395584106e-02
9.846669435501098633e-02
9.847307950258255005e-02
9.847945719957351685e-02
9.848594665527343750e-02
9.849232435226440430e-02
9.849870949983596802e-02
9.850513190031051636e-02
9.851157665252685547e-02
9.851802885532379150e-02
9.852439165115356445e-02
9.853082895278930664e-02
9.853719919919967651e-02
9.854357689619064331e-02
9.854997694492340088e-02
9.855645149946212769e-02
9.856285899877548218e-02
9.856925159692764282e-02
9.857570379972457886e-02
9.858208149671554565e-02
9.858848154544830322e-02
9.859483689069747925e-02
9.860126674175262451e-02
9.860772639513015747e-02
9.861408174037933350e-02
9.862051159143447876e-02
9.862689673900604248e-02
9.863327443599700928e-02
9.863971173763275146e-02
9.864611178636550903e-02
9.865254908800125122e-02
9.865898638963699341e-02
9.866536408662796021e-02
9.867174178361892700e-02
9.867823123931884766e-02
9.868460893630981445e-02
9.869097918272018433e-02
9.869737923145294189e-02
9.870379418134689331e-02
9.871017187833786011e-02
9.871656447649002075e-02
9.872295707464218140e-02
9.872941672801971436e-02
9.873580187559127808e-02
9.874223172664642334e-02
9.874857962131500244e-02
9.875494986772537231e-02
9.876144677400588989e-02
9.876777231693267822e-02
9.877418726682662964e-02
9.878057241439819336e-02
9.878697246313095093e-02
9.879340231418609619e-02
9.879976511001586914e-02
9.880615025758743286e-02
9.881252795457839966e-02
9.881896525621414185e-02
9.882534295320510864e-02
9.883178025484085083e-02
9.883811324834823608e-02
9.884452074766159058e-02
9.885095804929733276e-02
9.885729104280471802e-02
9.886366873979568481e-02
9.887009114027023315e-02
9.887646883726119995e-02
9.888290613889694214e-02
9.888923913240432739e-02
9.889561682939529419e-02
9.890203922986984253e-02
9.890837222337722778e-02
9.891485422849655151e-02
9.892118722200393677e-02
9.892759472131729126e-02
9.893394261598587036e-02
9.894037246704101562e-02
9.894678741693496704e-02
9.895315021276473999e-02
9.895946085453033447e-02
9.896590560674667358e-02
9.897227585315704346e-02
9.897864609956741333e-02
9.898500889539718628e-02
9.899140149354934692e-02
9.899777919054031372e-02
9.900412708520889282e-02
9.901057183742523193e-02
9.901685267686843872e-02
9.902327507734298706e-02
9.902971237897872925e-02
9.903608262538909912e-02
9.904242306947708130e-02
9.904875606298446655e-02
9.905517846345901489e-02
9.906154125928878784e-02
9.906791150569915771e-02
9.907429665327072144e-02
9.908068925142288208e-02
9.908699244260787964e-02
9.909334033727645874e-02
9.909971058368682861e-02
9.910612553358078003e-02
9.911249577999114990e-02
9.911885112524032593e-02
9.912513941526412964e-02
9.913152456283569336e-02
9.913795441389083862e-02
9.914429485797882080e-02
9.915065020322799683e-02
9.915698319673538208e-02
9.916336089372634888e-02
9.916978329420089722e-02
9.917607158422470093e-02
9.918241947889328003e-02
9.918885678052902222e-02
9.919518232345581055e-02
9.920150786638259888e-02
9.920781105756759644e-02
9.921418875455856323e-02
9.922055900096893311e-02
9.922689944505691528e-02
9.923321008682250977e-02
9.923969209194183350e-02
9.924596548080444336e-02
9.925232082605361938e-02
9.925865381956100464e-02
9.926495701074600220e-02
9.927131980657577515e-02
9.927766770124435425e-02
9.928398579359054565e-02
9.929037094116210938e-02
9.929674118757247925e-02
9.930299222469329834e-02
9.930934011936187744e-02
9.931566566228866577e-02
9.932205826044082642e-02
9.932834655046463013e-02
9.933467209339141846e-02
9.934105724096298218e-02
9.934736788272857666e-02
9.935367107391357422e-02
9.936004877090454102e-02
9.936636686325073242e-02
9.937268495559692383e-02
9.937896579504013062e-02
9.938537329435348511e-02
9.939164668321609497e-02
9.939800202846527100e-02
9.940432012081146240e-02
9.941063076257705688e-02
9.941695630550384521e-02
9.942322224378585815e-02
9.942958503961563110e-02
9.943590313196182251e-02
9.944219142198562622e-02
9.944853931665420532e-02
9.945483505725860596e-02
9.946113824844360352e-02
9.946750849485397339e-02
9.947376698255538940e-02
9.948004782199859619e-02
9.948635846376419067e-02
9.949267655611038208e-02
9.949892759323120117e-02
9.950529783964157104e-02
9.951157867908477783e-02
9.951787441968917847e-02
9.952420741319656372e-02
9.953050315380096436e-02
9.953676909208297729e-02
9.954313933849334717e-02
9.954935312271118164e-02
9.955570846796035767e-02
9.956198185682296753e-02
9.956822544336318970e-02
9.957454353570938110e-02
9.958083182573318481e-02
9.958712756633758545e-02
9.959340095520019531e-02
9.959965199232101440e-02
9.960593283176422119e-02
9.961225092411041260e-02
9.961850196123123169e-02
9.962476044893264771e-02
9.963109344244003296e-02
9.963734447956085205e-02
9.964364022016525269e-02
9.964992105960845947e-02
9.965617209672927856e-02
9.966248273849487305e-02
9.966873377561569214e-02
9.967499971389770508e-02
9.968125075101852417e-02
9.968746453523635864e-02
9.969382733106613159e-02
9.970004856586456299e-02
9.970631450414657593e-02
9.971254318952560425e-02
9.971880912780761719e-02
9.972510486841201782e-02
9.973133355379104614e-02
9.973757714033126831e-02
9.974383562803268433e-02
9.975009411573410034e-02
9.975636005401611328e-02
9.976261109113693237e-02
9.976883232593536377e-02
9.977509826421737671e-02
9.978131949901580811e-02
9.978757798671722412e-02
9.979379922151565552e-02
9.980005770921707153e-02
9.980631619691848755e-02
9.981257468461990356e-02
9.981875866651535034e-02
9.982497245073318481e-02
9.983117878437042236e-02
9.983748197555541992e-02
9.984364360570907593e-02
9.984993934631347656e-02
9.985611587762832642e-02
9.986233711242675781e-02
9.986860305070877075e-02
9.987480938434600830e-02
9.988105297088623047e-02
9.988725185394287109e-02
9.989352524280548096e-02
9.989965707063674927e-02
9.990590065717697144e-02
9.991214424371719360e-02
9.991831332445144653e-02
9.992454200983047485e-02
9.993070363998413086e-02
9.993695467710494995e-02
9.994316101074218750e-02
9.994930773973464966e-02
9.995551407337188721e-02
9.996175020933151245e-02
9.996796399354934692e-02
9.997413307428359985e-02
9.998034685850143433e-02
9.998648613691329956e-02
9.999275952577590942e-02
9.999892860651016235e-02
1.000050753355026245e-01
1.000112742185592651e-01
1.000174731016159058e-01
1.000236272811889648e-01
1.000298112630844116e-01
1.000360250473022461e-01
1.000422090291976929e-01
1.000484079122543335e-01
1.000545173883438110e-01
1.000607013702392578e-01
1.000669002532958984e-01
1.000730246305465698e-01
1.000792235136032104e-01
1.000853925943374634e-01
1.000915318727493286e-01
1.000977605581283569e-01
1.001038402318954468e-01
1.001100093126296997e-01
1.001161783933639526e-01
1.001223325729370117e-01
1.001284569501876831e-01
1.001346260309219360e-01
1.001407653093338013e-01
1.001469045877456665e-01
1.001530736684799194e-01
1.001592427492141724e-01
1.001653224229812622e-01
1.001715511083602905e-01
1.001776307821273804e-01
1.001837402582168579e-01
1.001898795366287231e-01
1.001959890127182007e-01
1.002021580934524536e-01
1.002082973718643188e-01
1.002144068479537964e-01
1.002206057310104370e-01
1.002266556024551392e-01
1.002327352762222290e-01
1.002389043569564819e-01
1.002450138330459595e-01
1.002510935068130493e-01
1.002572178840637207e-01
1.002633124589920044e-01
1.002694517374038696e-01
1.002755910158157349e-01
1.002816408872604370e-01
1.002877801656723022e-01
1.002938747406005859e-01
1.002999991178512573e-01
1.003060489892959595e-01
1.003121286630630493e-01
1.003182381391525269e-01
1.003243178129196167e-01
1.003303676843643188e-01
1.003365367650985718e-01
1.003425866365432739e-01
1.003486663103103638e-01
1.003547459840774536e-01
1.003608703613281250e-01
1.003669351339340210e-01
1.003730148077011108e-01
1.003791093826293945e-01
1.003851443529129028e-01
1.003911942243576050e-01
1.003972738981246948e-01
1.004033088684082031e-01
1.004093736410140991e-01
1.004154831171035767e-01
1.004215478897094727e-01
1.004275828599929810e-01
1.004335731267929077e-01
1.004396826028823853e-01
1.004457026720046997e-01
1.004517525434494019e-01
1.004578471183776855e-01
1.004638522863388062e-01
1.004699617624282837e-01
1.004759222269058228e-01
1.004820019006729126e-01
1.004879623651504517e-01
1.004940718412399292e-01
1.005000919103622437e-01
1.005061417818069458e-01
1.005121022462844849e-01
1.005181521177291870e-01
1.005241721868515015e-01
1.005301624536514282e-01
1.005361825227737427e-01
1.005422025918960571e-01
1.005482524633407593e-01
1.005542427301406860e-01
1.005602926015853882e-01
1.005662828683853149e-01
1.005722731351852417e-01
1.005782634019851685e-01
1.005842834711074829e-01
1.005903333425521851e-01
1.005962640047073364e-01
1.006022542715072632e-01
1.006082743406295776e-01
1.006142348051071167e-01
1.006201952695846558e-01
1.006262451410293579e-01
1.006322056055068970e-01
1.006381660699844360e-01
1.006441563367843628e-01
1.006501466035842896e-01
1.006560474634170532e-01
1.006620675325393677e-01
1.006680577993392944e-01
1.006740480661392212e-01
1.006799489259719849e-01
1.006859689950942993e-01
1.006918996572494507e-01
1.006978899240493774e-01
1.007037907838821411e-01
1.007096916437149048e-01
1.007156521081924438e-01
1.007216572761535645e-01
1.007276028394699097e-01
1.007335335016250610e-01
1.007394343614578247e-01
1.007453650236129761e-01
1.007512956857681274e-01
1.007572859525680542e-01
1.007632166147232056e-01
1.007691174745559692e-01
1.007750034332275391e-01
1.007809489965438843e-01
1.007868796586990356e-01
1.007928103208541870e-01
1.007987111806869507e-01
1.008045822381973267e-01
1.008105129003524780e-01
1.008164435625076294e-01
1.008223295211791992e-01
1.008282452821731567e-01
1.008341461420059204e-01
1.008400768041610718e-01
1.008459776639938354e-01
1.008518785238265991e-01
1.008577346801757812e-01
1.008636206388473511e-01
1.008694916963577271e-01
1.008753627538681030e-01
1.008812338113784790e-01
1.008871942758560181e-01
1.008930653333663940e-01
1.008988767862319946e-01
1.009047478437423706e-01
1.009105890989303589e-01
1.009165197610855103e-01
1.009223610162734985e-01
1.009282320737838745e-01
1.009340435266494751e-01
1.009399443864822388e-01
1.009457856416702271e-01
1.009516716003417969e-01
1.009574532508850098e-01
1.009633094072341919e-01
1.009691804647445679e-01
1.009749770164489746e-01
1.009808629751205444e-01
1.009867042303085327e-01
1.009925156831741333e-01
1.009983867406845093e-01
1.010041683912277222e-01
1.010100096464157104e-01
1.010157614946365356e-01
1.010216325521469116e-01
1.010275036096572876e-01
1.010332554578781128e-01
1.010391116142272949e-01
1.010449379682540894e-01
1.010506898164749146e-01
1.010565012693405151e-01
1.010623127222061157e-01
1.010680943727493286e-01
1.010739356279373169e-01
1.010797172784805298e-01
1.010854840278625488e-01
1.010912656784057617e-01
1.010970324277877808e-01
1.011028438806533813e-01
1.011085957288742065e-01
1.011143773794174194e-01
1.011201590299606323e-01
1.011259406805038452e-01
1.011316627264022827e-01
1.011375039815902710e-01
1.011432260274887085e-01
1.011490225791931152e-01
1.011547595262527466e-01
1.011604815721511841e-01
1.011662632226943970e-01
1.011719852685928345e-01
1.011777967214584351e-01
1.011834293603897095e-01
1.011892706155776978e-01
1.011949926614761353e-01
1.012007147073745728e-01
1.012064665555953979e-01
1.012121587991714478e-01
1.012178808450698853e-01
1.012236326932907104e-01
1.012294143438339233e-01
1.012350171804428101e-01
1.012407690286636353e-01
1.012464910745620728e-01
1.012522429227828979e-01
1.012579351663589478e-01
1.012636274099349976e-01
1.012693494558334351e-01
1.012749671936035156e-01
1.012806892395019531e-01
1.012864261865615845e-01
1.012921184301376343e-01
1.012978404760360718e-01
1.013035029172897339e-01
1.013091355562210083e-01
1.013147979974746704e-01
1.013204902410507202e-01
1.013261675834655762e-01
1.013319343328475952e-01
1.013375073671340942e-01
1.013431996107101440e-01
1.013488620519638062e-01
1.013545542955398560e-01
1.013601571321487427e-01
1.013658046722412109e-01
1.013714820146560669e-01
1.013771295547485352e-01
1.013827770948410034e-01
1.013884097337722778e-01
1.013940423727035522e-01
1.013997346162796021e-01
1.014053076505661011e-01
1.014109700918197632e-01
1.014165878295898438e-01
1.014222055673599243e-01
1.014278382062911987e-01
1.014334708452224731e-01
1.014391034841537476e-01
1.014446765184402466e-01
1.014502793550491333e-01
1.014559119939804077e-01
1.014615148305892944e-01
1.014671176671981812e-01
1.014726758003234863e-01
1.014782637357711792e-01
1.014838963747024536e-01
1.014894694089889526e-01
1.014950722455978394e-01
1.015006303787231445e-01
1.015062183141708374e-01
1.015118211507797241e-01
1.015173941850662231e-01
1.015229672193527222e-01
1.015285402536392212e-01
1.015340834856033325e-01
1.015396267175674438e-01
1.015452295541763306e-01
1.015507429838180542e-01
1.015562862157821655e-01
1.015618890523910522e-01
1.015673875808715820e-01
1.015729755163192749e-01
1.015785187482833862e-01
1.015840321779251099e-01
1.015895754098892212e-01
1.015950590372085571e-01
1.016006469726562500e-01
1.016061455011367798e-01
1.016116589307785034e-01
1.016172021627426147e-01
1.016227155923843384e-01
1.016281992197036743e-01
1.016337722539901733e-01
1.016392558813095093e-01
1.016447544097900391e-01
1.016502231359481812e-01
1.016557067632675171e-01
1.016612797975540161e-01
1.016666740179061890e-01
1.016722172498703003e-01
1.016776412725448608e-01
1.016831994056701660e-01
1.016886383295059204e-01
1.016941070556640625e-01
1.016996055841445923e-01
1.017050594091415405e-01
1.017105430364608765e-01
1.017159670591354370e-01
1.017215102910995483e-01
1.017269343137741089e-01
1.017324179410934448e-01
1.017377972602844238e-01
1.017433255910873413e-01
1.017486900091171265e-01
1.017541736364364624e-01
1.017596125602722168e-01
1.017650216817855835e-01
1.017704755067825317e-01
1.017758846282958984e-01
1.017812937498092651e-01
1.017867773771286011e-01
1.017921715974807739e-01
1.017975956201553345e-01
1.018030494451522827e-01
1.018083840608596802e-01
1.018138974905014038e-01
1.018191725015640259e-01
1.018246263265609741e-01
1.018300205469131470e-01
1.018354445695877075e-01
1.018407940864562988e-01
1.018462181091308594e-01
1.018515378236770630e-01
1.018568873405456543e-01
1.018623262643814087e-01
1.018677502870559692e-01
1.018730551004409790e-01
1.018784493207931519e-01
1.018838435411453247e-01
1.018891483545303345e-01
1.018945425748825073e-01
1.018998771905899048e-01
1.019052416086196899e-01
1.019106060266494751e-01
1.019158810377120972e-01
1.019212752580642700e-01
1.019266098737716675e-01
1.019319891929626465e-01
1.019372493028640747e-01
1.019425541162490845e-01
1.019479185342788696e-01
1.019532084465026855e-01
1.019585728645324707e-01
1.019638776779174805e-01
1.019691824913024902e-01
1.019744724035263062e-01
1.019798070192337036e-01
1.019851416349411011e-01
1.019903570413589478e-01
1.019956916570663452e-01
1.020010262727737427e-01
1.020062565803527832e-01
1.020115464925765991e-01
1.020168215036392212e-01
1.020221263170242310e-01
1.020274013280868530e-01
1.020326167345046997e-01
1.020379215478897095e-01
1.020432263612747192e-01
1.020484715700149536e-01
1.020537018775939941e-01
1.020590066909790039e-01
1.020642518997192383e-01
1.020694822072982788e-01
1.020747572183609009e-01
1.020799726247787476e-01
1.020851880311965942e-01
1.020904630422592163e-01
1.020956486463546753e-01
1.021009534597396851e-01
1.021061092615127563e-01
1.021113842725753784e-01
1.021165996789932251e-01
1.021217852830886841e-01
1.021269708871841431e-01
1.021321415901184082e-01
1.021374315023422241e-01
1.021425724029541016e-01
1.021478027105331421e-01
1.021529585123062134e-01
1.021582335233688354e-01
1.021633893251419067e-01
1.021686345338821411e-01
1.021737307310104370e-01
1.021789163351058960e-01
1.021841317415237427e-01
1.021892875432968140e-01
1.021944433450698853e-01
1.021995544433593750e-01
1.022047847509384155e-01
1.022099405527114868e-01
1.022150367498397827e-01
1.022201925516128540e-01
1.022253483533859253e-01
1.022304445505142212e-01
1.022356599569320679e-01
1.022408157587051392e-01
1.022459715604782104e-01
1.022510677576065063e-01
1.022561639547348022e-01
1.022612899541854858e-01
1.022664159536361694e-01
1.022714823484420776e-01
1.022766381502151489e-01
1.022817492485046387e-01
1.022868603467941284e-01
1.022919416427612305e-01
1.022969931364059448e-01
1.023020893335342407e-01
1.023071855306625366e-01
1.023122817277908325e-01
1.023173779249191284e-01
1.023225188255310059e-01
1.023276001214981079e-01
1.023326367139816284e-01
1.023377031087875366e-01
1.023427695035934448e-01
1.023478657007217407e-01
1.023529022932052612e-01
1.023579239845275879e-01
1.023630052804946899e-01
1.023680716753005981e-01
1.023731380701065063e-01
1.023781746625900269e-01
1.023831814527511597e-01
1.023881882429122925e-01
1.023932546377182007e-01
1.023982614278793335e-01
1.024032831192016602e-01
1.024083048105239868e-01
1.024133712053298950e-01
1.024183183908462524e-01
1.024233549833297729e-01
1.024283617734909058e-01
1.024334281682968140e-01
1.024383455514907837e-01
1.024433523416519165e-01
1.024483293294906616e-01
1.024533361196517944e-01
1.024583429098129272e-01
1.024632900953292847e-01
1.024682670831680298e-01
1.024732738733291626e-01
1.024782061576843262e-01
1.024832576513290405e-01
1.024881750345230103e-01
1.024930924177169800e-01
1.024980694055557251e-01
1.025030612945556641e-01
1.025079637765884399e-01
1.025129109621047974e-01
1.025178879499435425e-01
1.025227904319763184e-01
1.025277227163314819e-01
1.025327444076538086e-01
1.025376170873641968e-01
1.025425344705581665e-01
1.025474518537521362e-01
1.025523543357849121e-01
1.025571972131729126e-01
1.025621891021728516e-01
1.025670915842056274e-01
1.025719791650772095e-01
1.025768369436264038e-01
1.025817841291427612e-01
1.025866270065307617e-01
1.025915294885635376e-01
1.025964170694351196e-01
1.026013046503067017e-01
1.026061773300170898e-01
1.026110649108886719e-01
1.026159673929214478e-01
1.026208251714706421e-01
1.026256680488586426e-01
1.026305109262466431e-01
1.026353687047958374e-01
1.026402264833450317e-01
1.026451140642166138e-01
1.026498824357986450e-01
1.026547402143478394e-01
1.026595979928970337e-01
1.026644557714462280e-01
1.026692837476730347e-01
1.026740819215774536e-01
1.026788949966430664e-01
1.026837378740310669e-01
1.026885658502578735e-01
1.026933789253234863e-01
1.026981472969055176e-01
1.027030199766159058e-01
1.027077287435531616e-01
1.027125567197799683e-01
1.027173548936843872e-01
1.027221530675888062e-01
1.027268767356872559e-01
1.027317047119140625e-01
1.027364581823348999e-01
1.027412563562393188e-01
1.027460843324661255e-01
1.027507781982421875e-01
1.027555614709854126e-01
1.027603149414062500e-01
1.027650684118270874e-01
1.027698367834091187e-01
1.027745753526687622e-01
1.027793288230895996e-01
1.027840226888656616e-01
1.027887612581253052e-01
1.027935147285461426e-01
1.027982980012893677e-01
1.028029918670654297e-01
1.028076857328414917e-01
1.028123944997787476e-01
1.028171628713607788e-01
1.028218418359756470e-01
1.028265506029129028e-01
1.028312593698501587e-01
1.028359979391098022e-01
1.028406769037246704e-01
1.028453558683395386e-01
1.028500348329544067e-01
1.028548032045364380e-01
1.028594225645065308e-01
1.028641313314437866e-01
1.028687506914138794e-01
1.028734594583511353e-01
1.028780937194824219e-01
1.028828173875808716e-01
1.028874367475509644e-01
1.028920561075210571e-01
1.028967946767807007e-01
1.029013246297836304e-01
1.029060482978820801e-01
1.029106825590133667e-01
1.029152721166610718e-01
1.029199212789535522e-01
1.029245406389236450e-01
1.029291898012161255e-01
1.029338389635086060e-01
1.029384285211563110e-01
1.029430478811264038e-01
1.029476970434188843e-01
1.029522866010665894e-01
1.029568761587142944e-01
1.029614955186843872e-01
1.029660552740097046e-01
1.029706746339797974e-01
1.029752045869827271e-01
1.029798239469528198e-01
1.029844135046005249e-01
1.029889583587646484e-01
1.029935330152511597e-01
1.029981523752212524e-01
1.030026823282241821e-01
1.030072718858718872e-01
1.030118614435195923e-01
1.030163317918777466e-01
1.030208915472030640e-01
1.030254811048507690e-01
1.030299514532089233e-01
1.030344814062118530e-01
1.030391007661819458e-01
1.030436307191848755e-01
1.030480861663818359e-01
1.030526608228683472e-01
1.030571907758712769e-01
1.030617207288742065e-01
1.030662208795547485e-01
1.030706614255905151e-01
1.030751615762710571e-01
1.030796915292739868e-01
1.030842214822769165e-01
1.030887216329574585e-01
1.030932217836380005e-01
1.030976623296737671e-01
1.031021624803543091e-01
1.031066328287124634e-01
1.031111329793930054e-01
1.031155735254287720e-01
1.031200140714645386e-01
1.031245440244674683e-01
1.031289696693420410e-01
1.031334549188613892e-01
1.031378954648971558e-01
1.031423658132553101e-01
1.031467765569686890e-01
1.031512022018432617e-01
1.031556725502014160e-01
1.031600981950759888e-01
1.031645089387893677e-01
1.031689494848251343e-01
1.031733602285385132e-01
1.031777858734130859e-01
1.031821817159652710e-01
1.031865924596786499e-01
1.031910032033920288e-01
1.031953543424606323e-01
1.031998246908187866e-01
1.032041758298873901e-01
1.032086014747619629e-01
1.032129973173141479e-01
1.032173782587051392e-01
1.032217592000961304e-01
1.032261103391647339e-01
1.032304912805557251e-01
1.032348424196243286e-01
1.032392531633377075e-01
1.032435745000839233e-01
1.032478958368301392e-01
1.032522469758987427e-01
1.032566279172897339e-01
1.032609343528747559e-01
1.032653003931045532e-01
1.032696813344955444e-01
1.032739728689193726e-01
1.032782644033432007e-01
1.032825857400894165e-01
1.032869666814804077e-01
1.032912880182266235e-01
1.032955497503280640e-01
1.032999306917190552e-01
1.033041626214981079e-01
1.033084988594055176e-01
1.033128350973129272e-01
1.033170968294143677e-01
1.033213287591934204e-01
1.033256798982620239e-01
1.033299714326858521e-01
1.033342331647872925e-01
1.033385246992111206e-01
1.033427715301513672e-01
1.033470779657363892e-01
1.033512800931930542e-01
1.033556014299392700e-01
1.033598333597183228e-01
1.033641099929809570e-01
1.033683568239212036e-01
1.033725887537002563e-01
1.033768206834793091e-01
1.033810228109359741e-01
1.033853143453598022e-01
1.033895164728164673e-01
1.033936887979507446e-01
1.033979505300521851e-01
1.034021526575088501e-01
1.034064143896102905e-01
1.034106165170669556e-01
1.034148186445236206e-01
1.034190207719802856e-01
1.034231632947921753e-01
1.034273952245712280e-01
1.034315973520278931e-01
1.034358143806457520e-01
1.034399420022964478e-01
1.034441739320755005e-01
1.034483462572097778e-01
1.034524291753768921e-01
1.034566313028335571e-01
1.034608036279678345e-01
1.034649759531021118e-01
1.034691184759140015e-01
1.034733206033706665e-01
1.034774631261825562e-01
1.034815460443496704e-01
1.034857183694839478e-01
1.034898906946182251e-01
1.034940034151077271e-01
1.034981161355972290e-01
1.035022586584091187e-01
1.035063415765762329e-01
1.035104393959045410e-01
1.035145521163940430e-01
1.035186797380447388e-01
1.035227924585342407e-01
1.035269945859909058e-01
1.035310178995132446e-01
1.035350710153579712e-01
1.035392135381698608e-01
1.035432666540145874e-01
1.035473495721817017e-01
1.035514324903488159e-01
1.035554856061935425e-01
1.035595983266830444e-01
1.035636216402053833e-01
1.035676747560501099e-01
1.035717576742172241e-01
1.035758107900619507e-01
1.035798639059066772e-01
1.035839170217514038e-01
1.035879701375961304e-01
1.035919934511184692e-01
1.035960167646408081e-01
1.036000698804855347e-01
1.036040931940078735e-01
