6.667805463075637817e-02
6.671405583620071411e-02
6.675003468990325928e-02
6.678600609302520752e-02
6.682209670543670654e-02
6.685824692249298096e-02
6.689440459012985229e-02
6.693059951066970825e-02
6.696678698062896729e-02
6.700313091278076172e-02
6.703943759202957153e-02
6.707585602998733521e-02
6.711222976446151733e-02
6.714869290590286255e-02
6.718517094850540161e-02
6.722176820039749146e-02
6.725826114416122437e-02
6.729484349489212036e-02
6.733154505491256714e-02
6.736815720796585083e-02
6.740486621856689453e-02
6.744162738323211670e-02
6.747842580080032349e-02
6.751525402069091797e-02
6.755210459232330322e-02
6.758899241685867310e-02
6.762588769197463989e-02
6.766282767057418823e-02
6.769979745149612427e-02
6.773679703474044800e-02
6.777386367321014404e-02
6.781091541051864624e-02
6.784796714782714844e-02
6.788510829210281372e-02
6.792224198579788208e-02
6.795947253704071045e-02
6.799662858247756958e-02
6.803388148546218872e-02
6.807117164134979248e-02
6.810844689607620239e-02
6.814574450254440308e-02
6.818301230669021606e-02
6.822036951780319214e-02
6.825774908065795898e-02
6.829514354467391968e-02
6.833256036043167114e-02
6.836997717618942261e-02
6.840742379426956177e-02
6.844490766525268555e-02
6.848239898681640625e-02
6.851984560489654541e-02
6.855737417936325073e-02
6.859492510557174683e-02
6.863243877887725830e-02
6.867001950740814209e-02
6.870760768651962280e-02
6.874518841505050659e-02
6.878279894590377808e-02
6.882046163082122803e-02
6.885803490877151489e-02
6.889574974775314331e-02
6.893341243267059326e-02
6.897104531526565552e-02
6.900875270366668701e-02
6.904643028974533081e-02
6.908410042524337769e-02
6.912179291248321533e-02
6.915950030088424683e-02
6.919719278812408447e-02
6.923495233058929443e-02
6.927268952131271362e-02
6.931041181087493896e-02
6.934815645217895508e-02
6.938593089580535889e-02
6.942366063594818115e-02
6.946144998073577881e-02
6.949914991855621338e-02
6.953690946102142334e-02
6.957469880580902100e-02
6.961243599653244019e-02
6.965018808841705322e-02
6.968795508146286011e-02
6.972574442625045776e-02
6.976343691349029541e-02
6.980127096176147461e-02
6.983895599842071533e-02
6.987673789262771606e-02
6.991452723741531372e-02
6.995218247175216675e-02
6.998991221189498901e-02
7.002770155668258667e-02
7.006540149450302124e-02
7.010316848754882812e-02
7.014084607362747192e-02
7.017857581377029419e-02
7.021625339984893799e-02
7.025394588708877563e-02
7.029164582490921021e-02
7.032931596040725708e-02
7.036698609590530396e-02
7.040464133024215698e-02
7.044226676225662231e-02
7.047991454601287842e-02
7.051754742860794067e-02
7.055513560771942139e-02
7.059270143508911133e-02
7.063028961420059204e-02
7.066790759563446045e-02
7.070546597242355347e-02
7.074289768934249878e-02
7.078046351671218872e-02
7.081793993711471558e-02
7.085549086332321167e-02
7.089299708604812622e-02
7.093036919832229614e-02
7.096780091524124146e-02
7.100524008274078369e-02
7.104266434907913208e-02
7.108007371425628662e-02
7.111740857362747192e-02
7.115476578474044800e-02
7.119210064411163330e-02
7.122935354709625244e-02
7.126667350530624390e-02
7.130391150712966919e-02
7.134117186069488525e-02
7.137840241193771362e-02
7.141555100679397583e-02
7.145278900861740112e-02
7.148986309766769409e-02
7.152695953845977783e-02
7.156407088041305542e-02
7.160120457410812378e-02
7.163821905851364136e-02
7.167518883943557739e-02
7.171220332384109497e-02
7.174921035766601562e-02
7.178616523742675781e-02
7.182307541370391846e-02
7.185994088649749756e-02
7.189678400754928589e-02
7.193361967802047729e-02
7.197035104036331177e-02
7.200716435909271240e-02
7.204388082027435303e-02
7.208060473203659058e-02
7.211727648973464966e-02
7.215393334627151489e-02
7.219053804874420166e-02
7.222709804773330688e-02
7.226365059614181519e-02
7.230017334222793579e-02
7.233668118715286255e-02
7.237314432859420776e-02
7.240951806306838989e-02
7.244594395160675049e-02
7.248232513666152954e-02
7.251857966184616089e-02
7.255487889051437378e-02
7.259112596511840820e-02
7.262735813856124878e-02
7.266354560852050781e-02
7.269965857267379761e-02
7.273577153682708740e-02
7.277183979749679565e-02
7.280786335468292236e-02
7.284385710954666138e-02
7.287977635860443115e-02
7.291571795940399170e-02
7.295162230730056763e-02
7.298748940229415894e-02
7.302325218915939331e-02
7.305902242660522461e-02
7.309484481811523438e-02
7.313048839569091797e-02
7.316607981920242310e-02
7.320172339677810669e-02
7.323729991912841797e-02
7.327281683683395386e-02
7.330828160047531128e-02
7.334373146295547485e-02
7.337917387485504150e-02
7.341451197862625122e-02
7.344983518123626709e-02
7.348512858152389526e-02
7.352037727832794189e-02
7.355558872222900391e-02
7.359075546264648438e-02
7.362587749958038330e-02
7.366091758012771606e-02
7.369600981473922729e-02
7.373094558715820312e-02
7.376589626073837280e-02
7.380079478025436401e-02
7.383565604686737061e-02
7.387048751115798950e-02
7.390522211790084839e-02
7.393997907638549805e-02
7.397461682558059692e-02
7.400929927825927734e-02
7.404391467571258545e-02
7.407844811677932739e-02
7.411293685436248779e-02
7.414741069078445435e-02
7.418180257081985474e-02
7.421617954969406128e-02
7.425045222043991089e-02
7.428477704524993896e-02
7.431900501251220703e-02
7.435316592454910278e-02
7.438732683658599854e-02
7.442141324281692505e-02
7.445548474788665771e-02
7.448947429656982422e-02
7.452344149351119995e-02
7.455731928348541260e-02
7.459117472171783447e-02
7.462506741285324097e-02
7.465875893831253052e-02
7.469253987073898315e-02
7.472617179155349731e-02
7.475984841585159302e-02
7.479339838027954102e-02
7.482691109180450439e-02
7.486038655042648315e-02
7.489383965730667114e-02
7.492726296186447144e-02
7.496059685945510864e-02
7.499390840530395508e-02
7.502717524766921997e-02
7.506037503480911255e-02
7.509350031614303589e-02
7.512658834457397461e-02
7.515965402126312256e-02
7.519269734621047974e-02
7.522565126419067383e-02
7.525854557752609253e-02
7.529138773679733276e-02
7.532424479722976685e-02
7.535700500011444092e-02
7.538973540067672729e-02
7.542247325181961060e-02
7.545504719018936157e-02
7.548762112855911255e-02
7.552016526460647583e-02
7.555265724658966064e-02
7.558511197566986084e-02
7.561750710010528564e-02
7.564985752105712891e-02
7.568210363388061523e-02
7.571435719728469849e-02
7.574658095836639404e-02
7.577871531248092651e-02
7.581083476543426514e-02
7.584284245967864990e-02
7.587485015392303467e-02
7.590681314468383789e-02
7.593871653079986572e-02
7.597059756517410278e-02
7.600242644548416138e-02
7.603417336940765381e-02
7.606589794158935547e-02
7.609762996435165405e-02
7.612925767898559570e-02
7.616078853607177734e-02
7.619230449199676514e-02
7.622374594211578369e-02
7.625524699687957764e-02
7.628662139177322388e-02
7.631798088550567627e-02
7.634925097227096558e-02
7.638048380613327026e-02
7.641167193651199341e-02
7.644288986921310425e-02
7.647397369146347046e-02
7.650505006313323975e-02
7.653601467609405518e-02
7.656694203615188599e-02
7.659791409969329834e-02
7.662875205278396606e-02
7.665960490703582764e-02
7.669042795896530151e-02
7.672109454870223999e-02
7.675182819366455078e-02
7.678247243165969849e-02
7.681304961442947388e-02
7.684367150068283081e-02
7.687414437532424927e-02
7.690463960170745850e-02
7.693495601415634155e-02
7.696538418531417847e-02
7.699570804834365845e-02
7.702595740556716919e-02
7.705618441104888916e-02
7.708639651536941528e-02
7.711654901504516602e-02
7.714664191007614136e-02
7.717667520046234131e-02
7.720667868852615356e-02
7.723663002252578735e-02
7.726652175188064575e-02
7.729639112949371338e-02
7.732623070478439331e-02
7.735602557659149170e-02
7.738578319549560547e-02
7.741547375917434692e-02
7.744510471820831299e-02
7.747472822666168213e-02
7.750428467988967896e-02
7.753386348485946655e-02
7.756328582763671875e-02
7.759274542331695557e-02
7.762212306261062622e-02
7.765155285596847534e-02
7.768083363771438599e-02
7.771009951829910278e-02
7.773933559656143188e-02
7.776851952075958252e-02
7.779764384031295776e-02
7.782673835754394531e-02
7.785583287477493286e-02
7.788484543561935425e-02
7.791382819414138794e-02
7.794277369976043701e-02
7.797163724899291992e-02
7.800047844648361206e-02
7.802928239107131958e-02
7.805802673101425171e-02
7.808680087327957153e-02
7.811546325683593750e-02
7.814420014619827271e-02
7.817274332046508789e-02
7.820135354995727539e-02
7.822989672422409058e-02
7.825838774442672729e-02
7.828681170940399170e-02
7.831519097089767456e-02
7.834363728761672974e-02
7.837199419736862183e-02
7.840027660131454468e-02
7.842851430177688599e-02
7.845670729875564575e-02
7.848490774631500244e-02
7.851304113864898682e-02
7.854115962982177734e-02
7.856921851634979248e-02
7.859731465578079224e-02
7.862521708011627197e-02
7.865320146083831787e-02
7.868111878633499146e-02
7.870899140834808350e-02
7.873690873384475708e-02
7.876468449831008911e-02
7.879251241683959961e-02
7.882022112607955933e-02
7.884794473648071289e-02
7.887561619281768799e-02
7.890319824218750000e-02
7.893084734678268433e-02
7.895832508802413940e-02
7.898588478565216064e-02
7.901340723037719727e-02
7.904086261987686157e-02
7.906830310821533203e-02
7.909562438726425171e-02
7.912297546863555908e-02
7.915031164884567261e-02
7.917766273021697998e-02
7.920486479997634888e-02
7.923204451799392700e-02
7.925926893949508667e-02
7.928641140460968018e-02
7.931356132030487061e-02
7.934058457612991333e-02
7.936771214008331299e-02
7.939472049474716187e-02
7.942170649766921997e-02
7.944864779710769653e-02
7.947557419538497925e-02
7.950246334075927734e-02
7.952938228845596313e-02
7.955610007047653198e-02
7.958298176527023315e-02
7.960972934961318970e-02
7.963646203279495239e-02
7.966320216655731201e-02
7.968984544277191162e-02
7.971654832363128662e-02
7.974310219287872314e-02
7.976971566677093506e-02
7.979624718427658081e-02
7.982272654771804810e-02
7.984925061464309692e-02
7.987571507692337036e-02
7.990210503339767456e-02
7.992851734161376953e-02
7.995495945215225220e-02
7.998125255107879639e-02
8.000760525465011597e-02
8.003392070531845093e-02
8.006014674901962280e-02
8.008639514446258545e-02
8.011264353990554810e-02
8.013875037431716919e-02
8.016491681337356567e-02
8.019103109836578369e-02
8.021717518568038940e-02
8.024318516254425049e-02
8.026932924985885620e-02
8.029525727033615112e-02
8.032123744487762451e-02
8.034722506999969482e-02
8.037316799163818359e-02
8.039910346269607544e-02
8.042495697736740112e-02
8.045081794261932373e-02
8.047662675380706787e-02
8.050246536731719971e-02
8.052824437618255615e-02
8.055400103330612183e-02
8.057975023984909058e-02
8.060543984174728394e-02
8.063107728958129883e-02
8.065677434206008911e-02
8.068239688873291016e-02
8.070798218250274658e-02
8.073364198207855225e-02
8.075911551713943481e-02
8.078466355800628662e-02
8.081020414829254150e-02
8.083568513393402100e-02
8.086116611957550049e-02
8.088658004999160767e-02
8.091198652982711792e-02
8.093737065792083740e-02
8.096271753311157227e-02
8.098810166120529175e-02
8.101338893175125122e-02
8.103872090578079224e-02
8.106397092342376709e-02
8.108925074338912964e-02
8.111445605754852295e-02
8.113968372344970703e-02
8.116484433412551880e-02
8.119003474712371826e-02
8.121518790721893311e-02
8.124034106731414795e-02
8.126540482044219971e-02
8.129053562879562378e-02
8.131557703018188477e-02
8.134060353040695190e-02
8.136565983295440674e-02
8.139061182737350464e-02
8.141560107469558716e-02
8.144056797027587891e-02
8.146548271179199219e-02
8.149039000272750854e-02
8.151526749134063721e-02
8.154011517763137817e-02
8.156504482030868530e-02
8.158982545137405396e-02
8.161468058824539185e-02
8.163948357105255127e-02
8.166422694921493530e-02
8.168897777795791626e-02
8.171375095844268799e-02
8.173840492963790894e-02
8.176317065954208374e-02
8.178777992725372314e-02
8.181244134902954102e-02
8.183712512254714966e-02
8.186173439025878906e-02
8.188635855913162231e-02
8.191091567277908325e-02
8.193551748991012573e-02
8.196002990007400513e-02
8.198451250791549683e-02
8.200908452272415161e-02
8.203353732824325562e-02
8.205804973840713501e-02
8.208249509334564209e-02
8.210696280002593994e-02
8.213137835264205933e-02
8.215575665235519409e-02
8.218016475439071655e-02
8.220451325178146362e-02
8.222887665033340454e-02
8.225317299365997314e-02
8.227747678756713867e-02
8.230174332857131958e-02
8.232606202363967896e-02
8.235030621290206909e-02
8.237452059984207153e-02
8.239877969026565552e-02
8.242297172546386719e-02
8.244719356298446655e-02
8.247131109237670898e-02
8.249544352293014526e-02
8.251964300870895386e-02
8.254379779100418091e-02
8.256787806749343872e-02
8.259200304746627808e-02
8.261602371931076050e-02
8.264010399580001831e-02
8.266413956880569458e-02
8.268819749355316162e-02
8.271218836307525635e-02
8.273618668317794800e-02
8.276015520095825195e-02
8.278410881757736206e-02
8.280801028013229370e-02
8.283197134733200073e-02
8.285588026046752930e-02
8.287976682186126709e-02
8.290368318557739258e-02
8.292751014232635498e-02
8.295142650604248047e-02
8.297520130872726440e-02
8.299900591373443604e-02
8.302284777164459229e-02
8.304661512374877930e-02
8.307038992643356323e-02
8.309411257505416870e-02
8.311785012483596802e-02
8.314161747694015503e-02
8.316534012556076050e-02
8.318901807069778442e-02
8.321262151002883911e-02
8.323628455400466919e-02
8.325995504856109619e-02
8.328364789485931396e-02
8.330724388360977173e-02
8.333084732294082642e-02
8.335437625646591187e-02
8.337794989347457886e-02
8.340149372816085815e-02
8.342508971691131592e-02
8.344858139753341675e-02
8.347208052873611450e-02
8.349559456110000610e-02
8.351903408765792847e-02
8.354251086711883545e-02
8.356597274541854858e-02
8.358941972255706787e-02
8.361285179853439331e-02
8.363623172044754028e-02
8.365958929061889648e-02
8.368302136659622192e-02
8.370632678270339966e-02
8.372963964939117432e-02
8.375298231840133667e-02
8.377628773450851440e-02
8.379955589771270752e-02
8.382289111614227295e-02
8.384613692760467529e-02
8.386938273906707764e-02
8.389256894588470459e-02
8.391581475734710693e-02
8.393897861242294312e-02
8.396221697330474854e-02
8.398537337779998779e-02
8.400852233171463013e-02
8.403164893388748169e-02
8.405477553606033325e-02
8.407789468765258789e-02
8.410096913576126099e-02
8.412411063909530640e-02
8.414704352617263794e-02
8.417017757892608643e-02
8.419328182935714722e-02
8.421619236469268799e-02
8.423923701047897339e-02
8.426220715045928955e-02
8.428519219160079956e-02
8.430809527635574341e-02
8.433104306459426880e-02
8.435402810573577881e-02
8.437693864107131958e-02
8.439971506595611572e-02
8.442263305187225342e-02
8.444553613662719727e-02
8.446835726499557495e-02
8.449115604162216187e-02
8.451402187347412109e-02
8.453680574893951416e-02
8.455955982208251953e-02
8.458235114812850952e-02
8.460509032011032104e-02
8.462779968976974487e-02
8.465050160884857178e-02
8.467322587966918945e-02
8.469589054584503174e-02
8.471857756376266479e-02
8.474122732877731323e-02
8.476383984088897705e-02
8.478647470474243164e-02
8.480910956859588623e-02
8.483166992664337158e-02
8.485422283411026001e-02
8.487679064273834229e-02
8.489931374788284302e-02
8.492181450128555298e-02
8.494437485933303833e-02
8.496679365634918213e-02
8.498930931091308594e-02
8.501171320676803589e-02
8.503414690494537354e-02
8.505653589963912964e-02
8.507902920246124268e-02
8.510136604309082031e-02
8.512373268604278564e-02
8.514612168073654175e-02
8.516842126846313477e-02
8.519075810909271240e-02
8.521304279565811157e-02
8.523529767990112305e-02
8.525754511356353760e-02
8.527984470129013062e-02
8.530198782682418823e-02
8.532423526048660278e-02
8.534640818834304810e-02
8.536855876445770264e-02
8.539073169231414795e-02
8.541288226842880249e-02
8.543498814105987549e-02
8.545710146427154541e-02
8.547918498516082764e-02
8.550124615430831909e-02
8.552326261997222900e-02
8.554535359144210815e-02
8.556731045246124268e-02
8.558934181928634644e-02
8.561129122972488403e-02
8.563320338726043701e-02
8.565516024827957153e-02
8.567703515291213989e-02
8.569898456335067749e-02
8.572078496217727661e-02
8.574271947145462036e-02
8.576454967260360718e-02
8.578635752201080322e-02
8.580815047025680542e-02
8.582992106676101685e-02
8.585168421268463135e-02
8.587343245744705200e-02
8.589512854814529419e-02
8.591683208942413330e-02
8.593855053186416626e-02
8.596019446849822998e-02
8.598182350397109985e-02
8.600342273712158203e-02
8.602505177259445190e-02
8.604656904935836792e-02
8.606822788715362549e-02
8.608977496623992920e-02
8.611124008893966675e-02
8.613274246454238892e-02
8.615417778491973877e-02
8.617563545703887939e-02
8.619713038206100464e-02
8.621852099895477295e-02
8.623985946178436279e-02
8.626122027635574341e-02
8.628261834383010864e-02
8.630394190549850464e-02
8.632522076368331909e-02
8.634655922651290894e-02
8.636779338121414185e-02
8.638901263475418091e-02
8.641029149293899536e-02
8.643145114183425903e-02
8.645261079072952271e-02
8.647380024194717407e-02
8.649490773677825928e-02
8.651602268218994141e-02
8.653707802295684814e-02
8.655817061662673950e-02
8.657918870449066162e-02
8.660023659467697144e-02
8.662121742963790894e-02
8.664220571517944336e-02
8.666311949491500854e-02
8.668410032987594604e-02
8.670498430728912354e-02
8.672589063644409180e-02
8.674674481153488159e-02
8.676753193140029907e-02
8.678834140300750732e-02
8.680913597345352173e-02
8.682990819215774536e-02
8.685063570737838745e-02
8.687131851911544800e-02
8.689206838607788086e-02
8.691274374723434448e-02
8.693337440490722656e-02
8.695399761199951172e-02
8.697455376386642456e-02
8.699512481689453125e-02
8.701563626527786255e-02
8.703622967004776001e-02
8.705674856901168823e-02
8.707714825868606567e-02
8.709757775068283081e-02
8.711803704500198364e-02
8.713839948177337646e-02
8.715879172086715698e-02
8.717913180589675903e-02
8.719946444034576416e-02
8.721973747014999390e-02
8.724002540111541748e-02
8.726022392511367798e-02
8.728045970201492310e-02
8.730066567659378052e-02
8.732081204652786255e-02
8.734095841646194458e-02
8.736103028059005737e-02
8.738117665052413940e-02
8.740125596523284912e-02
8.742124587297439575e-02
8.744125068187713623e-02
8.746124804019927979e-02
8.748125284910202026e-02
8.750111609697341919e-02
8.752100169658660889e-02
8.754088729619979858e-02
8.756072819232940674e-02
8.758056163787841797e-02
8.760034292936325073e-02
8.762013167142868042e-02
8.763986080884933472e-02
8.765953034162521362e-02
8.767925947904586792e-02
8.769886195659637451e-02
8.771854639053344727e-02
8.773810416460037231e-02
8.775769919157028198e-02
8.777715265750885010e-02
8.779671043157577515e-02
8.781618624925613403e-02
8.783565461635589600e-02
8.785504847764968872e-02
8.787442743778228760e-02
8.789383620023727417e-02
8.791317045688629150e-02
8.793248236179351807e-02
8.795176446437835693e-02
8.797102421522140503e-02
8.799017965793609619e-02
8.800937235355377197e-02
8.802861720323562622e-02
8.804772794246673584e-02
8.806682378053665161e-02
8.808589726686477661e-02
8.810491114854812622e-02
8.812393993139266968e-02
8.814297616481781006e-02
8.816187083721160889e-02
8.818079531192779541e-02
8.819967508316040039e-02
8.821856230497360229e-02
8.823740482330322266e-02
8.825618773698806763e-02
8.827497065067291260e-02
8.829369395971298218e-02
8.831243962049484253e-02
8.833108097314834595e-02
8.834975212812423706e-02
8.836840838193893433e-02
8.838699012994766235e-02
8.840553462505340576e-02
8.842402696609497070e-02
8.844255656003952026e-02
8.846097439527511597e-02
8.847940713167190552e-02
8.849786221981048584e-02
8.851621299982070923e-02
8.853452652692794800e-02
8.855283260345458984e-02
8.857107907533645630e-02
8.858931809663772583e-02
8.860755711793899536e-02
8.862573653459548950e-02
8.864381164312362671e-02
8.866195380687713623e-02
8.868002146482467651e-02
8.869812637567520142e-02
8.871610462665557861e-02
8.873405307531356812e-02
8.875198662281036377e-02
8.876992017030715942e-02
8.878784626722335815e-02
8.880569785833358765e-02
8.882355690002441406e-02
8.884125202894210815e-02
8.885903656482696533e-02
8.887671679258346558e-02
8.889441937208175659e-02
8.891201764345169067e-02
8.892966061830520630e-02
8.894725143909454346e-02
8.896481245756149292e-02
8.898232132196426392e-02
8.899984508752822876e-02
8.901726454496383667e-02
8.903473615646362305e-02
8.905205875635147095e-02
8.906938880681991577e-02
8.908671140670776367e-02
8.910404145717620850e-02
8.912121504545211792e-02
8.913850784301757812e-02
8.915568143129348755e-02
8.917278796434402466e-02
8.918990194797515869e-02
8.920700848102569580e-02
8.922403305768966675e-02
8.924102038145065308e-02
8.925802260637283325e-02
8.927498012781143188e-02
8.929183334112167358e-02
8.930871635675430298e-02
8.932550251483917236e-02
8.934233337640762329e-02
8.935910463333129883e-02
8.937579393386840820e-02
8.939252048730850220e-02
8.940921723842620850e-02
8.942585438489913940e-02
8.944241702556610107e-02
8.945893496274948120e-02
8.947550505399703979e-02
8.949197083711624146e-02
8.950840681791305542e-02
8.952487260103225708e-02
8.954119682312011719e-02
8.955753594636917114e-02
8.957384526729583740e-02
8.959011733531951904e-02
8.960632979869842529e-02
8.962254226207733154e-02
8.963865786790847778e-02
8.965485543012619019e-02
8.967090398073196411e-02
8.968698978424072266e-02
8.970295637845993042e-02
8.971899002790451050e-02
8.973496407270431519e-02
8.975087106227874756e-02
8.976680040359497070e-02
8.978259563446044922e-02
8.979835361242294312e-02
8.981412649154663086e-02
8.982986956834793091e-02
8.984553068876266479e-02
8.986119925975799561e-02
8.987686783075332642e-02
8.989244699478149414e-02
8.990798890590667725e-02
8.992347866296768188e-02
8.993897587060928345e-02
8.995442837476730347e-02
8.996981382369995117e-02
8.998513966798782349e-02
9.000056236982345581e-02
9.001583606004714966e-02
9.003112465143203735e-02
9.004627913236618042e-02
9.006150066852569580e-02
9.007663279771804810e-02
9.009176492691040039e-02
9.010685980319976807e-02
9.012192487716674805e-02
9.013687819242477417e-02
9.015183895826339722e-02
9.016678482294082642e-02
9.018166363239288330e-02
9.019655734300613403e-02
9.021137654781341553e-02
9.022616595029830933e-02
9.024088829755783081e-02
9.025561809539794922e-02
9.027023613452911377e-02
9.028493613004684448e-02
9.029950946569442749e-02
9.031410515308380127e-02
9.032864123582839966e-02
9.034312516450881958e-02
9.035756438970565796e-02
9.037201851606369019e-02
9.038636833429336548e-02
9.040070325136184692e-02
9.041500091552734375e-02
9.042931348085403442e-02
9.044349193572998047e-02
9.045775234699249268e-02
9.047190845012664795e-02
9.048599749803543091e-02
9.050010144710540771e-02
9.051413089036941528e-02
9.052813798189163208e-02
9.054207056760787964e-02
9.055607765913009644e-02
9.056999534368515015e-02
9.058386832475662231e-02
9.059765189886093140e-02
9.061150997877120972e-02
9.062527865171432495e-02
9.063893556594848633e-02
9.065257757902145386e-02
9.066628664731979370e-02
9.067990630865097046e-02
9.069346636533737183e-02
9.070695936679840088e-02
9.072046726942062378e-02
9.073393791913986206e-02
9.074742347002029419e-02
9.076076000928878784e-02
9.077412635087966919e-02
9.078742563724517822e-02
9.080071002244949341e-02
9.081392735242843628e-02
9.082717448472976685e-02
9.084033221006393433e-02
9.085350483655929565e-02
9.086655825376510620e-02
9.087961167097091675e-02
9.089265763759613037e-02
9.090561419725418091e-02
9.091860800981521606e-02
9.093149006366729736e-02
9.094435721635818481e-02
9.095720946788787842e-02
9.096998721361160278e-02
9.098277986049652100e-02
9.099554270505905151e-02
9.100818634033203125e-02
9.102084487676620483e-02
9.103351086378097534e-02
9.104610234498977661e-02
9.105867892503738403e-02
9.107118099927902222e-02
9.108369052410125732e-02
9.109604358673095703e-02
9.110850095748901367e-02
9.112088382244110107e-02
9.113317728042602539e-02
9.114552289247512817e-02
9.115777164697647095e-02
9.116995334625244141e-02
9.118222445249557495e-02
9.119433909654617310e-02
9.120649099349975586e-02
9.121851623058319092e-02
9.123058617115020752e-02
9.124261885881423950e-02
9.125459939241409302e-02
9.126650542020797729e-02
9.127844125032424927e-02
9.129030257463455200e-02
9.130215644836425781e-02
9.131396561861038208e-02
9.132575988769531250e-02
9.133744984865188599e-02
9.134913980960845947e-02
9.136085957288742065e-02
9.137243032455444336e-02
9.138403087854385376e-02
9.139559417963027954e-02
9.140708297491073608e-02
9.141857177019119263e-02
9.143004566431045532e-02
9.144144505262374878e-02
9.145285189151763916e-02
9.146421402692794800e-02
9.147553890943527222e-02
9.148681908845901489e-02
9.149800986051559448e-02
9.150924533605575562e-02
9.152036905288696289e-02
9.153156727552413940e-02
9.154260903596878052e-02
9.155371040105819702e-02
9.156475216150283813e-02
9.157576411962509155e-02
9.158670157194137573e-02
9.159767627716064453e-02
9.160853177309036255e-02
9.161943197250366211e-02
9.163026511669158936e-02
9.164105355739593506e-02
9.165181964635848999e-02
9.166259318590164185e-02
9.167327731847763062e-02
9.168393164873123169e-02
9.169457852840423584e-02
9.170513600111007690e-02
9.171580523252487183e-02
9.172625094652175903e-02
9.173677861690521240e-02
9.174723178148269653e-02
9.175764024257659912e-02
9.176803380250930786e-02
9.177839010953903198e-02
9.178871661424636841e-02
9.179908782243728638e-02
9.180932492017745972e-02
9.181958436965942383e-02
9.182977676391601562e-02
9.183992445468902588e-02
9.185004979372024536e-02
9.186018258333206177e-02
9.187024086713790894e-02
9.188025444746017456e-02
9.189032018184661865e-02
9.190023690462112427e-02
9.191018342971801758e-02
9.192018955945968628e-02
9.193003177642822266e-02
9.193991124629974365e-02
9.194968640804290771e-02
9.195942431688308716e-02
9.196925908327102661e-02
9.197890758514404297e-02
9.198861569166183472e-02
9.199826419353485107e-02
9.200786799192428589e-02
9.201752394437789917e-02
9.202707558870315552e-02
9.203656017780303955e-02
9.204608947038650513e-02
9.205555915832519531e-02
9.206504374742507935e-02
9.207443892955780029e-02
9.208383411169052124e-02
9.209318459033966064e-02
9.210246056318283081e-02
9.211176633834838867e-02
9.212101250886917114e-02
9.213025122880935669e-02
9.213943779468536377e-02
9.214866906404495239e-02
9.215774387121200562e-02
9.216684848070144653e-02
9.217594563961029053e-02
9.218499809503555298e-02
9.219402819871902466e-02
9.220301359891891479e-02
9.221196174621582031e-02
9.222095459699630737e-02
9.222983568906784058e-02
9.223868697881698608e-02
9.224758297204971313e-02
9.225635230541229248e-02
9.226513653993606567e-02
9.227387607097625732e-02
9.228260070085525513e-02
9.229133278131484985e-02
9.230001270771026611e-02
9.230859577655792236e-02
9.231721609830856323e-02
9.232585132122039795e-02
9.233445674180984497e-02
9.234295785427093506e-02
9.235144406557083130e-02
9.235994517803192139e-02
9.236835688352584839e-02
9.237678349018096924e-02
9.238515049219131470e-02
9.239351749420166016e-02
9.240183979272842407e-02
9.241010993719100952e-02
9.241842478513717651e-02
9.242670983076095581e-02
9.243487566709518433e-02
9.244310110807418823e-02
9.245131164789199829e-02
9.245944023132324219e-02
9.246759116649627686e-02
9.247564524412155151e-02
9.248369187116622925e-02
9.249174594879150391e-02
9.249974787235260010e-02
9.250776469707489014e-02
9.251570701599121094e-02
9.252364188432693481e-02
9.253151714801788330e-02
9.253941476345062256e-02
9.254725277423858643e-02
9.255512058734893799e-02
9.256298094987869263e-02
9.257071465253829956e-02
9.257846325635910034e-02
9.258618205785751343e-02
9.259395301342010498e-02
9.260158240795135498e-02
9.260927140712738037e-02
9.261689335107803345e-02
9.262447059154510498e-02
9.263200312852859497e-02
9.263957291841506958e-02
9.264712780714035034e-02
9.265463799238204956e-02
9.266214072704315186e-02
9.266962856054306030e-02
9.267700463533401489e-02
9.268443286418914795e-02
9.269183874130249023e-02
9.269917756319046021e-02
9.270655363798141479e-02
9.271385520696640015e-02
9.272117167711257935e-02
9.272842854261398315e-02
9.273564815521240234e-02
9.274282306432723999e-02
9.275012463331222534e-02
9.275729209184646606e-02
9.276439249515533447e-02
9.277155250310897827e-02
9.277863800525665283e-02
9.278570860624313354e-02
9.279280155897140503e-02
9.279983490705490112e-02
9.280683845281600952e-02
9.281386435031890869e-02
9.282077103853225708e-02
9.282778948545455933e-02
9.283472597599029541e-02
9.284166991710662842e-02
9.284853190183639526e-02
9.285545349121093750e-02
9.286223351955413818e-02
9.286899119615554810e-02
9.287588298320770264e-02
9.288264065980911255e-02
9.288936108350753784e-02
9.289617091417312622e-02
9.290283173322677612e-02
9.290952235460281372e-02
9.291625767946243286e-02
9.292285889387130737e-02
9.292960911989212036e-02
9.293609857559204102e-02
9.294272214174270630e-02
9.294929355382919312e-02
9.295583516359329224e-02
9.296239167451858521e-02
9.296888858079910278e-02
9.297543019056320190e-02
9.298186004161834717e-02
9.298834949731826782e-02
9.299481660127639771e-02
9.300119429826736450e-02
9.300757199525833130e-02
9.301397949457168579e-02
9.302027523517608643e-02
9.302669018507003784e-02
9.303302317857742310e-02
9.303927421569824219e-02
9.304560720920562744e-02
9.305179864168167114e-02
9.305811673402786255e-02
9.306438267230987549e-02
9.307050704956054688e-02
9.307672828435897827e-02
9.308290481567382812e-02
9.308911859989166260e-02
9.309519082307815552e-02
9.310133010149002075e-02
9.310751408338546753e-02
9.311352670192718506e-02
9.311962127685546875e-02
9.312562644481658936e-02
9.313172847032546997e-02
9.313772618770599365e-02
9.314374625682830811e-02
9.314975887537002563e-02
9.315563738346099854e-02
9.316159784793853760e-02
9.316753596067428589e-02
9.317351877689361572e-02
9.317939728498458862e-02
9.318531304597854614e-02
9.319113940000534058e-02
9.319704025983810425e-02
9.320284426212310791e-02
9.320866316556930542e-02
9.321446716785430908e-02
9.322025626897811890e-02
9.322608262300491333e-02
9.323180466890335083e-02
9.323756396770477295e-02
9.324328601360321045e-02
9.324906766414642334e-02
9.325475990772247314e-02
9.326042234897613525e-02
9.326607733964920044e-02
9.327175468206405640e-02
9.327735751867294312e-02
9.328300505876541138e-02
9.328866004943847656e-02
9.329427033662796021e-02
9.329982101917266846e-02
9.330539405345916748e-02
9.331095218658447266e-02
9.331649541854858398e-02
9.332199394702911377e-02
9.332751482725143433e-02
9.333305805921554565e-02
9.333849698305130005e-02
9.334392845630645752e-02
9.334943443536758423e-02
9.335487335920333862e-02
9.336034953594207764e-02
9.336577355861663818e-02
9.337115287780761719e-02
9.337656944990158081e-02
9.338197857141494751e-02
9.338735044002532959e-02
9.339267760515213013e-02
9.339796751737594604e-02
9.340334683656692505e-02
9.340868890285491943e-02
9.341394901275634766e-02
9.341924637556076050e-02
9.342455863952636719e-02
9.342979639768600464e-02
9.343510866165161133e-02
9.344034641981124878e-02
9.344560652971267700e-02
9.345085173845291138e-02
9.345601499080657959e-02
9.346120804548263550e-02
9.346639364957809448e-02
9.347169846296310425e-02
9.347679466009140015e-02
9.348196536302566528e-02
9.348702430725097656e-02
9.349225461483001709e-02
9.349738806486129761e-02
9.350246936082839966e-02
9.350764006376266479e-02
9.351266175508499146e-02
9.351777285337448120e-02
9.352289885282516479e-02
9.352798759937286377e-02
9.353298693895339966e-02
9.353799372911453247e-02
9.354305267333984375e-02
9.354811161756515503e-02
9.355312585830688477e-02
9.355808794498443604e-02
9.356313198804855347e-02
9.356809407472610474e-02
9.357311576604843140e-02
9.357804805040359497e-02
9.358303248882293701e-02
9.358806163072586060e-02
9.359292685985565186e-02
9.359788149595260620e-02
9.360278397798538208e-02
9.360772371292114258e-02
9.361257404088973999e-02
9.361755847930908203e-02
9.362243860960006714e-02
9.362725913524627686e-02
9.363216906785964966e-02
9.363704174757003784e-02
9.364193677902221680e-02
9.364677220582962036e-02
9.365164488554000854e-02
9.365644305944442749e-02
9.366125613451004028e-02
9.366614371538162231e-02
9.367091208696365356e-02
9.367573261260986328e-02
9.368049353361129761e-02
9.368532150983810425e-02
9.369010478258132935e-02
9.369493275880813599e-02
9.369967132806777954e-02
9.370446205139160156e-02
9.370917826890945435e-02
9.371389448642730713e-02
9.371870011091232300e-02
9.372342377901077271e-02
9.372819215059280396e-02
9.373290836811065674e-02
9.373758733272552490e-02
9.374232590198516846e-02
9.374706447124481201e-02
9.375176578760147095e-02
9.375644475221633911e-02
9.376113861799240112e-02
9.376584738492965698e-02
9.377045929431915283e-02
9.377519786357879639e-02
9.377982467412948608e-02
9.378451108932495117e-02
9.378915280103683472e-02
9.379380941390991211e-02
9.379845857620239258e-02
9.380305558443069458e-02
9.380774199962615967e-02
9.381233900785446167e-02
9.381698817014694214e-02
9.382162988185882568e-02
9.382624179124832153e-02
9.383086860179901123e-02
9.383546561002731323e-02
9.384001046419143677e-02
9.384469687938690186e-02
9.384930878877639771e-02
9.385384619235992432e-02
9.385842829942703247e-02
9.386301785707473755e-02
9.386765211820602417e-02
9.387212991714477539e-02
9.387672692537307739e-02
9.388126432895660400e-02
9.388587623834609985e-02
9.389042109251022339e-02
9.389495104551315308e-02
9.389950335025787354e-02
9.390409290790557861e-02
9.390867501497268677e-02
9.391319006681442261e-02
9.391773492097854614e-02
9.392223507165908813e-02
9.392679482698440552e-02
9.393127262592315674e-02
9.393584728240966797e-02
9.394039958715438843e-02
9.394485503435134888e-02
9.394942224025726318e-02
9.395392239093780518e-02
9.395844489336013794e-02
9.396295994520187378e-02
9.396749734878540039e-02
9.397196769714355469e-02
9.397642314434051514e-02
9.398096054792404175e-02
9.398550540208816528e-02
9.398999065160751343e-02
9.399445354938507080e-02
9.399902075529098511e-02
9.400349855422973633e-02
9.400792419910430908e-02
9.401240199804306030e-02
9.401691704988479614e-02
9.402143210172653198e-02
9.402590245008468628e-02
9.403037279844284058e-02
9.403483569622039795e-02
9.403941780328750610e-02
9.404384344816207886e-02
9.404826909303665161e-02
9.405280649662017822e-02
9.405727684497833252e-02
9.406167268753051758e-02
9.406621009111404419e-02
9.407071769237518311e-02
9.407514333724975586e-02
9.407961368560791016e-02
9.408407658338546753e-02
9.408860653638839722e-02
9.409306943416595459e-02
9.409749507904052734e-02
9.410192072391510010e-02
9.410642832517623901e-02
9.411090612411499023e-02
9.411531686782836914e-02
9.411988407373428345e-02
9.412426501512527466e-02
9.412872046232223511e-02
9.413331001996994019e-02
9.413773566484451294e-02
9.414219111204147339e-02
9.414662420749664307e-02
9.415115416049957275e-02
9.415560215711593628e-02
9.416007250547409058e-02
9.416442364454269409e-02
9.416900575160980225e-02
9.417347609996795654e-02
9.417795389890670776e-02
9.418235719203948975e-02
9.418689459562301636e-02
9.419135749340057373e-02
9.419585764408111572e-02
9.420032799243927002e-02
9.420479089021682739e-02
9.420926868915557861e-02
9.421371668577194214e-02
9.421820193529129028e-02
9.422265738248825073e-02
9.422714263200759888e-02
9.423162788152694702e-02
9.423613548278808594e-02
9.424060583114624023e-02
9.424512088298797607e-02
9.424960613250732422e-02
9.425406903028488159e-02
9.425853937864303589e-02
9.426306933164596558e-02
9.426755458116531372e-02
9.427206963300704956e-02
9.427655488252639771e-02
9.428108483552932739e-02
9.428558498620986938e-02
9.429006278514862061e-02
9.429455548524856567e-02
9.429912269115447998e-02
9.430360049009323120e-02
9.430807828903198242e-02
9.431261569261550903e-02
9.431709349155426025e-02
9.432160854339599609e-02
9.432619065046310425e-02
9.433066099882125854e-02
9.433519095182418823e-02
9.433972090482711792e-02
9.434423595666885376e-02
9.434878826141357422e-02
9.435336291790008545e-02
9.435782581567764282e-02
9.436239302158355713e-02
9.436696767807006836e-02
9.437149018049240112e-02
9.437606483697891235e-02
9.438060969114303589e-02
9.438515454530715942e-02
9.438972920179367065e-02
9.439431875944137573e-02
9.439884871244430542e-02
9.440336376428604126e-02
9.440796822309494019e-02
9.441255778074264526e-02
9.441714733839035034e-02
9.442172944545745850e-02
9.442628920078277588e-02
9.443092346191406250e-02
9.443544596433639526e-02
9.444011002779006958e-02
9.444465488195419312e-02
9.444927424192428589e-02
9.445387870073318481e-02
9.445846825838088989e-02
9.446310251951217651e-02
9.446769207715988159e-02
9.447234123945236206e-02
9.447689354419708252e-02
9.448153525590896606e-02
9.448621422052383423e-02
9.449087083339691162e-02
9.449547529220581055e-02
9.450010955333709717e-02
9.450476616621017456e-02
9.450937807559967041e-02
9.451402723789215088e-02
9.451871365308761597e-02
9.452331811189651489e-02
9.452803432941436768e-02
9.453271329402923584e-02
9.453736245632171631e-02
9.454204142093658447e-02
9.454674273729324341e-02
9.455145150423049927e-02
9.455610811710357666e-02
9.456083923578262329e-02
9.456551820039749146e-02
9.457021206617355347e-02
9.457493573427200317e-02
9.457969665527343750e-02
9.458444267511367798e-02
9.458910673856735229e-02
9.459386765956878662e-02
9.459859877824783325e-02
9.460335969924926758e-02
9.460804611444473267e-02
9.461282938718795776e-02
9.461759775876998901e-02
9.462232142686843872e-02
9.462704509496688843e-02
9.463179111480712891e-02
9.463661164045333862e-02
9.464143961668014526e-02
9.464617073535919189e-02
9.465099126100540161e-02
9.465580433607101440e-02
9.466056525707244873e-02
9.466529637575149536e-02
9.467016905546188354e-02
9.467492997646331787e-02
9.467983245849609375e-02
9.468460828065872192e-02
9.468946605920791626e-02
9.469430148601531982e-02
9.469912946224212646e-02
9.470397233963012695e-02
9.470885246992111206e-02
9.471368044614791870e-02
9.471850097179412842e-02
9.472339600324630737e-02
9.472827613353729248e-02
9.473317861557006836e-02
9.473805874586105347e-02
9.474288672208786011e-02
9.474779665470123291e-02
9.475271403789520264e-02
9.475763142108917236e-02
9.476251155138015747e-02
9.476744383573532104e-02
9.477234631776809692e-02
9.477733820676803589e-02
9.478221088647842407e-02
9.478717297315597534e-02
9.479214996099472046e-02
9.479703009128570557e-02
9.480202198028564453e-02
9.480700641870498657e-02
9.481193870306015015e-02
9.481692314147949219e-02
9.482192248106002808e-02
9.482692927122116089e-02
9.483187645673751831e-02
9.483690559864044189e-02
9.484194219112396240e-02
9.484688937664031982e-02
9.485190361738204956e-02
9.485698491334915161e-02
9.486199170351028442e-02
9.486701339483261108e-02
9.487204998731613159e-02
9.487712383270263672e-02
9.488220512866973877e-02
9.488719701766967773e-02
9.489228576421737671e-02
9.489731490612030029e-02
9.490238875150680542e-02
9.490751475095748901e-02
9.491265565156936646e-02
9.491767734289169312e-02
9.492280334234237671e-02
9.492792189121246338e-02
9.493304789066314697e-02
9.493815153837203979e-02
9.494333714246749878e-02
9.494840353727340698e-02
9.495360404253005981e-02
9.495865553617477417e-02
9.496384114027023315e-02
9.496902674436569214e-02
9.497422724962234497e-02
9.497935324907302856e-02
9.498450905084609985e-02
9.498970955610275269e-02
9.499495476484298706e-02
9.500010311603546143e-02
9.500538557767868042e-02
9.501057118177413940e-02
9.501575678586959839e-02
9.502095729112625122e-02
9.502624720335006714e-02
9.503144025802612305e-02
9.503672271966934204e-02
9.504201263189315796e-02
9.504716843366622925e-02
9.505249559879302979e-02
9.505771845579147339e-02
9.506306797266006470e-02
9.506833553314208984e-02
9.507364779710769653e-02
9.507893770933151245e-02
9.508425742387771606e-02
9.508950263261795044e-02
9.509487450122833252e-02
9.510021656751632690e-02
9.510550647974014282e-02
9.511088579893112183e-02
9.511614590883255005e-02
9.512152522802352905e-02
9.512686729431152344e-02
9.513228386640548706e-02
9.513769298791885376e-02
9.514307230710983276e-02
9.514845162630081177e-02
9.515383094549179077e-02
9.515924006700515747e-02
9.516464173793792725e-02
9.517007321119308472e-02
9.517548978328704834e-02
9.518086165189743042e-02
9.518636018037796021e-02
9.519177675247192383e-02
9.519720822572708130e-02
9.520267695188522339e-02
9.520806372165679932e-02
9.521363675594329834e-02
9.521902352571487427e-02
9.522461146116256714e-02
9.523004293441772461e-02
9.523553401231765747e-02
9.524107724428176880e-02
9.524662047624588013e-02
9.525208920240402222e-02
9.525763243436813354e-02
9.526312351226806641e-02
9.526871889829635620e-02
9.527423232793807983e-02
9.527981281280517578e-02
9.528539329767227173e-02
9.529090672731399536e-02
9.529649466276168823e-02
9.530209749937057495e-02
9.530759602785110474e-02
9.531326591968536377e-02
9.531892091035842896e-02
9.532449394464492798e-02
9.533009678125381470e-02
9.533572196960449219e-02
9.534133225679397583e-02
9.534699469804763794e-02
9.535263478755950928e-02
9.535825997591018677e-02
9.536395221948623657e-02
9.536959230899810791e-02
9.537529200315475464e-02
9.538095444440841675e-02
9.538663923740386963e-02
9.539236128330230713e-02
9.539806842803955078e-02
9.540373086929321289e-02
9.540949761867523193e-02
9.541517496109008789e-02
9.542093425989151001e-02
9.542667865753173828e-02
9.543240815401077271e-02
9.543816745281219482e-02
9.544401615858078003e-02
9.544970095157623291e-02
9.545540809631347656e-02
9.546125680208206177e-02
9.546706825494766235e-02
9.547279775142669678e-02
9.547863900661468506e-02
9.548437595367431641e-02
9.549032896757125854e-02
9.549600630998611450e-02
9.550190716981887817e-02
9.550768136978149414e-02
9.551353007555007935e-02
9.551937133073806763e-02
9.552525728940963745e-02
9.553112834692001343e-02
9.553705900907516479e-02
9.554285556077957153e-02
9.554876387119293213e-02
9.555465728044509888e-02
9.556055068969726562e-02
9.556645900011062622e-02
9.557235985994338989e-02
9.557823836803436279e-02
9.558414667844772339e-02
9.559009224176406860e-02
9.559601545333862305e-02
9.560202807188034058e-02
9.560798853635787964e-02
9.561395645141601562e-02
9.561986476182937622e-02
9.562586247920989990e-02
9.563184529542922974e-02
9.563781321048736572e-02
9.564380347728729248e-02
9.564989060163497925e-02
9.565584361553192139e-02
9.566187113523483276e-02
9.566789120435714722e-02
9.567387402057647705e-02
9.567997604608535767e-02
9.568598121404647827e-02
9.569202363491058350e-02
9.569812566041946411e-02
9.570414572954177856e-02
9.571021050214767456e-02
9.571630507707595825e-02
9.572236984968185425e-02
9.572844207286834717e-02
9.573458880186080933e-02
9.574062377214431763e-02
9.574681520462036133e-02
9.575285762548446655e-02
9.575901925563812256e-02
9.576512128114700317e-02
9.577124565839767456e-02
9.577745944261550903e-02
9.578361362218856812e-02
9.578973054885864258e-02
9.579593688249588013e-02
9.580201655626296997e-02
9.580824524164199829e-02
9.581442177295684814e-02
9.582059830427169800e-02
9.582680463790893555e-02
9.583307802677154541e-02
9.583924710750579834e-02
9.584546089172363281e-02
9.585172683000564575e-02
9.585791826248168945e-02
9.586418420076370239e-02
9.587037563323974609e-02
9.587658941745758057e-02
9.588290005922317505e-02
9.588914364576339722e-02
9.589541703462600708e-02
9.590173512697219849e-02
9.590797871351242065e-02
9.591425955295562744e-02
9.592058509588241577e-02
9.592686593532562256e-02
9.593320637941360474e-02
9.593951702117919922e-02
9.594579041004180908e-02
9.595216065645217896e-02
9.595852345228195190e-02
9.596486389636993408e-02
9.597117453813552856e-02
9.597750008106231689e-02
9.598390758037567139e-02
9.599020332098007202e-02
9.599662572145462036e-02
9.600299596786499023e-02
9.600938111543655396e-02
9.601581841707229614e-02
9.602214395999908447e-02
9.602861851453781128e-02
9.603498876094818115e-02
9.604143351316452026e-02
9.604787081480026245e-02
9.605430811643600464e-02
9.606063365936279297e-02
9.606706351041793823e-02
9.607360512018203735e-02
9.608004242181777954e-02
9.608649462461471558e-02
9.609295427799224854e-02
9.609945118427276611e-02
9.610592573881149292e-02
9.611238539218902588e-02
9.611888229846954346e-02
9.612537175416946411e-02
9.613196551799774170e-02
9.613841027021408081e-02
9.614490717649459839e-02
9.615146368741989136e-02
9.615801274776458740e-02
9.616457670927047729e-02
9.617100656032562256e-02
9.617758542299270630e-02
9.618413448333740234e-02
9.619069099426269531e-02
9.619729965925216675e-02
9.620385617017745972e-02
9.621041268110275269e-02
9.621702879667282104e-02
9.622352570295333862e-02
9.623015671968460083e-02
9.623677283525466919e-02
9.624337404966354370e-02
9.624988585710525513e-02
9.625660628080368042e-02
9.626323729753494263e-02
9.626982361078262329e-02
9.627642482519149780e-02
9.628308564424514771e-02
9.628980606794357300e-02
9.629641473293304443e-02
9.630304574966430664e-02
9.630975872278213501e-02
9.631640464067459106e-02
9.632302820682525635e-02
9.632968157529830933e-02
9.633646160364151001e-02
9.634309262037277222e-02
9.634981304407119751e-02
9.635651856660842896e-02
9.636317938566207886e-02
9.636991471052169800e-02
9.637660533189773560e-02
9.638334810733795166e-02
9.639005362987518311e-02
9.639679640531539917e-02
9.640353918075561523e-02
9.641028940677642822e-02
9.641706198453903198e-02
9.642376005649566650e-02
9.643053263425827026e-02
9.643731266260147095e-02
9.644407033920288086e-02
9.645091742277145386e-02
9.645760804414749146e-02
9.646438062191009521e-02
9.647120535373687744e-02
9.647797793149948120e-02
9.648482501506805420e-02
9.649161994457244873e-02
9.649839252233505249e-02
9.650521725416183472e-02
9.651207178831100464e-02
9.651887416839599609e-02
9.652572125196456909e-02
9.653251618146896362e-02
9.653936326503753662e-02
9.654624760150909424e-02
9.655313938856124878e-02
9.655994176864624023e-02
9.656678885221481323e-02
9.657370299100875854e-02
9.658051282167434692e-02
9.658736735582351685e-02
9.659426659345626831e-02
9.660114347934722900e-02
9.660805016756057739e-02
9.661496430635452271e-02
9.662181884050369263e-02
9.662871062755584717e-02
9.663569182157516479e-02
9.664251655340194702e-02
9.664946049451828003e-02
9.665638208389282227e-02
9.666336327791213989e-02
9.667020291090011597e-02
9.667723625898361206e-02
9.668415039777755737e-02
9.669113159179687500e-02
9.669804573059082031e-02
9.670501202344894409e-02
9.671194851398468018e-02
9.671892970800399780e-02
9.672594070434570312e-02
9.673283994197845459e-02
9.673981368541717529e-02
9.674680978059768677e-02
9.675378352403640747e-02
9.676080197095870972e-02
9.676779061555862427e-02
9.677483141422271729e-02
9.678174555301666260e-02
9.678880870342254639e-02
9.679580479860305786e-02
9.680277109146118164e-02
9.680981934070587158e-02
9.681688249111175537e-02
9.682392328977584839e-02
9.683091938495635986e-02
9.683799743652343750e-02
9.684497863054275513e-02
9.685205668210983276e-02
9.685907512903213501e-02
9.686613082885742188e-02
9.687320888042449951e-02
9.688025712966918945e-02
9.688735008239746094e-02
9.689442813396453857e-02
9.690146893262863159e-02
9.690851718187332153e-02
9.691558033227920532e-02
9.692265838384628296e-02
9.692977368831634521e-02
9.693686664104461670e-02
9.694397449493408203e-02
9.695117175579071045e-02
9.695818275213241577e-02
9.696531295776367188e-02
9.697236120700836182e-02
9.697952121496200562e-02
9.698665142059326172e-02
9.699369966983795166e-02
9.700089693069458008e-02
9.700798243284225464e-02
9.701509773731231689e-02
9.702230244874954224e-02
9.702938795089721680e-02
9.703659266233444214e-02
9.704374521970748901e-02
9.705090522766113281e-02
9.705799072980880737e-02
9.706514328718185425e-02
9.707229584455490112e-02
9.707946330308914185e-02
9.708667546510696411e-02
9.709377586841583252e-02
9.710102528333663940e-02
9.710817039012908936e-02
9.711535274982452393e-02
9.712250530719757080e-02
9.712972491979598999e-02
9.713686257600784302e-02
9.714405238628387451e-02
9.715125709772109985e-02
9.715842455625534058e-02
9.716571122407913208e-02
9.717284888029098511e-02
9.718010574579238892e-02
9.718728810548782349e-02
9.719447791576385498e-02
9.720175713300704956e-02
9.720891714096069336e-02
9.721615165472030640e-02
9.722340106964111328e-02
9.723067283630371094e-02
9.723787009716033936e-02
9.724508970975875854e-02
9.725229442119598389e-02
9.725957363843917847e-02
9.726679325103759766e-02
9.727401286363601685e-02
9.728132933378219604e-02
9.728856384754180908e-02
9.729578346014022827e-02
9.730304777622222900e-02
9.731031954288482666e-02
9.731755405664443970e-02
9.732484072446823120e-02
9.733206778764724731e-02
9.733938425779342651e-02
9.734659641981124878e-02
9.735392034053802490e-02
9.736119210720062256e-02
9.736846387386322021e-02
9.737573564052581787e-02
9.738303720951080322e-02
9.739030897617340088e-02
9.739762544631958008e-02
9.740488976240158081e-02
9.741216152906417847e-02
9.741950780153274536e-02
9.742677956819534302e-02
9.743409603834152222e-02
9.744137525558471680e-02
9.744865447282791138e-02
9.745598584413528442e-02
9.746325761079788208e-02
9.747063368558883667e-02
9.747790545225143433e-02
9.748520702123641968e-02
9.749253094196319580e-02
9.749986231327056885e-02
9.750718623399734497e-02
9.751450270414352417e-02
9.752184152603149414e-02
9.752915799617767334e-02
9.753651171922683716e-02
9.754379093647003174e-02
9.755117446184158325e-02
9.755843132734298706e-02
9.756582230329513550e-02
9.757316112518310547e-02
9.758044034242630005e-02
9.758777171373367310e-02
9.759516268968582153e-02
9.760250151157379150e-02
9.760989993810653687e-02
9.761720150709152222e-02
9.762449562549591064e-02
9.763188660144805908e-02
9.763926267623901367e-02
9.764659404754638672e-02
9.765397757291793823e-02
9.766130894422531128e-02
9.766864031553268433e-02
9.767608344554901123e-02
9.768338501453399658e-02
9.769075363874435425e-02
9.769818931818008423e-02
9.770547598600387573e-02
9.771285951137542725e-02
9.772021323442459106e-02
9.772758930921554565e-02
9.773497283458709717e-02
9.774234145879745483e-02
9.774971008300781250e-02
9.775707870721817017e-02
9.776441752910614014e-02
9.777178615331649780e-02
9.777916967868804932e-02
9.778655320405960083e-02
9.779398888349533081e-02
9.780127555131912231e-02
9.780872613191604614e-02
9.781610220670700073e-02
9.782349318265914917e-02
9.783086925745010376e-02
9.783826023340225220e-02
9.784562140703201294e-02
9.785299003124237061e-02
9.786044806241989136e-02
9.786774963140487671e-02
9.787519276142120361e-02
9.788262099027633667e-02
9.788999706506729126e-02
9.789734333753585815e-02
9.790474921464920044e-02
9.791208058595657349e-02
9.791950881481170654e-02
9.792687743902206421e-02
9.793431311845779419e-02
9.794168919324874878e-02
9.794913232326507568e-02
9.795654565095901489e-02
9.796388447284698486e-02
9.797131270170211792e-02
9.797866642475128174e-02
9.798604995012283325e-02
9.799350798130035400e-02
9.800086170434951782e-02
9.800828248262405396e-02
9.801567345857620239e-02
9.802312403917312622e-02
9.803050011396408081e-02
9.803793579339981079e-02
9.804529696702957153e-02
9.805267304182052612e-02
9.806011617183685303e-02
9.806752949953079224e-02
9.807491302490234375e-02
9.808235615491867065e-02
9.808965027332305908e-02
9.809713810682296753e-02
9.810452908277511597e-02
9.811194241046905518e-02
9.811937063932418823e-02
9.812676906585693359e-02
9.813415259122848511e-02
9.814149141311645508e-02
9.814891964197158813e-02
9.815634042024612427e-02
9.816376864910125732e-02
9.817116707563400269e-02
9.817852824926376343e-02
9.818596392869949341e-02
9.819339960813522339e-02
9.820073097944259644e-02
9.820821136236190796e-02
9.821564704179763794e-02
9.822296351194381714e-02
9.823031723499298096e-02
9.823779761791229248e-02
9.824515134096145630e-02
9.825260192155838013e-02
9.825998544692993164e-02
9.826737642288208008e-02
9.827483445405960083e-02
9.828216582536697388e-02
9.828955680131912231e-02
9.829699993133544922e-02
9.830431640148162842e-02
9.831177443265914917e-02
9.831916540861129761e-02
9.832651913166046143e-02
9.833390265703201294e-02
9.834134578704833984e-02
9.834874421358108521e-02
9.835617989301681519e-02
9.836351871490478516e-02
9.837091714143753052e-02
9.837830811738967896e-02
9.838569909334182739e-02
9.839310497045516968e-02
9.840047359466552734e-02
9.840787202119827271e-02
9.841521084308624268e-02
9.842263162136077881e-02
9.843005985021591187e-02
9.843742102384567261e-02
9.844482690095901489e-02
9.845221787691116333e-02
9.845954924821853638e-02
9.846691787242889404e-02
9.847431629896163940e-02
9.848172217607498169e-02
9.848906099796295166e-02
9.849650412797927856e-02
9.850388020277023315e-02
9.851116687059402466e-02
9.851861745119094849e-02
9.852593392133712769e-02
9.853328019380569458e-02
9.854067862033843994e-02
9.854806214570999146e-02
9.855539351701736450e-02
9.856278449296951294e-02
9.857017546892166138e-02
9.857752174139022827e-02
9.858488291501998901e-02
9.859228134155273438e-02
9.859962016344070435e-02
9.860687702894210815e-02
9.861433506011962891e-02
9.862168133258819580e-02
9.862899780273437500e-02
9.863633662462234497e-02
9.864372760057449341e-02
9.865105152130126953e-02
9.865844249725341797e-02
9.866576641798019409e-02
9.867308288812637329e-02
9.868042171001434326e-02
9.868779033422470093e-02
9.869510680437088013e-02
9.870243817567825317e-02
9.870982915163040161e-02
9.871713817119598389e-02
9.872449189424514771e-02
9.873186051845550537e-02
9.873916208744049072e-02
9.874647110700607300e-02
9.875386208295822144e-02
9.876109659671783447e-02
9.876847267150878906e-02
9.877573698759078979e-02
9.878300875425338745e-02
9.879041463136672974e-02
9.879767894744873047e-02
9.880504757165908813e-02
9.881232678890228271e-02
9.881961345672607422e-02
9.882693737745285034e-02
9.883423149585723877e-02
9.884152561426162720e-02
9.884883463382720947e-02
9.885615855455398560e-02
9.886337071657180786e-02
9.887074679136276245e-02
9.887800365686416626e-02
9.888531267642974854e-02
9.889261424541473389e-02
9.889986366033554077e-02
9.890717267990112305e-02
9.891445189714431763e-02
9.892172366380691528e-02
9.892892092466354370e-02
9.893631935119628906e-02
9.894352406263351440e-02
9.895084798336029053e-02
9.895808249711990356e-02
9.896530956029891968e-02
9.897261112928390503e-02
9.897984564304351807e-02
9.898710250854492188e-02
9.899432957172393799e-02
9.900158643722534180e-02
9.900885820388793945e-02
9.901612251996994019e-02
9.902336448431015015e-02
9.903063625097274780e-02
9.903787821531295776e-02
9.904506057500839233e-02
9.905226528644561768e-02
9.905959665775299072e-02
9.906678646802902222e-02
9.907400608062744141e-02
9.908121824264526367e-02
9.908843785524368286e-02
9.909565001726150513e-02
9.910286217927932739e-02
9.911008179187774658e-02
9.911729395389556885e-02
9.912454336881637573e-02
9.913171082735061646e-02
9.913890808820724487e-02
9.914606064558029175e-02
9.915334731340408325e-02
9.916050732135772705e-02
9.916768968105316162e-02
9.917487204074859619e-02
9.918205440044403076e-02
9.918921440839767456e-02
9.919642657041549683e-02
9.920357912778854370e-02
9.921074658632278442e-02
9.921790659427642822e-02
9.922505170106887817e-02
9.923227131366729736e-02
9.923941642045974731e-02
9.924657642841339111e-02
9.925371408462524414e-02
9.926075488328933716e-02
9.926797449588775635e-02
9.927515685558319092e-02
9.928228706121444702e-02
9.928937256336212158e-02
9.929656237363815308e-02
9.930370002985000610e-02
9.931083023548126221e-02
9.931798279285430908e-02
9.932505339384078979e-02
9.933220595121383667e-02
9.933929890394210815e-02
9.934637695550918579e-02
9.935348480939865112e-02
9.936059266328811646e-02
9.936768561601638794e-02
9.937478601932525635e-02
9.938185662031173706e-02
9.938900917768478394e-02
9.939610958099365234e-02
9.940312057733535767e-02
9.941023588180541992e-02
9.941731393337249756e-02
9.942436963319778442e-02
9.943145513534545898e-02
9.943848103284835815e-02
9.944558888673782349e-02
9.945262223482131958e-02
9.945963323116302490e-02
9.946670383214950562e-02
9.947378188371658325e-02
9.948085993528366089e-02
9.948784857988357544e-02
9.949488192796707153e-02
9.950190782546997070e-02
9.950894117355346680e-02
9.951597452163696289e-02
9.952301532030105591e-02
9.952997416257858276e-02
9.953700751066207886e-02
9.954398125410079956e-02
9.955102205276489258e-02
9.955801814794540405e-02
9.956497699022293091e-02
9.957200288772583008e-02
9.957904368638992310e-02
9.958595782518386841e-02
9.959293156862258911e-02
9.959989041090011597e-02
9.960688650608062744e-02
9.961389750242233276e-02
9.962087124586105347e-02
9.962778538465499878e-02
9.963481128215789795e-02
9.964173287153244019e-02
9.964860230684280396e-02
9.965560585260391235e-02
9.966254979372024536e-02
9.966950863599777222e-02
9.967643022537231445e-02
9.968333691358566284e-02
9.969025850296020508e-02
9.969721734523773193e-02
9.970407932996749878e-02
9.971096366643905640e-02
9.971796721220016479e-02
9.972486644983291626e-02
9.973173588514328003e-02
9.973859041929244995e-02
9.974550455808639526e-02
9.975238144397735596e-02
9.975923597812652588e-02
9.976618736982345581e-02
9.977299720048904419e-02
9.977989643812179565e-02
9.978674352169036865e-02
9.979359805583953857e-02
9.980051964521408081e-02
9.980725497007369995e-02
9.981412440538406372e-02
9.982096403837203979e-02
9.982777386903762817e-02
9.983465820550918579e-02
9.984145313501358032e-02
9.984832257032394409e-02
9.985518455505371094e-02
9.986192733049392700e-02
9.986872225999832153e-02
9.987555444240570068e-02
9.988241642713546753e-02
9.988915175199508667e-02
9.989590197801589966e-02
9.990273416042327881e-02
9.990948438644409180e-02
9.991627931594848633e-02
9.992308169603347778e-02
9.992982447147369385e-02
9.993655979633331299e-02
9.994333237409591675e-02
9.995006024837493896e-02
9.995681792497634888e-02
9.996355324983596802e-02
9.997034072875976562e-02
9.997707605361938477e-02
9.998376667499542236e-02
9.999049454927444458e-02
9.999723732471466064e-02
1.000039726495742798e-01
1.000106483697891235e-01
1.000173538923263550e-01
1.000240892171859741e-01
1.000307351350784302e-01
1.000374406576156616e-01
1.000441163778305054e-01
1.000507920980453491e-01
1.000574976205825806e-01
1.000641435384750366e-01
1.000708192586898804e-01
1.000774651765823364e-01
1.000841110944747925e-01
1.000907272100448608e-01
1.000974029302597046e-01
1.001040488481521606e-01
1.001106947660446167e-01
1.001172512769699097e-01
1.001239418983459473e-01
1.001306027173995972e-01
1.001371294260025024e-01
1.001437902450561523e-01
1.001504212617874146e-01
1.001569777727127075e-01
1.001636236906051636e-01
1.001701951026916504e-01
1.001767367124557495e-01
1.001833528280258179e-01
1.001899689435958862e-01
1.001964658498764038e-01
1.002030819654464722e-01
1.002096086740493774e-01
1.002161055803298950e-01
1.002226918935775757e-01
1.002292484045028687e-01
1.002357602119445801e-01
1.002423018217086792e-01
1.002489179372787476e-01
1.002553552389144897e-01
1.002619117498397827e-01
1.002683490514755249e-01
1.002749055624008179e-01
1.002813726663589478e-01
1.002879291772842407e-01
1.002943962812423706e-01
1.003008633852005005e-01
1.003073453903198242e-01
1.003137677907943726e-01
1.003202348947525024e-01
1.003267914056777954e-01
1.003332138061523438e-01
1.003396362066268921e-01
1.003460288047790527e-01
1.003525406122207642e-01
1.003589183092117310e-01
1.003653854131698608e-01
1.003718227148056030e-01
1.003782302141189575e-01
1.003845930099487305e-01
1.003910750150680542e-01
1.003974527120590210e-01
1.004038006067276001e-01
1.004102379083633423e-01
1.004165858030319214e-01
1.004230231046676636e-01
1.004293113946914673e-01
1.004357188940048218e-01
1.004420667886734009e-01
1.004484444856643677e-01
1.004547923803329468e-01
1.004611402750015259e-01
1.004674583673477173e-01
1.004738360643386841e-01
1.004801243543624878e-01
1.004864573478698730e-01
1.004927903413772583e-01
1.004990190267562866e-01
1.005053967237472534e-01
1.005116552114486694e-01
1.005179733037948608e-01
1.005242913961410522e-01
1.005305647850036621e-01
1.005368381738662720e-01
1.005430817604064941e-01
1.005492955446243286e-01
1.005556434392929077e-01
1.005618125200271606e-01
1.005681306123733521e-01
1.005743145942687988e-01
1.005805730819702148e-01
1.005868464708328247e-01
1.005929857492446899e-01
1.005992889404296875e-01
1.006054729223251343e-01
1.006116718053817749e-01
1.006178259849548340e-01
1.006240397691726685e-01
1.006302088499069214e-01
1.006364226341247559e-01
1.006426364183425903e-01
1.006487458944320679e-01
1.006548851728439331e-01
1.006611436605453491e-01
1.006672531366348267e-01
1.006733328104019165e-01
1.006794720888137817e-01
1.006856411695480347e-01
1.006917506456375122e-01
1.006978601217269897e-01
1.007039695978164673e-01
1.007100939750671387e-01
1.007162183523178101e-01
1.007223278284072876e-01
1.007283776998519897e-01
1.007344871759414673e-01
1.007405370473861694e-01
1.007466316223144531e-01
1.007527261972427368e-01
1.007587760686874390e-01
1.007648259401321411e-01
1.007708460092544556e-01
1.007768958806991577e-01
1.007829159498214722e-01
1.007889360189437866e-01
1.007949262857437134e-01
1.008009761571884155e-01
1.008069962263107300e-01
1.008129864931106567e-01
1.008190065622329712e-01
1.008249968290328979e-01
1.008309870958328247e-01
1.008369177579879761e-01
1.008429378271102905e-01
1.008488684892654419e-01
1.008548587560653687e-01
1.008608192205429077e-01
1.008668094873428345e-01
1.008726805448532104e-01
1.008786410093307495e-01
1.008845716714859009e-01
1.008904427289962769e-01
1.008963733911514282e-01
1.009022742509841919e-01
1.009082049131393433e-01
1.009141057729721069e-01
1.009200215339660645e-01
1.009259074926376343e-01
1.009317487478256226e-01
1.009375900030136108e-01
1.009434610605239868e-01
1.009493023157119751e-01
1.009552478790283203e-01
1.009611040353775024e-01
1.009669154882431030e-01
1.009727120399475098e-01
1.009785383939743042e-01
1.009843796491622925e-01
1.009901612997055054e-01
1.009960174560546875e-01
1.010017544031143188e-01
1.010075956583023071e-01
1.010133177042007446e-01
1.010192036628723145e-01
1.010248810052871704e-01
1.010307073593139648e-01
1.010364443063735962e-01
1.010422557592391968e-01
1.010479927062988281e-01
1.010537594556808472e-01
1.010595113039016724e-01
1.010651588439941406e-01
1.010709255933761597e-01
1.010766178369522095e-01
1.010823100805282593e-01
1.010880321264266968e-01
1.010937541723251343e-01
1.010993570089340210e-01
1.011051535606384277e-01
1.011107414960861206e-01
1.011164337396621704e-01
1.011220961809158325e-01
1.011278033256530762e-01
1.011333614587783813e-01
1.011390537023544312e-01
1.011446863412857056e-01
1.011503189802169800e-01
1.011559516191482544e-01
1.011615395545959473e-01
1.011671572923660278e-01
1.011727899312973022e-01
1.011783629655838013e-01
1.011839359998703003e-01
1.011895388364791870e-01
1.011951118707656860e-01
1.012007147073745728e-01
1.012063175439834595e-01
1.012118309736251831e-01
1.012173742055892944e-01
1.012229174375534058e-01
1.012284904718399048e-01
1.012339591979980469e-01
1.012394875288009644e-01
1.012450456619262695e-01
1.012504845857620239e-01
1.012560576200485229e-01
1.012615114450454712e-01
1.012670546770095825e-01
1.012724637985229492e-01
1.012779623270034790e-01
1.012834757566452026e-01
1.012889146804809570e-01
1.012943238019943237e-01
1.012998372316360474e-01
1.013052612543106079e-01
1.013106852769851685e-01
1.013161689043045044e-01
1.013215929269790649e-01
1.013269573450088501e-01
1.013323217630386353e-01
1.013377755880355835e-01
1.013431996107101440e-01
1.013485938310623169e-01
1.013539582490921021e-01
1.013593524694442749e-01
1.013647168874740601e-01
1.013700813055038452e-01
1.013754159212112427e-01
1.013807207345962524e-01
1.013860851526260376e-01
1.013913601636886597e-01
1.013966947793960571e-01
1.014020591974258423e-01
1.014073491096496582e-01
1.014127582311630249e-01
1.014180630445480347e-01
1.014232784509658813e-01
1.014285534620285034e-01
1.014339178800582886e-01
1.014391183853149414e-01
1.014444082975387573e-01
1.014495939016342163e-01
1.014549285173416138e-01
1.014602035284042358e-01
1.014653891324996948e-01
1.014706492424011230e-01
1.014758199453353882e-01
1.014810651540756226e-01
1.014862209558486938e-01
1.014914959669113159e-01
1.014966815710067749e-01
1.015018671751022339e-01
1.015070825815200806e-01
1.015121787786483765e-01
1.015174537897109985e-01
1.015225499868392944e-01
1.015277057886123657e-01
1.015328764915466309e-01
1.015379875898361206e-01
1.015431433916091919e-01
1.015482991933822632e-01
1.015534251928329468e-01
1.015584915876388550e-01
1.015635877847671509e-01
1.015687137842178345e-01
1.015738099813461304e-01
1.015788465738296509e-01
1.015839725732803345e-01
1.015890389680862427e-01
1.015941053628921509e-01
1.015991121530532837e-01
1.016042232513427734e-01
1.016092896461486816e-01
1.016143113374710083e-01
1.016192883253097534e-01
1.016243547201156616e-01
1.016293019056320190e-01
1.016344279050827026e-01
1.016393750905990601e-01
1.016443222761154175e-01
1.016493290662765503e-01
1.016543060541152954e-01
1.016592830419540405e-01
1.016643196344375610e-01
1.016692370176315308e-01
1.016741842031478882e-01
1.016791015863418579e-01
1.016841083765029907e-01
1.016889661550521851e-01
1.016939133405685425e-01
1.016988605260848999e-01
1.017037183046340942e-01
1.017085760831832886e-01
1.017135232686996460e-01
1.017184257507324219e-01
1.017233133316040039e-01
1.017281562089920044e-01
1.017330139875411987e-01
1.017379015684127808e-01
1.017427444458007812e-01
1.017475724220275879e-01
1.017525047063827515e-01
1.017573028802871704e-01
1.017621308565139771e-01
1.017668992280960083e-01
1.017717570066452026e-01
1.017765551805496216e-01
1.017813086509704590e-01
1.017861217260360718e-01
1.017909198999404907e-01
1.017956882715225220e-01
1.018004566431045532e-01
1.018051952123641968e-01
1.018099933862686157e-01
1.018147617578506470e-01
1.018194705247879028e-01
1.018241643905639648e-01
1.018289476633071899e-01
1.018336564302444458e-01
1.018383502960205078e-01
1.018431037664413452e-01
1.018477231264114380e-01
1.018524169921875000e-01
1.018570810556411743e-01
1.018617898225784302e-01
1.018664389848709106e-01
1.018711328506469727e-01
1.018757969141006470e-01
1.018804758787155151e-01
1.018850654363632202e-01
1.018897145986557007e-01
1.018943637609481812e-01
1.018989533185958862e-01
1.019035726785659790e-01
1.019081622362136841e-01
1.019127964973449707e-01
1.019174009561538696e-01
1.019220203161239624e-01
1.019265800714492798e-01
1.019311100244522095e-01
1.019356399774551392e-01
1.019401997327804565e-01
1.019447296857833862e-01
1.019492894411087036e-01
1.019538789987564087e-01
1.019583344459533691e-01
1.019629091024398804e-01
1.019674092531204224e-01
1.019719690084457397e-01
1.019763499498367310e-01
1.019809395074844360e-01
1.019853502511978149e-01
1.019899100065231323e-01
1.019943356513977051e-01
1.019988209009170532e-01
1.020032912492752075e-01
1.020077019929885864e-01
1.020121425390243530e-01
1.020165830850601196e-01
1.020210236310958862e-01
1.020254343748092651e-01
1.020298451185226440e-01
1.020342260599136353e-01
1.020386368036270142e-01
1.020430773496627808e-01
1.020474880933761597e-01
1.020517945289611816e-01
1.020562499761581421e-01
1.020605713129043579e-01
1.020649075508117676e-01
1.020692586898803711e-01
1.020735651254653931e-01
1.020778864622116089e-01
1.020822674036026001e-01
1.020865440368652344e-01
1.020908802747726440e-01
1.020951420068740845e-01
1.020994931459426880e-01
1.021037697792053223e-01
1.021081060171127319e-01
1.021123081445693970e-01
1.021165996789932251e-01
1.021208614110946655e-01
1.021251529455184937e-01
1.021293550729751587e-01
1.021336466073989868e-01
1.021378487348556519e-01
1.021420508623123169e-01
1.021463125944137573e-01
1.021505445241928101e-01
1.021546870470046997e-01
1.021589189767837524e-01
1.021630316972732544e-01
1.021672934293746948e-01
1.021715253591537476e-01
1.021756678819656372e-01
1.021798700094223022e-01
1.021839231252670288e-01
1.021881252527236938e-01
1.021922826766967773e-01
1.021963208913803101e-01
1.022005230188369751e-01
1.022046208381652832e-01
1.022087484598159790e-01
1.022128611803054810e-01
1.022169440984725952e-01
1.022210568189620972e-01
1.022251099348068237e-01
1.022292226552963257e-01
1.022333055734634399e-01
1.022373586893081665e-01
1.022413820028305054e-01
1.022454351186752319e-01
1.022494882345199585e-01
1.022535413503646851e-01
1.022575646638870239e-01
1.022615879774093628e-01
1.022656112909317017e-01
1.022696048021316528e-01
1.022735685110092163e-01
1.022775918245315552e-01
1.022815853357315063e-01
1.022855490446090698e-01
1.022895425558090210e-01
1.022934317588806152e-01
1.022974103689193726e-01
1.023014038801193237e-01
1.023053675889968872e-01
1.023093014955520630e-01
1.023131757974624634e-01
1.023171097040176392e-01
1.023210287094116211e-01
1.023249775171279907e-01
1.023288816213607788e-01
1.023327112197875977e-01
1.023366302251815796e-01
1.023404747247695923e-01
1.023443937301635742e-01
1.023482680320739746e-01
1.023520827293395996e-01
1.023559421300888062e-01
1.023597866296768188e-01
1.023636311292648315e-01
1.023674160242080688e-01
1.023712754249572754e-01
1.023751050233840942e-01
1.023788899183273315e-01
1.023826450109481812e-01
1.023864895105361938e-01
1.023903340101242065e-01
1.023940294981002808e-01
1.023978441953659058e-01
1.024015992879867554e-01
1.024053245782852173e-01
1.024090796709060669e-01
1.024128049612045288e-01
1.024165600538253784e-01
1.024202853441238403e-01
1.024240702390670776e-01
1.024278253316879272e-01
1.024314314126968384e-01
1.024351567029953003e-01
1.024388223886489868e-01
1.024425476789474487e-01
1.024462431669235229e-01
1.024499684572219849e-01
1.024535745382308960e-01
1.024572700262069702e-01
1.024608761072158813e-01
1.024645417928695679e-01
1.024681925773620605e-01
1.024717539548873901e-01
1.024754047393798828e-01
1.024790853261947632e-01
1.024826169013977051e-01
1.024862378835678101e-01
1.024898439645767212e-01
1.024934053421020508e-01
1.024969965219497681e-01
1.025005578994750977e-01
1.025041341781616211e-01
1.025076955556869507e-01
1.025112122297286987e-01
1.025147885084152222e-01
1.025183349847793579e-01
1.025219112634658813e-01
1.025254726409912109e-01
1.025289893150329590e-01
1.025324016809463501e-01
1.025359183549880981e-01
1.025394350290298462e-01
1.025430113077163696e-01
1.025464683771133423e-01
1.025498956441879272e-01
1.025533527135848999e-01
1.025567799806594849e-01
1.025602817535400391e-01
1.025636941194534302e-01
1.025671213865280151e-01
1.025705784559249878e-01
1.025740057229995728e-01
1.025774925947189331e-01
1.025809198617935181e-01
1.025842875242233276e-01
1.025876849889755249e-01
1.025910526514053345e-01
1.025944501161575317e-01
1.025977879762649536e-01
1.026011556386947632e-01
1.026045680046081543e-01
1.026079505681991577e-01
1.026112586259841919e-01
1.026145964860916138e-01
1.026179641485214233e-01
1.026212424039840698e-01
1.026246100664138794e-01
1.026278883218765259e-01
1.026312261819839478e-01
1.026345044374465942e-01
1.026378422975540161e-01
1.026410907506942749e-01
1.026443392038345337e-01
1.026476472616195679e-01
1.026509404182434082e-01
1.026542037725448608e-01
1.026574522256851196e-01
1.026607006788253784e-01
1.026639491319656372e-01
1.026671677827835083e-01
1.026704162359237671e-01
1.026735901832580566e-01
1.026768535375595093e-01
1.026800721883773804e-01
1.026832014322280884e-01
1.026864051818847656e-01
1.026895791292190552e-01
1.026927381753921509e-01
1.026959568262100220e-01
1.026990264654159546e-01
1.027023345232009888e-01
1.027054190635681152e-01
1.027085632085800171e-01
1.027116626501083374e-01
1.027148216962814331e-01
1.027179807424545288e-01
1.027211099863052368e-01
1.027241200208663940e-01
1.027273088693618774e-01
1.027303189039230347e-01
1.027334183454513550e-01
1.027365326881408691e-01
1.027396172285079956e-01
1.027426570653915405e-01
1.027457267045974731e-01
1.027487367391586304e-01
1.027518659830093384e-01
1.027548462152481079e-01
1.027579158544540405e-01
1.027610152959823608e-01
1.027639359235763550e-01
1.027669757604598999e-01
1.027700155973434448e-01
1.027729958295822144e-01
1.027759760618209839e-01
1.027789562940597534e-01
1.027819514274597168e-01
1.027849167585372925e-01
1.027878671884536743e-01
1.027908474206924438e-01
1.027938276529312134e-01
1.027967184782028198e-01
1.027996689081192017e-01
1.028025746345520020e-01
1.028055697679519653e-01
1.028085201978683472e-01
1.028113514184951782e-01
1.028142124414443970e-01
1.028171628713607788e-01
1.028200536966323853e-01
1.028229147195816040e-01
1.028258353471755981e-01
1.028286665678024292e-01
1.028315573930740356e-01
1.028344184160232544e-01
1.028372198343276978e-01
1.028400808572769165e-01
1.028428822755813599e-01
1.028457283973693848e-01
1.028485745191574097e-01
1.028514057397842407e-01
1.028542369604110718e-01
1.028570085763931274e-01
1.028597801923751831e-01
1.028626412153244019e-01
1.028653830289840698e-01
1.028681546449661255e-01
1.028709560632705688e-01
1.028736680746078491e-01
1.028764396905899048e-01
1.028792411088943481e-01
1.028819233179092407e-01
1.028846949338912964e-01
1.028874069452285767e-01
1.028901189565658569e-01
1.028928011655807495e-01
1.028955131769180298e-01
1.028981953859329224e-01
1.029009819030761719e-01
1.029036641120910645e-01
1.029062718152999878e-01
1.029089838266372681e-01
1.029116511344909668e-01
1.029143184423446655e-01
1.029169708490371704e-01
1.029195934534072876e-01
1.029222756624221802e-01
1.029249280691146851e-01
1.029275506734848022e-01
1.029301732778549194e-01
1.029328256845474243e-01
1.029353290796279907e-01
1.029380112886428833e-01
1.029405593872070312e-01
1.029431670904159546e-01
1.029458045959472656e-01
1.029483228921890259e-01
1.029508560895919800e-01
1.029534488916397095e-01
1.029560118913650513e-01
1.029585748910903931e-01
1.029611378908157349e-01
1.029636710882186890e-01
1.029661744832992554e-01
1.029687076807022095e-01
1.029712110757827759e-01
1.029737144708633423e-01
1.029762029647827148e-01
1.029787659645080566e-01
1.029812544584274292e-01
1.029837280511856079e-01
1.029862016439437866e-01
1.029887050390243530e-01
1.029912084341049194e-01
1.029936224222183228e-01
1.029959917068481445e-01
1.029984802007675171e-01
1.030009239912033081e-01
1.030033379793167114e-01
1.030057817697525024e-01
1.030081659555435181e-01
1.030106097459793091e-01
1.030130237340927124e-01
1.030154377222061157e-01
1.030178666114807129e-01
1.030202060937881470e-01
1.030226498842239380e-01
1.030249595642089844e-01
1.030273586511611938e-01
1.030297428369522095e-01
1.030320972204208374e-01
1.030344218015670776e-01
1.030367761850357056e-01
1.030391007661819458e-01
1.030414849519729614e-01
1.030437499284744263e-01
1.030460447072982788e-01
1.030483990907669067e-01
1.030507236719131470e-01
1.030529588460922241e-01
1.030552536249160767e-01
1.030575484037399292e-01
1.030598431825637817e-01
1.030621379613876343e-01
1.030643731355667114e-01
1.030665785074234009e-01
1.030688732862472534e-01
1.030711382627487183e-01
1.030733436346054077e-01
1.030755192041397095e-01
1.030777841806411743e-01
1.030800193548202515e-01
1.030822247266769409e-01
1.030844300985336304e-01
1.030866354703903198e-01
1.030888408422470093e-01
1.030910760164260864e-01
1.030931919813156128e-01
1.030953973531723022e-01
1.030975431203842163e-01
1.030997782945632935e-01
1.031018644571304321e-01
1.031040102243423462e-01
1.031061559915542603e-01
1.031083613634109497e-01
1.031104773283004761e-01
1.031126230955123901e-01
1.031146794557571411e-01
1.031167954206466675e-01
1.031189411878585815e-01
1.031210571527481079e-01
1.031230837106704712e-01
1.031251996755599976e-01
1.031273454427719116e-01
1.031294018030166626e-01
1.031314581632614136e-01
1.031335145235061646e-01
1.031355410814285278e-01
1.031375676393508911e-01
