8.702837228775024414e-01
8.702024221420288086e-01
8.701211214065551758e-01
8.700398206710815430e-01
8.699582815170288086e-01
8.698767423629760742e-01
8.697952032089233398e-01
8.697136640548706055e-01
8.696318864822387695e-01
8.695501089096069336e-01
8.694680929183959961e-01
8.693863153457641602e-01
8.693042993545532227e-01
8.692222833633422852e-01
8.691402673721313477e-01
8.690580129623413086e-01
8.689757585525512695e-01
8.688935041427612305e-01
8.688112497329711914e-01
8.687289953231811523e-01
8.686465024948120117e-01
8.685640096664428711e-01
8.684815168380737305e-01
8.683987855911254883e-01
8.683161735534667969e-01
8.682335615158081055e-01
8.681507110595703125e-01
8.680678606033325195e-01
8.679848909378051758e-01
8.679019212722778320e-01
8.678189516067504883e-01
8.677359819412231445e-01
8.676530122756958008e-01
8.675698041915893555e-01
8.674868345260620117e-01
8.674035072326660156e-01
8.673201799392700195e-01
8.672369718551635742e-01
8.671535253524780273e-01
8.670700788497924805e-01
8.669866323471069336e-01
8.669031858444213867e-01
8.668195009231567383e-01
8.667360544204711914e-01
8.666523694992065430e-01
8.665686845779418945e-01
8.664849996566772461e-01
8.664013147354125977e-01
8.663176298141479492e-01
8.662337064743041992e-01
8.661497831344604492e-01
8.660658597946166992e-01
8.659819364547729492e-01
8.658980131149291992e-01
8.658138513565063477e-01
8.657299280166625977e-01
8.656457662582397461e-01
8.655616044998168945e-01
8.654774427413940430e-01
8.653932809829711914e-01
8.653091192245483398e-01
8.652247190475463867e-01
8.651405572891235352e-01
8.650561571121215820e-01
8.649717569351196289e-01
8.648873567581176758e-01
8.648029565811157227e-01
8.647185564041137695e-01
8.646341562271118164e-01
8.645495176315307617e-01
8.644648790359497070e-01
8.643804788589477539e-01
8.642958402633666992e-01
8.642112016677856445e-01
8.641266822814941406e-01
8.640419244766235352e-01
8.639572858810424805e-01
8.638726472854614258e-01
8.637877702713012695e-01
8.637028932571411133e-01
8.636182546615600586e-01
8.635333776473999023e-01
8.634485006332397461e-01
8.633637428283691406e-01
8.632787466049194336e-01
8.631939888000488281e-01
8.631089925765991211e-01
8.630241155624389648e-01
8.629392385482788086e-01
8.628543615341186523e-01
8.627692461013793945e-01
8.626843690872192383e-01
8.625992536544799805e-01
8.625141382217407227e-01
8.624292612075805664e-01
8.623441457748413086e-01
8.622590303421020508e-01
8.621739149093627930e-01
8.620890378952026367e-01
8.620036840438842773e-01
8.619185686111450195e-01
8.618334531784057617e-01
8.617483377456665039e-01
8.616632223129272461e-01
8.615781068801879883e-01
8.614929914474487305e-01
8.614076375961303711e-01
8.613225221633911133e-01
8.612374067306518555e-01
8.611521720886230469e-01
8.610669374465942383e-01
8.609818220138549805e-01
8.608964681625366211e-01
8.608113527297973633e-01
8.607259988784790039e-01
8.606406450271606445e-01
8.605555295944213867e-01
8.604702949523925781e-01
8.603850603103637695e-01
8.602999448776245117e-01
8.602145910263061523e-01
8.601292371749877930e-01
8.600440025329589844e-01
8.599587678909301758e-01
8.598736524581909180e-01
8.597884178161621094e-01
8.597031831741333008e-01
8.596178293228149414e-01
8.595327138900756836e-01
8.594473600387573242e-01
8.593622446060180664e-01
8.592768907546997070e-01
8.591915369033813477e-01
8.591064214706420898e-01
8.590211868286132812e-01
8.589359521865844727e-01
8.588508367538452148e-01
8.587656021118164062e-01
8.586803674697875977e-01
8.585952520370483398e-01
8.585098981857299805e-01
8.584247827529907227e-01
8.583396673202514648e-01
8.582545518875122070e-01
8.581694364547729492e-01
8.580842018127441406e-01
8.579989671707153320e-01
8.579138517379760742e-01
8.578289747238159180e-01
8.577438592910766602e-01
8.576585054397583008e-01
8.575736284255981445e-01
8.574885129928588867e-01
8.574036359786987305e-01
8.573185205459594727e-01
8.572334051132202148e-01
8.571482896804809570e-01
8.570634126663208008e-01
8.569784164428710938e-01
8.568934202194213867e-01
8.568085432052612305e-01
8.567236661911010742e-01
8.566385507583618164e-01
8.565536737442016602e-01
8.564687967300415039e-01
8.563841581344604492e-01
8.562990427017211914e-01
8.562144041061401367e-01
8.561295270919799805e-01
8.560446500778198242e-01
8.559598922729492188e-01
8.558751344680786133e-01
8.557902574539184570e-01
8.557057380676269531e-01
8.556209802627563477e-01
8.555363416671752930e-01
8.554515838623046875e-01
8.553670644760131836e-01
8.552824258804321289e-01
8.551977872848510742e-01
8.551131486892700195e-01
8.550287485122680664e-01
8.549441099166870117e-01
8.548597097396850586e-01
8.547753095626831055e-01
8.546906709671020508e-01
8.546065092086791992e-01
8.545218706130981445e-01
8.544377088546752930e-01
8.543530702590942383e-01
8.542689085006713867e-01
8.541846275329589844e-01
8.541003465652465820e-01
8.540161848068237305e-01
8.539319038391113281e-01
8.538476228713989258e-01
8.537635803222656250e-01
8.536795377731323242e-01
8.535953760147094727e-01
8.535112142562866211e-01
8.534270524978637695e-01
8.533431291580200195e-01
8.532592058181762695e-01
8.531752824783325195e-01
8.530913591384887695e-01
8.530073165893554688e-01
8.529235124588012695e-01
8.528395891189575195e-01
8.527559041976928711e-01
8.526719808578491211e-01
8.525882959365844727e-01
8.525046110153198242e-01
8.524209260940551758e-01
8.523372411727905273e-01
8.522535562515258789e-01
8.521699905395507812e-01
8.520864248275756836e-01
8.520029783248901367e-01
8.519195318222045898e-01
8.518360853195190430e-01
8.517526388168334961e-01
8.516691923141479492e-01
8.515858650207519531e-01
8.515025377273559570e-01
8.514193296432495117e-01
8.513360023498535156e-01
8.512529134750366211e-01
8.511697053909301758e-01
8.510864973068237305e-01
8.510035276412963867e-01
8.509203195571899414e-01
8.508373498916625977e-01
8.507542610168457031e-01
8.506714105606079102e-01
8.505884408950805664e-01
8.505054712295532227e-01
8.504227399826049805e-01
8.503397703170776367e-01
8.502570390701293945e-01
8.501743078231811523e-01
8.500915765762329102e-01
8.500088453292846680e-01
8.499263525009155273e-01
8.498436212539672852e-01
8.497611284255981445e-01
8.496786355972290039e-01
8.495961427688598633e-01
8.495136499404907227e-01
8.494311571121215820e-01
8.493489027023315430e-01
8.492666482925415039e-01
8.491843938827514648e-01
8.491021394729614258e-01
8.490198850631713867e-01
8.489378690719604492e-01
8.488558530807495117e-01
8.487735986709594727e-01
8.486915826797485352e-01
8.486095666885375977e-01
8.485277891159057617e-01
8.484457731246948242e-01
8.483639955520629883e-01
8.482819795608520508e-01
8.482002019882202148e-01
8.481186628341674805e-01
8.480368852615356445e-01
8.479551076889038086e-01
8.478735685348510742e-01
8.477920293807983398e-01
8.477104902267456055e-01
8.476287126541137695e-01
8.475474119186401367e-01
8.474661111831665039e-01
8.473848104476928711e-01
8.473032712936401367e-01
8.472219705581665039e-01
8.471409082412719727e-01
8.470596075057983398e-01
8.469785451889038086e-01
8.468974828720092773e-01
8.468164205551147461e-01
8.467353582382202148e-01
8.466544151306152344e-01
8.465734720230102539e-01
8.464926481246948242e-01
8.464117050170898438e-01
8.463310003280639648e-01
8.462500572204589844e-01
8.461693525314331055e-01
8.460887670516967773e-01
8.460081815719604492e-01
8.459275960922241211e-01
8.458470106124877930e-01
8.457665443420410156e-01
8.456860780715942383e-01
8.456057310104370117e-01
8.455253839492797852e-01
8.454451560974121094e-01
8.453646898269653320e-01
8.452845811843872070e-01
8.452044725418090820e-01
8.451243638992309570e-01
8.450442552566528320e-01
8.449641466140747070e-01
8.448842763900756836e-01
8.448044061660766602e-01
8.447242975234985352e-01
8.446444272994995117e-01
8.445647954940795898e-01
8.444849252700805664e-01
8.444052934646606445e-01
8.443256616592407227e-01
8.442460298538208008e-01
8.441663980484008789e-01
8.440870046615600586e-01
8.440073728561401367e-01
8.439279794692993164e-01
8.438485860824584961e-01
8.437691926956176758e-01
8.436899185180664062e-01
8.436107635498046875e-01
8.435316085815429688e-01
8.434523344039916992e-01
8.433731794357299805e-01
8.432941436767578125e-01
8.432151079177856445e-01
8.431361913681030273e-01
8.430572748184204102e-01
8.429783582687377930e-01
8.428996801376342773e-01
8.428210020065307617e-01
8.427420854568481445e-01
8.426634073257446289e-01
8.425847291946411133e-01
8.425062894821166992e-01
8.424276113510131836e-01
8.423491716384887695e-01
8.422707319259643555e-01
8.421922922134399414e-01
8.421139717102050781e-01
8.420356512069702148e-01
8.419574499130249023e-01
8.418792486190795898e-01
8.418010473251342773e-01
8.417229652404785156e-01
8.416448831558227539e-01
8.415669202804565430e-01
8.414889574050903320e-01
8.414109945297241211e-01
8.413332700729370117e-01
8.412553071975708008e-01
8.411775827407836914e-01
8.410998582839965820e-01
8.410221338272094727e-01
8.409444093704223633e-01
8.408669233322143555e-01
8.407894372940063477e-01
8.407119512557983398e-01
8.406344652175903320e-01
8.405569791793823242e-01
8.404797315597534180e-01
8.404024839401245117e-01
8.403252363204956055e-01
8.402479887008666992e-01
8.401707410812377930e-01
8.400937318801879883e-01
8.400167226791381836e-01
8.399395942687988281e-01
8.398627042770385742e-01
8.397856950759887695e-01
8.397089242935180664e-01
8.396321535110473633e-01
8.395553827285766602e-01
8.394786119461059570e-01
8.394020795822143555e-01
8.393253087997436523e-01
8.392487764358520508e-01
8.391722440719604492e-01
8.390959501266479492e-01
8.390194177627563477e-01
8.389431238174438477e-01
8.388668298721313477e-01
8.387905359268188477e-01
8.387142419815063477e-01
8.386381864547729492e-01
8.385618925094604492e-01
8.384858369827270508e-01
8.384099006652832031e-01
8.383339643478393555e-01
8.382579088211059570e-01
8.381820917129516602e-01
8.381062746047973633e-01
8.380304574966430664e-01
8.379546403884887695e-01
8.378790616989135742e-01
8.378034830093383789e-01
8.377279043197631836e-01
8.376523256301879883e-01
8.375768661499023438e-01
8.375014066696166992e-01
8.374260663986206055e-01
8.373507261276245117e-01
8.372753858566284180e-01
8.372002840042114258e-01
8.371249437332153320e-01
8.370498418807983398e-01
8.369747400283813477e-01
8.368996381759643555e-01
8.368247747421264648e-01
8.367499113082885742e-01
8.366748094558715820e-01
8.366001844406127930e-01
8.365253210067749023e-01
8.364505767822265625e-01
8.363760709762573242e-01
8.363012075424194336e-01
8.362265825271606445e-01
8.361520767211914062e-01
8.360776901245117188e-01
8.360031843185424805e-01
8.359287977218627930e-01
8.358544111251831055e-01
8.357802629470825195e-01
8.357058763504028320e-01
8.356317281723022461e-01
8.355575799942016602e-01
8.354835510253906250e-01
8.354095220565795898e-01
8.353356122970581055e-01
8.352614641189575195e-01
8.351877927780151367e-01
8.351138830184936523e-01
8.350400924682617188e-01
8.349663019180297852e-01
8.348927497863769531e-01
8.348189592361450195e-01
8.347454071044921875e-01
8.346718549728393555e-01
8.345984220504760742e-01
8.345249891281127930e-01
8.344515562057495117e-01
8.343782424926757812e-01
8.343049287796020508e-01
8.342317342758178711e-01
8.341587781906127930e-01
8.340854644775390625e-01
8.340123891830444336e-01
8.339394330978393555e-01
8.338664770126342773e-01
8.337935209274291992e-01
8.337208032608032227e-01
8.336478471755981445e-01
8.335751295089721680e-01
8.335024118423461914e-01
8.334296941757202148e-01
8.333569765090942383e-01
8.332844972610473633e-01
8.332120180130004883e-01
8.331395387649536133e-01
8.330670595169067383e-01
8.329948186874389648e-01
8.329225778579711914e-01
8.328503370285034180e-01
8.327780961990356445e-01
8.327058553695678711e-01
8.326338529586791992e-01
8.325618505477905273e-01
8.324898481369018555e-01
8.324178457260131836e-01
8.323460817337036133e-01
8.322743177413940430e-01
8.322023153305053711e-01
8.321305513381958008e-01
8.320590257644653320e-01
8.319875001907348633e-01
8.319157361984252930e-01
8.318442106246948242e-01
8.317729234695434570e-01
8.317013978958129883e-01
8.316301107406616211e-01
8.315588235855102539e-01
8.314875364303588867e-01
8.314162492752075195e-01
8.313452005386352539e-01
8.312741518020629883e-01
8.312031030654907227e-01
8.311320543289184570e-01
8.310612440109252930e-01
8.309903144836425781e-01
8.309196233749389648e-01
8.308488130569458008e-01
8.307780027389526367e-01
8.307074308395385742e-01
8.306368589401245117e-01
8.305662870407104492e-01
8.304957151412963867e-01
8.304253816604614258e-01
8.303550481796264648e-01
8.302845954895019531e-01
8.302143812179565430e-01
8.301442861557006836e-01
8.300739526748657227e-01
8.300038576126098633e-01
8.299337625503540039e-01
8.298639059066772461e-01
8.297938108444213867e-01
8.297241926193237305e-01
8.296542167663574219e-01
8.295844793319702148e-01
8.295146226882934570e-01
8.294450044631958008e-01
8.293753862380981445e-01
8.293057680130004883e-01
8.292363882064819336e-01
8.291670083999633789e-01
8.290976285934448242e-01
8.290282487869262695e-01
8.289589881896972656e-01
8.288897275924682617e-01
8.288205862045288086e-01
8.287514448165893555e-01
8.286824226379394531e-01
8.286134004592895508e-01
8.285446166992187500e-01
8.284758329391479492e-01
8.284069299697875977e-01
8.283380270004272461e-01
8.282693624496459961e-01
8.282006978988647461e-01
8.281321525573730469e-01
8.280636072158813477e-01
8.279951810836791992e-01
8.279267549514770508e-01
8.278583288192749023e-01
8.277901411056518555e-01
8.277219533920288086e-01
8.276537656784057617e-01
8.275855779647827148e-01
8.275176286697387695e-01
8.274494409561157227e-01
8.273816108703613281e-01
8.273137807846069336e-01
8.272458314895629883e-01
8.271781206130981445e-01
8.271104097366333008e-01
8.270426988601684570e-01
8.269752264022827148e-01
8.269077539443969727e-01
8.268402814865112305e-01
8.267728090286254883e-01
8.267053365707397461e-01
8.266382217407226562e-01
8.265708684921264648e-01
8.265038728713989258e-01
8.264368772506713867e-01
8.263696432113647461e-01
8.263026475906372070e-01
8.262357711791992188e-01
8.261688947677612305e-01
8.261021375656127930e-01
8.260353803634643555e-01
8.259687423706054688e-01
8.259021043777465820e-01
8.258355855941772461e-01
8.257690668106079102e-01
8.257026672363281250e-01
8.256362676620483398e-01
8.255699872970581055e-01
8.255037069320678711e-01
8.254375457763671875e-01
8.253713846206665039e-01
8.253053426742553711e-01
8.252393007278442383e-01
8.251734972000122070e-01
8.251076936721801758e-01
8.250418901443481445e-01
8.249760866165161133e-01
8.249105215072631836e-01
8.248449563980102539e-01
8.247793912887573242e-01
8.247138261795043945e-01
8.246483802795410156e-01
8.245829343795776367e-01
8.245177268981933594e-01
8.244525194168090820e-01
8.243874311447143555e-01
8.243223428726196289e-01
8.242572546005249023e-01
8.241924047470092773e-01
8.241273164749145508e-01
8.240624666213989258e-01
8.239978551864624023e-01
8.239331245422363281e-01
8.238686323165893555e-01
8.238040208816528320e-01
8.237394094467163086e-01
8.236750364303588867e-01
8.236106634140014648e-01
8.235462903976440430e-01
8.234821557998657227e-01
8.234180212020874023e-01
8.233538866043090820e-01
8.232897520065307617e-01
8.232258558273315430e-01
8.231619596481323242e-01
8.230980634689331055e-01
8.230344057083129883e-01
8.229707479476928711e-01
8.229070901870727539e-01
8.228434324264526367e-01
8.227800130844116211e-01
8.227165937423706055e-01
8.226532936096191406e-01
8.225899934768676758e-01
8.225268125534057617e-01
8.224636316299438477e-01
8.224004507064819336e-01
8.223375082015991211e-01
8.222745656967163086e-01
8.222118616104125977e-01
8.221489191055297852e-01
8.220862150192260742e-01
8.220235109329223633e-01
8.219610452651977539e-01
8.218984603881835938e-01
8.218361139297485352e-01
8.217736482620239258e-01
8.217114210128784180e-01
8.216491937637329102e-01
8.215870857238769531e-01
8.215249776840209961e-01
8.214629888534545898e-01
8.214010000228881836e-01
8.213390111923217773e-01
8.212772607803344727e-01
8.212155103683471680e-01
8.211539983749389648e-01
8.210924863815307617e-01
8.210307359695434570e-01
8.209694623947143555e-01
8.209081888198852539e-01
8.208466768264770508e-01
8.207855224609375000e-01
8.207244873046875000e-01
8.206633329391479492e-01
8.206024169921875000e-01
8.205415010452270508e-01
8.204807043075561523e-01
8.204197883605957031e-01
8.203591108322143555e-01
8.202985525131225586e-01
8.202379941940307617e-01
8.201774358749389648e-01
8.201171159744262695e-01
8.200567960739135742e-01
8.199964761734008789e-01
8.199363946914672852e-01
8.198763132095336914e-01
8.198162317276000977e-01
8.197563886642456055e-01
8.196963071823120117e-01
8.196367025375366211e-01
8.195768594741821289e-01
8.195172548294067383e-01
8.194576501846313477e-01
8.193982839584350586e-01
8.193386793136596680e-01
8.192795515060424805e-01
8.192201852798461914e-01
8.191609382629394531e-01
8.191019296646118164e-01
8.190430402755737305e-01
8.189839124679565430e-01
8.189250230789184570e-01
8.188661336898803711e-01
8.188074827194213867e-01
8.187488317489624023e-01
8.186902999877929688e-01
8.186317682266235352e-01
8.185735940933227539e-01
8.185151815414428711e-01
8.184567689895629883e-01
8.183985948562622070e-01
8.183406591415405273e-01
8.182826042175292969e-01
8.182247877120971680e-01
8.181668519973754883e-01
8.181091547012329102e-01
8.180514574050903320e-01
8.179937601089477539e-01
8.179363012313842773e-01
8.178788423538208008e-01
8.178215026855468750e-01
8.177642822265625000e-01
8.177070617675781250e-01
8.176498413085937500e-01
8.175927400588989258e-01
8.175358772277832031e-01
8.174790143966674805e-01
8.174222707748413086e-01
8.173655271530151367e-01
8.173087835311889648e-01
8.172522783279418945e-01
8.171957731246948242e-01
8.171395063400268555e-01
8.170830011367797852e-01
8.170267343521118164e-01
8.169707059860229492e-01
8.169146776199340820e-01
8.168586492538452148e-01
8.168028593063354492e-01
8.167470693588256836e-01
8.166912794113159180e-01
8.166354894638061523e-01
8.165799379348754883e-01
8.165246248245239258e-01
8.164690732955932617e-01
8.164137601852416992e-01
8.163586854934692383e-01
8.163033723831176758e-01
8.162484169006347656e-01
8.161934614181518555e-01
8.161383867263793945e-01
8.160837888717651367e-01
8.160289525985717773e-01
8.159743547439575195e-01
8.159197568893432617e-01
8.158653974533081055e-01
8.158107995986938477e-01
8.157566785812377930e-01
8.157023191452026367e-01
8.156481981277465820e-01
8.155941963195800781e-01
8.155401945114135742e-01
8.154863119125366211e-01
8.154326677322387695e-01
8.153787851333618164e-01
8.153253793716430664e-01
8.152717351913452148e-01
8.152183294296264648e-01
8.151649236679077148e-01
8.151116371154785156e-01
8.150585889816284180e-01
8.150051832199096680e-01
8.149522542953491211e-01
8.148993253707885742e-01
8.148463964462280273e-01
8.147937059402465820e-01
8.147411346435546875e-01
8.146885633468627930e-01
8.146361112594604492e-01
8.145836591720581055e-01
8.145312070846557617e-01
8.144789934158325195e-01
8.144267797470092773e-01
8.143748044967651367e-01
8.143228292465209961e-01
8.142708539962768555e-01
8.142191171646118164e-01
8.141673803329467773e-01
8.141158819198608398e-01
8.140641450881958008e-01
8.140126466751098633e-01
8.139613866806030273e-01
8.139103651046752930e-01
8.138589859008789062e-01
8.138078451156616211e-01
8.137568235397338867e-01
8.137060403823852539e-01
8.136550188064575195e-01
8.136042356491088867e-01
8.135536909103393555e-01
8.135031461715698242e-01
8.134526014328002930e-01
8.134022951126098633e-01
8.133519887924194336e-01
8.133019208908081055e-01
8.132516145706176758e-01
8.132015466690063477e-01
8.131517171859741211e-01
8.131018877029418945e-01
8.130520582199096680e-01
8.130024671554565430e-01
8.129528760910034180e-01
8.129032850265502930e-01
8.128539323806762695e-01
8.128045797348022461e-01
8.127554655075073242e-01
8.127061128616333008e-01
8.126572370529174805e-01
8.126081228256225586e-01
8.125592470169067383e-01
8.125103712081909180e-01
8.124617338180541992e-01
8.124130964279174805e-01
8.123646974563598633e-01
8.123162984848022461e-01
8.122678995132446289e-01
8.122197389602661133e-01
8.121714591979980469e-01
8.121234178543090820e-01
8.120754957199096680e-01
8.120275735855102539e-01
8.119798898696899414e-01
8.119319677352905273e-01
8.118845224380493164e-01
8.118370771408081055e-01
8.117895126342773438e-01
8.117421865463256836e-01
8.116949796676635742e-01
8.116477727890014648e-01
8.116006851196289062e-01
8.115538358688354492e-01
8.115067481994628906e-01
8.114598989486694336e-01
8.114132881164550781e-01
8.113666772842407227e-01
8.113201856613159180e-01
8.112736940383911133e-01
8.112273216247558594e-01
8.111811876296997070e-01
8.111349344253540039e-01
8.110886812210083008e-01
8.110429048538208008e-01
8.109968900680541992e-01
8.109511137008666992e-01
8.109053373336791992e-01
8.108597993850708008e-01
8.108142614364624023e-01
8.107687234878540039e-01
8.107234239578247070e-01
8.106783628463745117e-01
8.106328248977661133e-01
8.105880022048950195e-01
8.105429410934448242e-01
8.104981184005737305e-01
8.104532957077026367e-01
8.104084730148315430e-01
8.103638887405395508e-01
8.103193044662475586e-01
8.102749586105346680e-01
8.102306127548217773e-01
8.101862668991088867e-01
8.101421594619750977e-01
8.100978136062622070e-01
8.100539445877075195e-01
8.100100755691528320e-01
8.099662065505981445e-01
8.099225759506225586e-01
8.098789453506469727e-01
8.098354339599609375e-01
8.097919225692749023e-01
8.097485303878784180e-01
8.097053766250610352e-01
8.096622228622436523e-01
8.096190690994262695e-01
8.095761537551879883e-01
8.095331192016601562e-01
8.094903230667114258e-01
8.094476461410522461e-01
8.094049692153930664e-01
8.093625307083129883e-01
8.093198537826538086e-01
8.092776536941528320e-01
8.092352151870727539e-01
8.091931343078613281e-01
8.091510534286499023e-01
8.091088533401489258e-01
8.090668916702270508e-01
8.090251684188842773e-01
8.089834451675415039e-01
8.089418411254882812e-01
8.089002370834350586e-01
8.088588714599609375e-01
8.088175058364868164e-01
8.087762594223022461e-01
8.087350130081176758e-01
8.086937665939331055e-01
8.086527585983276367e-01
8.086118698120117188e-01
8.085709810256958008e-01
8.085302114486694336e-01
8.084896802902221680e-01
8.084489107131958008e-01
8.084086179733276367e-01
8.083680868148803711e-01
8.083277940750122070e-01
8.082875013351440430e-01
8.082474470138549805e-01
8.082073926925659180e-01
8.081673383712768555e-01
8.081275224685668945e-01
8.080877065658569336e-01
8.080481290817260742e-01
8.080083131790161133e-01
8.079689741134643555e-01
8.079295158386230469e-01
8.078900575637817383e-01
8.078509569168090820e-01
8.078118562698364258e-01
8.077727556228637695e-01
8.077336549758911133e-01
8.076947927474975586e-01
8.076559305191040039e-01
8.076173067092895508e-01
8.075786828994750977e-01
8.075400590896606445e-01
8.075016736984252930e-01
8.074632883071899414e-01
8.074249029159545898e-01
8.073867559432983398e-01
8.073486089706420898e-01
8.073107004165649414e-01
8.072727918624877930e-01
8.072347640991210938e-01
8.071969747543334961e-01
8.071593046188354492e-01
8.071218729019165039e-01
8.070842027664184570e-01
8.070467710494995117e-01
8.070095777511596680e-01
8.069723844528198242e-01
8.069351911544799805e-01
8.068979978561401367e-01
8.068610429763793945e-01
8.068240880966186523e-01
8.067873716354370117e-01
8.067506551742553711e-01
8.067139387130737305e-01
8.066773414611816406e-01
8.066407442092895508e-01
8.066045045852661133e-01
8.065681457519531250e-01
8.065319061279296875e-01
8.064957857131958008e-01
8.064597845077514648e-01
8.064237833023071289e-01
8.063879013061523438e-01
8.063520193099975586e-01
8.063164949417114258e-01
8.062807321548461914e-01
8.062452077865600586e-01
8.062096834182739258e-01
8.061742782592773438e-01
8.061389923095703125e-01
8.061038255691528320e-01
8.060687780380249023e-01
8.060337305068969727e-01
8.059986829757690430e-01
8.059636354446411133e-01
8.059290647506713867e-01
8.058942556381225586e-01
8.058596849441528320e-01
8.058251142501831055e-01
8.057905435562133789e-01
8.057562112808227539e-01
8.057218790054321289e-01
8.056877851486206055e-01
8.056536912918090820e-01
8.056193590164184570e-01
8.055855035781860352e-01
8.055516481399536133e-01
8.055177927017211914e-01
8.054841756820678711e-01
8.054503202438354492e-01
8.054169416427612305e-01
8.053833246231079102e-01
8.053499460220336914e-01
8.053165674209594727e-01
8.052834272384643555e-01
8.052502870559692383e-01
8.052171468734741211e-01
8.051842451095581055e-01
8.051511049270629883e-01
8.051182031631469727e-01
8.050855398178100586e-01
8.050528764724731445e-01
8.050202131271362305e-01
8.049877882003784180e-01
8.049553632736206055e-01
8.049229383468627930e-01
8.048905134201049805e-01
8.048583269119262695e-01
8.048261404037475586e-01
8.047941923141479492e-01
8.047622442245483398e-01
8.047302961349487305e-01
8.046984672546386719e-01
8.046666383743286133e-01
8.046349287033081055e-01
8.046034574508666992e-01
8.045719861984252930e-01
8.045405149459838867e-01
8.045090436935424805e-01
8.044778108596801758e-01
8.044465780258178711e-01
8.044155836105346680e-01
8.043843507766723633e-01
8.043535947799682617e-01
8.043226003646850586e-01
8.042917251586914062e-01
8.042608499526977539e-01
8.042303323745727539e-01
8.041995763778686523e-01
8.041690587997436523e-01
8.041386604309082031e-01
8.041082620620727539e-01
8.040779829025268555e-01
8.040477037429809570e-01
8.040175437927246094e-01
8.039875030517578125e-01
8.039574623107910156e-01
8.039275407791137695e-01
8.038977384567260742e-01
8.038679361343383789e-01
8.038381338119506836e-01
8.038085699081420898e-01
8.037790060043334961e-01
8.037494421005249023e-01
8.037201166152954102e-01
8.036907911300659180e-01
8.036614656448364258e-01
8.036321401596069336e-01
8.036030530929565430e-01
8.035739660263061523e-01
8.035449981689453125e-01
8.035162687301635742e-01
8.034873008728027344e-01
8.034585714340209961e-01
8.034297227859497070e-01
8.034011125564575195e-01
8.033725023269653320e-01
8.033441305160522461e-01
8.033157587051391602e-01
8.032871484756469727e-01
8.032590150833129883e-01
8.032307624816894531e-01
8.032026290893554688e-01
8.031746149063110352e-01
8.031464815139770508e-01
8.031185865402221680e-01
8.030906915664672852e-01
8.030629158020019531e-01
8.030352592468261719e-01
8.030074834823608398e-01
8.029798269271850586e-01
8.029524087905883789e-01
8.029249906539916992e-01
8.028975725173950195e-01
8.028701543807983398e-01
8.028429746627807617e-01
8.028157949447631836e-01
8.027886152267456055e-01
8.027615547180175781e-01
8.027344942092895508e-01
8.027076721191406250e-01
8.026808500289916992e-01
8.026539087295532227e-01
8.026274442672729492e-01
8.026005029678344727e-01
8.025740385055541992e-01
8.025474548339843750e-01
8.025208711624145508e-01
8.024945259094238281e-01
8.024682998657226562e-01
8.024419546127319336e-01
8.024157285690307617e-01
8.023895025253295898e-01
8.023635149002075195e-01
8.023375272750854492e-01
8.023115396499633789e-01
8.022857904434204102e-01
8.022598028182983398e-01
8.022340536117553711e-01
8.022083044052124023e-01
8.021826744079589844e-01
8.021572828292846680e-01
8.021315336227416992e-01
8.021060228347778320e-01
8.020807504653930664e-01
8.020553588867187500e-01
8.020302057266235352e-01
8.020049333572387695e-01
8.019798994064331055e-01
8.019546270370483398e-01
8.019295930862426758e-01
8.019046783447265625e-01
8.018797636032104492e-01
8.018549680709838867e-01
8.018301725387573242e-01
8.018053770065307617e-01
8.017808198928833008e-01
8.017560243606567383e-01
8.017315864562988281e-01
8.017071485519409180e-01
8.016825914382934570e-01
8.016582727432250977e-01
8.016339540481567383e-01
8.016098737716674805e-01
8.015855550765991211e-01
8.015614748001098633e-01
8.015373945236206055e-01
8.015133142471313477e-01
8.014892339706420898e-01
8.014653921127319336e-01
8.014415502548217773e-01
8.014177083969116211e-01
8.013938665390014648e-01
8.013702630996704102e-01
8.013466596603393555e-01
8.013230562210083008e-01
8.012995719909667969e-01
8.012760877609252930e-01
8.012527227401733398e-01
8.012293577194213867e-01
8.012059926986694336e-01
8.011827468872070312e-01
8.011597394943237305e-01
8.011363744735717773e-01
8.011132478713989258e-01
8.010903596878051758e-01
8.010673522949218750e-01
8.010444641113281250e-01
8.010214567184448242e-01
8.009988069534301758e-01
8.009759187698364258e-01
8.009532690048217773e-01
8.009306192398071289e-01
8.009079694747924805e-01
8.008853197097778320e-01
8.008629083633422852e-01
8.008404970169067383e-01
8.008180856704711914e-01
8.007956743240356445e-01
8.007735013961791992e-01
8.007512092590332031e-01
8.007289171218872070e-01
8.007067441940307617e-01
8.006848096847534180e-01
8.006626367568969727e-01
8.006407022476196289e-01
8.006187677383422852e-01
8.005968332290649414e-01
8.005751371383666992e-01
8.005532026290893555e-01
8.005315065383911133e-01
8.005098104476928711e-01
8.004881143569946289e-01
8.004664182662963867e-01
8.004449605941772461e-01
8.004235029220581055e-01
8.004020452499389648e-01
8.003805875778198242e-01
8.003591299057006836e-01
8.003379106521606445e-01
8.003166913986206055e-01
8.002954721450805664e-01
8.002742528915405273e-01
8.002530336380004883e-01
8.002320528030395508e-01
8.002110719680786133e-01
8.001900911331176758e-01
8.001691102981567383e-01
8.001481294631958008e-01
8.001273870468139648e-01
8.001065254211425781e-01
8.000859022140502930e-01
8.000651597976684570e-01
8.000444173812866211e-01
8.000239133834838867e-01
8.000031709671020508e-01
7.999826073646545410e-01
7.999621033668518066e-01
7.999416589736938477e-01
7.999212145805358887e-01
7.999009490013122559e-01
7.998805642127990723e-01
7.998604178428649902e-01
7.998400330543518066e-01
7.998198866844177246e-01
7.997998595237731934e-01
7.997797131538391113e-01
7.997594475746154785e-01
7.997394800186157227e-01
7.997196316719055176e-01
7.996997237205505371e-01
7.996796965599060059e-01
7.996597886085510254e-01
7.996401190757751465e-01
7.996202111244201660e-01
7.996005415916442871e-01
7.995806932449340820e-01
7.995610833168029785e-01
7.995415329933166504e-01
7.995219826698303223e-01
7.995024323463439941e-01
7.994828820228576660e-01
7.994633316993713379e-01
7.994440197944641113e-01
7.994247078895568848e-01
7.994052767753601074e-01
7.993860244750976562e-01
7.993667721748352051e-01
7.993474602699279785e-01
7.993283271789550781e-01
7.993091940879821777e-01
7.992900609970092773e-01
7.992710471153259277e-01
7.992519736289978027e-01
7.992329001426696777e-01
7.992139458656311035e-01
7.991949319839477539e-01
7.991762161254882812e-01
7.991572022438049316e-01
7.991384863853454590e-01
7.991195917129516602e-01
7.991008758544921875e-01
7.990822196006774902e-01
7.990635037422180176e-01
7.990447878837585449e-01
7.990263700485229492e-01
7.990075945854187012e-01
7.989892363548278809e-01
7.989706397056579590e-01
7.989521026611328125e-01
7.989338040351867676e-01
7.989153265953063965e-01
7.988969087600708008e-01
7.988786697387695312e-01
7.988601922988891602e-01
7.988420128822326660e-01
7.988238334655761719e-01
7.988056540489196777e-01
7.987874746322631836e-01
7.987693548202514648e-01
7.987512350082397461e-01
7.987331748008728027e-01
7.987151145935058594e-01
7.986970543861389160e-01
7.986791729927062988e-01
7.986611723899841309e-01
7.986431717872619629e-01
7.986254096031188965e-01
7.986074686050415039e-01
7.985897064208984375e-01
7.985719442367553711e-01
7.985542416572570801e-01
7.985364198684692383e-01
7.985186576843261719e-01
7.985010147094726562e-01
7.984834313392639160e-01
7.984657883644104004e-01
7.984483838081359863e-01
7.984306216239929199e-01
7.984132170677185059e-01
7.983956336975097656e-01
7.983781695365905762e-01
7.983607649803161621e-01
7.983434796333312988e-01
7.983259558677673340e-01
7.983085513114929199e-01
7.982912659645080566e-01
7.982739806175231934e-01
7.982568144798278809e-01
7.982395887374877930e-01
7.982224225997924805e-01
7.982050180435180664e-01
7.981880903244018555e-01
7.981709837913513184e-01
7.981538176536560059e-01
7.981366515159606934e-01
7.981196045875549316e-01
7.981027364730834961e-01
7.980856299400329590e-01
7.980685830116271973e-01
7.980517745018005371e-01
7.980347871780395508e-01
7.980179190635681152e-01
7.980011105537414551e-01
7.979841828346252441e-01
7.979673743247985840e-01
7.979506254196166992e-01
7.979337573051452637e-01
7.979171872138977051e-01
7.979002594947814941e-01
7.978838086128234863e-01
7.978668808937072754e-01
7.978502511978149414e-01
7.978338003158569336e-01
7.978171706199645996e-01
7.978005409240722656e-01
7.977839708328247070e-01
7.977675199508666992e-01
7.977510094642639160e-01
7.977344393730163574e-01
7.977179884910583496e-01
7.977014780044555664e-01
7.976851463317871094e-01
7.976688742637634277e-01
7.976524233818054199e-01
7.976360917091369629e-01
7.976197600364685059e-01
7.976034879684448242e-01
7.975870370864868164e-01
7.975708246231079102e-01
7.975546121597290039e-01
7.975383400917053223e-01
7.975221276283264160e-01
7.975061535835266113e-01
7.974899411201477051e-01
7.974738478660583496e-01
7.974576354026794434e-01
7.974415421485900879e-01
7.974253892898559570e-01
7.974094748497009277e-01
7.973933815956115723e-01
7.973774671554565430e-01
7.973613142967224121e-01
7.973453402519226074e-01
7.973294854164123535e-01
7.973136305809020996e-01
7.972975969314575195e-01
7.972817420959472656e-01
7.972658872604370117e-01
7.972499728202819824e-01
7.972341179847717285e-01
7.972182631492614746e-01
7.972025275230407715e-01
7.971867918968200684e-01
7.971709966659545898e-01
7.971553206443786621e-01
7.971395254135131836e-01
7.971238493919372559e-01
7.971081137657165527e-01
7.970923781394958496e-01
7.970767617225646973e-01
7.970610260963439941e-01
7.970455288887023926e-01
7.970298528671264648e-01
7.970142364501953125e-01
7.969985604286193848e-01
7.969831228256225586e-01
7.969675660133361816e-01
7.969521284103393555e-01
7.969365119934082031e-01
7.969209551811218262e-01
7.969055771827697754e-01
7.968900799751281738e-01
7.968745827674865723e-01
7.968592047691345215e-01
7.968436479568481445e-01
7.968283295631408691e-01
7.968129515647888184e-01
7.967975735664367676e-01
7.967820763587951660e-01
7.967668175697326660e-01
7.967514991760253906e-01
7.967361807823181152e-01
7.967208623886108398e-01
7.967056632041931152e-01
7.966903448104858398e-01
7.966750860214233398e-01
7.966598868370056152e-01
7.966445684432983398e-01
7.966294288635253906e-01
7.966141104698181152e-01
7.965989112854003906e-01
7.965837121009826660e-01
7.965685129165649414e-01
7.965534329414367676e-01
7.965382933616638184e-01
7.965231537818908691e-01
7.965079545974731445e-01
7.964929342269897461e-01
7.964778542518615723e-01
7.964628338813781738e-01
7.964477539062500000e-01
7.964325547218322754e-01
7.964175939559936523e-01
7.964025139808654785e-01
7.963876128196716309e-01
7.963724732398986816e-01
7.963575124740600586e-01
7.963424921035766602e-01
7.963275909423828125e-01
7.963125109672546387e-01
7.962975502014160156e-01
7.962827086448669434e-01
7.962678670883178711e-01
7.962527871131896973e-01
7.962379455566406250e-01
7.962231040000915527e-01
7.962080240249633789e-01
7.961932420730590820e-01
7.961783409118652344e-01
7.961634993553161621e-01
7.961487174034118652e-01
7.961339354515075684e-01
7.961189150810241699e-01
7.961042523384094238e-01
7.960893511772155762e-01
7.960744500160217285e-01
7.960597276687622070e-01
7.960451245307922363e-01
7.960301637649536133e-01
7.960153818130493164e-01
7.960006594657897949e-01
7.959860563278198242e-01
7.959712743759155273e-01
7.959565520286560059e-01
7.959417700767517090e-01
7.959270477294921875e-01
7.959123253822326660e-01
7.958975434303283691e-01
7.958829998970031738e-01
7.958683371543884277e-01
7.958535552024841309e-01
7.958388924598693848e-01
7.958242297172546387e-01
7.958096861839294434e-01
7.957950234413146973e-01
7.957803606986999512e-01
7.957657575607299805e-01
7.957511544227600098e-01
7.957364320755004883e-01
7.957218885421752930e-01
7.957072854042053223e-01
7.956928014755249023e-01
7.956781387329101562e-01
7.956636548042297363e-01
7.956489920616149902e-01
7.956343889236450195e-01
7.956199049949645996e-01
7.956052422523498535e-01
7.955908179283142090e-01
7.955761551856994629e-01
7.955617308616638184e-01
7.955470681190490723e-01
7.955326437950134277e-01
7.955181002616882324e-01
7.955036759376525879e-01
7.954891920089721680e-01
7.954745888710021973e-01
7.954601645469665527e-01
7.954456210136413574e-01
7.954311966896057129e-01
7.954167723655700684e-01
7.954021692276000977e-01
7.953877449035644531e-01
7.953731417655944824e-01
7.953588366508483887e-01
7.953444123268127441e-01
7.953299880027770996e-01
7.953155636787414551e-01
7.953010201454162598e-01
7.952865958213806152e-01
7.952722907066345215e-01
7.952576875686645508e-01
7.952433228492736816e-01
7.952289581298828125e-01
7.952145338058471680e-01
7.952001690864562988e-01
7.951856255531311035e-01
7.951713204383850098e-01
7.951569557189941406e-01
7.951425909996032715e-01
7.951282262802124023e-01
7.951137423515319824e-01
7.950993180274963379e-01
7.950850129127502441e-01
7.950707077980041504e-01
7.950562834739685059e-01
7.950419783592224121e-01
7.950275540351867676e-01
7.950132489204406738e-01
7.949987649917602539e-01
7.949844598770141602e-01
7.949700951576232910e-01
7.949557900428771973e-01
7.949414253234863281e-01
7.949270606040954590e-01
7.949127554893493652e-01
7.948984503746032715e-01
7.948841452598571777e-01
7.948696017265319824e-01
7.948552966117858887e-01
7.948409914970397949e-01
7.948266863822937012e-01
7.948123812675476074e-01
7.947980165481567383e-01
7.947837710380554199e-01
7.947694063186645508e-01
7.947551012039184570e-01
7.947407364845275879e-01
7.947264909744262695e-01
7.947121858596801758e-01
7.946978807449340820e-01
7.946835756301879883e-01
7.946692109107971191e-01
7.946549057960510254e-01
7.946406006813049316e-01
7.946263551712036133e-01
7.946119904518127441e-01
7.945976853370666504e-01
7.945833802223205566e-01
7.945690751075744629e-01
7.945547699928283691e-01
7.945404648780822754e-01
7.945261597633361816e-01
7.945118546485900879e-01
7.944976091384887695e-01
7.944833636283874512e-01
7.944690585136413574e-01
7.944547533988952637e-01
7.944404482841491699e-01
7.944263815879821777e-01
7.944120168685913086e-01
7.943977117538452148e-01
7.943834066390991211e-01
7.943689227104187012e-01
7.943548560142517090e-01
7.943405508995056152e-01
7.943262457847595215e-01
7.943119406700134277e-01
7.942976355552673340e-01
7.942833304405212402e-01
7.942690253257751465e-01
7.942547202110290527e-01
7.942404747009277344e-01
7.942261099815368652e-01
7.942118644714355469e-01
7.941976189613342285e-01
7.941833138465881348e-01
7.941689491271972656e-01
7.941546440124511719e-01
7.941403985023498535e-01
7.941260933876037598e-01
7.941117882728576660e-01
7.940974831581115723e-01
7.940831780433654785e-01
7.940688729286193848e-01
7.940546274185180664e-01
7.940402626991271973e-01
7.940259575843811035e-01
7.940117120742797852e-01
7.939973473548889160e-01
7.939830422401428223e-01
7.939687967300415039e-01
7.939544320106506348e-01
7.939401268959045410e-01
7.939258217811584473e-01
7.939115166664123535e-01
7.938972711563110352e-01
7.938829064369201660e-01
7.938686013221740723e-01
7.938542962074279785e-01
7.938399910926818848e-01
7.938256859779357910e-01
7.938113808631896973e-01
7.937970757484436035e-01
7.937827706336975098e-01
7.937684059143066406e-01
7.937540411949157715e-01
7.937397360801696777e-01
7.937254309654235840e-01
7.937111258506774902e-01
7.936968207359313965e-01
7.936824560165405273e-01
7.936681509017944336e-01
7.936536669731140137e-01
7.936393022537231445e-01
7.936249971389770508e-01
7.936106324195861816e-01
7.935962677001953125e-01
7.935820221900939941e-01
7.935675978660583496e-01
7.935532927513122559e-01
7.935389876365661621e-01
7.935245633125305176e-01
7.935102581977844238e-01
7.934957742691040039e-01
7.934814095497131348e-01
7.934671044349670410e-01
7.934526801109313965e-01
7.934383749961853027e-01
7.934240102767944336e-01
7.934097051620483398e-01
7.933951616287231445e-01
7.933807969093322754e-01
7.933664917945861816e-01
7.933520674705505371e-01
7.933377027511596680e-01
7.933233380317687988e-01
7.933087944984436035e-01
7.932944893836975098e-01
7.932800650596618652e-01
7.932657003402709961e-01
7.932511568069458008e-01
7.932367920875549316e-01
7.932224273681640625e-01
7.932080030441284180e-01
7.931936979293823242e-01
7.931790947914123535e-01
7.931646704673767090e-01
7.931503653526306152e-01
7.931357622146606445e-01
7.931213378906250000e-01
7.931069731712341309e-01
7.930926084518432617e-01
7.930780053138732910e-01
7.930635809898376465e-01
7.930492758750915527e-01
7.930346131324768066e-01
7.930202484130859375e-01
7.930057644844055176e-01
7.929912209510803223e-01
7.929767966270446777e-01
7.929622530937194824e-01
7.929478287696838379e-01
7.929334044456481934e-01
7.929188013076782227e-01
7.929043769836425781e-01
7.928897738456726074e-01
7.928752899169921875e-01
7.928609251976013184e-01
7.928463220596313477e-01
7.928318977355957031e-01
7.928172945976257324e-01
7.928028702735900879e-01
7.927884459495544434e-01
7.927737832069396973e-01
7.927592992782592773e-01
7.927446961402893066e-01
7.927302718162536621e-01
7.927156686782836914e-01
7.927011847496032715e-01
7.926865220069885254e-01
7.926720976829528809e-01
7.926574349403381348e-01
7.926429510116577148e-01
7.926283478736877441e-01
7.926139235496520996e-01
7.925992608070373535e-01
7.925845980644226074e-01
7.925701141357421875e-01
7.925553917884826660e-01
7.925409674644470215e-01
7.925263047218322754e-01
7.925118207931518555e-01
7.924970984458923340e-01
7.924824357032775879e-01
7.924679517745971680e-01
7.924532890319824219e-01
7.924385666847229004e-01
7.924240827560424805e-01
7.924094200134277344e-01
7.923946976661682129e-01
7.923801541328430176e-01
7.923654913902282715e-01
7.923508286476135254e-01
7.923362851142883301e-01
7.923216223716735840e-01
7.923069000244140625e-01
7.922921776771545410e-01
7.922775149345397949e-01
7.922629714012145996e-01
7.922483086585998535e-01
7.922335267066955566e-01
7.922189831733703613e-01
7.922042608261108398e-01
7.921895980834960938e-01
7.921748757362365723e-01
7.921600937843322754e-01
7.921453714370727539e-01
7.921308279037475586e-01
7.921161055564880371e-01
7.921013236045837402e-01
7.920865416526794434e-01
7.920718193054199219e-01
7.920570969581604004e-01
7.920423150062561035e-01
7.920275926589965820e-01
7.920129895210266113e-01
7.919980287551879883e-01
7.919835448265075684e-01
7.919687032699584961e-01
7.919539809226989746e-01
7.919391989707946777e-01
7.919244170188903809e-01
7.919096350669860840e-01
7.918948531150817871e-01
7.918800711631774902e-01
7.918652296066284180e-01
7.918505072593688965e-01
7.918357253074645996e-01
7.918209433555603027e-01
7.918061017990112305e-01
7.917911410331726074e-01
7.917764782905578613e-01
7.917615175247192383e-01
7.917466759681701660e-01
7.917319536209106445e-01
7.917170524597167969e-01
7.917022705078125000e-01
7.916874885559082031e-01
7.916725873947143555e-01
7.916578054428100586e-01
7.916427254676818848e-01
7.916279435157775879e-01
7.916131615638732910e-01
7.915982604026794434e-01
7.915834784507751465e-01
7.915685772895812988e-01
7.915536165237426758e-01
7.915387153625488281e-01
7.915238738059997559e-01
7.915088534355163574e-01
7.914939522743225098e-01
7.914791107177734375e-01
7.914642691612243652e-01
7.914494276046752930e-01
7.914343476295471191e-01
7.914194464683532715e-01
7.914046049118041992e-01
7.913895249366760254e-01
7.913746833801269531e-01
7.913597822189331055e-01
7.913447022438049316e-01
7.913298606872558594e-01
7.913149595260620117e-01
7.912998795509338379e-01
7.912849783897399902e-01
7.912700772285461426e-01
7.912549376487731934e-01
7.912400960922241211e-01
7.912250161170959473e-01
7.912100553512573242e-01
7.911949753761291504e-01
7.911800742149353027e-01
7.911649346351623535e-01
7.911500334739685059e-01
7.911349534988403320e-01
7.911199927330017090e-01
7.911049127578735352e-01
7.910899519920349121e-01
7.910748124122619629e-01
7.910599112510681152e-01
7.910447716712951660e-01
7.910298109054565430e-01
7.910146713256835938e-01
7.909997701644897461e-01
7.909846305847167969e-01
7.909694910049438477e-01
7.909545302391052246e-01
7.909393906593322754e-01
7.909242510795593262e-01
7.909092903137207031e-01
7.908940911293029785e-01
7.908791899681091309e-01
7.908639907836914062e-01
7.908488512039184570e-01
7.908338308334350586e-01
7.908186912536621094e-01
7.908034920692443848e-01
7.907885313034057617e-01
7.907733321189880371e-01
7.907581925392150879e-01
7.907429933547973633e-01
7.907279729843139648e-01
7.907127737998962402e-01
7.906976342201232910e-01
7.906823754310607910e-01
7.906674146652221680e-01
7.906522154808044434e-01
7.906370162963867188e-01
7.906218171119689941e-01
7.906066179275512695e-01
7.905915975570678711e-01
7.905763983726501465e-01
7.905611395835876465e-01
7.905459403991699219e-01
7.905307412147521973e-01
7.905154824256896973e-01
7.905002832412719727e-01
7.904853224754333496e-01
7.904699444770812988e-01
7.904547452926635742e-01
7.904396057128906250e-01
7.904242873191833496e-01
7.904090285301208496e-01
7.903938293457031250e-01
7.903785705566406250e-01
7.903633713722229004e-01
7.903481125831604004e-01
7.903328537940979004e-01
7.903175950050354004e-01
7.903023362159729004e-01
7.902870774269104004e-01
7.902718186378479004e-01
7.902565598487854004e-01
7.902413010597229004e-01
7.902260422706604004e-01
7.902106642723083496e-01
7.901954054832458496e-01
7.901801466941833496e-01
7.901648879051208496e-01
7.901496291160583496e-01
7.901343107223510742e-01
7.901190519332885742e-01
7.901037335395812988e-01
7.900882959365844727e-01
7.900729775428771973e-01
7.900576591491699219e-01
7.900423407554626465e-01
7.900270819664001465e-01
7.900117635726928711e-01
7.899963259696960449e-01
7.899810075759887695e-01
7.899656295776367188e-01
7.899503111839294434e-01
7.899350523948669434e-01
7.899197340011596680e-01
7.899042367935180664e-01
7.898889183998107910e-01
7.898735404014587402e-01
7.898582220077514648e-01
7.898427248001098633e-01
7.898273468017578125e-01
7.898120284080505371e-01
7.897967100143432617e-01
7.897812128067016602e-01
7.897658944129943848e-01
7.897504568099975586e-01
7.897350192070007324e-01
7.897196412086486816e-01
7.897042632102966309e-01
7.896887063980102539e-01
7.896733880043029785e-01
7.896580100059509277e-01
7.896426916122436523e-01
7.896271347999572754e-01
7.896117568016052246e-01
7.895963788032531738e-01
7.895808219909667969e-01
7.895654439926147461e-01
7.895499467849731445e-01
7.895345687866210938e-01
7.895189523696899414e-01
7.895035743713378906e-01
7.894881963729858398e-01
7.894726395606994629e-01
7.894572615623474121e-01
7.894417047500610352e-01
7.894262671470642090e-01
7.894107699394226074e-01
7.893953919410705566e-01
7.893799543380737305e-01
7.893643379211425781e-01
7.893489599227905273e-01
7.893333435058593750e-01
7.893179059028625488e-01
7.893024086952209473e-01
7.892867922782897949e-01
7.892713546752929688e-01
7.892559766769409180e-01
7.892403006553649902e-01
7.892248034477233887e-01
7.892093658447265625e-01
7.891937494277954102e-01
7.891783118247985840e-01
7.891627550125122070e-01
7.891473174095153809e-01
7.891317009925842285e-01
7.891162633895874023e-01
7.891006469726562500e-01
7.890850305557250977e-01
7.890695929527282715e-01
7.890539765357971191e-01
7.890385389328002930e-01
7.890229821205139160e-01
7.890073060989379883e-01
7.889918684959411621e-01
7.889761924743652344e-01
7.889605760574340820e-01
7.889451384544372559e-01
7.889295220375061035e-01
7.889139056205749512e-01
7.888984680175781250e-01
7.888827919960021973e-01
7.888673543930053711e-01
7.888516783714294434e-01
7.888360619544982910e-01
7.888203859329223633e-01
7.888049483299255371e-01
7.887892723083496094e-01
7.887735962867736816e-01
7.887581586837768555e-01
7.887425422668457031e-01
7.887268662452697754e-01
7.887113690376281738e-01
7.886956930160522461e-01
7.886800765991210938e-01
7.886644601821899414e-01
7.886487245559692383e-01
7.886332869529724121e-01
7.886175513267517090e-01
7.886019349098205566e-01
7.885864377021789551e-01
7.885707616806030273e-01
7.885550856590270996e-01
7.885394692420959473e-01
7.885237336158752441e-01
7.885082364082336426e-01
7.884925603866577148e-01
7.884769439697265625e-01
7.884612679481506348e-01
7.884455323219299316e-01
7.884300351142883301e-01
7.884144186973571777e-01
7.883986830711364746e-01
7.883830070495605469e-01
7.883673310279846191e-01
7.883516550064086914e-01
7.883359789848327637e-01
7.883203625679016113e-01
7.883047461509704590e-01
7.882890701293945312e-01
7.882733941078186035e-01
7.882576584815979004e-01
7.882421612739562988e-01
7.882264852523803711e-01
7.882107496261596680e-01
7.881950736045837402e-01
7.881794571876525879e-01
7.881637215614318848e-01
7.881479859352111816e-01
7.881322503089904785e-01
7.881165742874145508e-01
7.881010174751281738e-01
7.880853414535522461e-01
7.880696058273315430e-01
7.880539298057556152e-01
7.880381941795349121e-01
7.880224585533142090e-01
7.880067825317382812e-01
7.879911065101623535e-01
7.879753708839416504e-01
7.879596352577209473e-01
7.879439592361450195e-01
7.879284024238586426e-01
7.879125475883483887e-01
7.878969311714172363e-01
7.878812551498413086e-01
7.878654599189758301e-01
7.878497838973999023e-01
7.878341078758239746e-01
7.878183722496032715e-01
7.878026962280273438e-01
7.877869009971618652e-01
7.877712249755859375e-01
7.877554893493652344e-01
7.877398133277893066e-01
7.877240180969238281e-01
7.877082824707031250e-01
7.876926064491271973e-01
7.876768708229064941e-01
7.876611351966857910e-01
7.876453995704650879e-01
7.876296639442443848e-01
7.876139283180236816e-01
7.875981926918029785e-01
7.875825166702270508e-01
7.875667214393615723e-01
7.875509858131408691e-01
7.875352501869201660e-01
7.875195145606994629e-01
7.875038385391235352e-01
7.874881029129028320e-01
7.874723672866821289e-01
7.874566912651062012e-01
7.874408364295959473e-01
7.874251604080200195e-01
7.874094247817993164e-01
7.873936891555786133e-01
7.873779535293579102e-01
7.873621582984924316e-01
7.873464822769165039e-01
7.873307466506958008e-01
7.873150110244750977e-01
7.872992753982543945e-01
7.872834801673889160e-01
7.872677445411682129e-01
7.872520089149475098e-01
7.872362732887268066e-01
7.872205376625061035e-01
7.872048020362854004e-01
7.871890664100646973e-01
7.871733307838439941e-01
7.871575951576232910e-01
7.871418595314025879e-01
7.871260643005371094e-01
7.871103286743164062e-01
7.870945930480957031e-01
7.870788574218750000e-01
7.870630621910095215e-01
7.870474457740783691e-01
7.870317101478576660e-01
7.870159149169921875e-01
7.870001792907714844e-01
7.869843840599060059e-01
7.869687080383300781e-01
7.869529128074645996e-01
7.869371771812438965e-01
7.869214415550231934e-01
7.869057655334472656e-01
7.868899703025817871e-01
7.868742346763610840e-01
7.868584990501403809e-01
7.868427634239196777e-01
7.868270277976989746e-01
7.868112325668334961e-01
7.867955565452575684e-01
7.867798209190368652e-01
7.867640852928161621e-01
7.867482900619506836e-01
7.867326140403747559e-01
7.867168188095092773e-01
7.867010831832885742e-01
7.866854071617126465e-01
7.866696715354919434e-01
7.866538763046264648e-01
7.866381406784057617e-01
7.866222262382507324e-01
7.866067290306091309e-01
7.865909337997436523e-01
7.865752577781677246e-01
7.865594625473022461e-01
7.865437269210815430e-01
7.865279912948608398e-01
7.865122556686401367e-01
7.864963412284851074e-01
7.864807844161987305e-01
7.864651083946228027e-01
7.864493727684020996e-01
7.864336371421813965e-01
7.864179015159606934e-01
7.864021062850952148e-01
7.863863706588745117e-01
7.863706350326538086e-01
7.863549590110778809e-01
7.863392233848571777e-01
7.863235473632812500e-01
7.863077521324157715e-01
7.862920165061950684e-01
7.862762808799743652e-01
7.862606048583984375e-01
7.862448692321777344e-01
7.862291932106018066e-01
7.862134575843811035e-01
7.861977219581604004e-01
7.861819863319396973e-01
7.861663103103637695e-01
7.861505150794982910e-01
7.861348390579223633e-01
7.861190438270568848e-01
7.861033678054809570e-01
7.860878109931945801e-01
7.860721945762634277e-01
7.860563993453979492e-01
7.860407233238220215e-01
7.860249876976013184e-01
7.860093116760253906e-01
7.859936356544494629e-01
7.859778404235839844e-01
7.859621644020080566e-01
7.859464287757873535e-01
7.859307527542114258e-01
7.859151959419250488e-01
7.858993411064147949e-01
7.858837842941284180e-01
7.858680486679077148e-01
7.858523726463317871e-01
7.858366966247558594e-01
7.858210206031799316e-01
7.858052849769592285e-01
7.857896685600280762e-01
7.857740521430969238e-01
7.857583761215209961e-01
7.857427000999450684e-01
7.857269644737243652e-01
7.857113480567932129e-01
7.856956124305725098e-01
7.856799364089965820e-01
7.856643795967102051e-01
7.856487631797790527e-01
7.856330275535583496e-01
7.856172919273376465e-01
7.856016755104064941e-01
7.855861783027648926e-01
7.855705022811889648e-01
7.855548262596130371e-01
7.855390906333923340e-01
7.855234742164611816e-01
7.855077981948852539e-01
7.854923009872436523e-01
7.854766249656677246e-01
7.854609489440917969e-01
7.854453325271606445e-01
7.854297757148742676e-01
7.854141592979431152e-01
7.853984832763671875e-01
7.853828072547912598e-01
7.853671908378601074e-01
7.853516936302185059e-01
7.853360772132873535e-01
7.853203415870666504e-01
7.853046655654907227e-01
7.852892279624938965e-01
7.852735519409179688e-01
7.852581143379211426e-01
7.852424383163452148e-01
7.852268218994140625e-01
7.852112054824829102e-01
7.851957082748413086e-01
7.851800918579101562e-01
7.851644158363342285e-01
7.851489782333374023e-01
7.851333022117614746e-01
7.851176857948303223e-01
7.851022481918334961e-01
7.850866317749023438e-01
7.850709557533264160e-01
7.850555181503295898e-01
7.850399017333984375e-01
7.850242257118225098e-01
7.850088477134704590e-01
7.849932312965393066e-01
7.849778532981872559e-01
7.849621772766113281e-01
7.849466204643249512e-01
7.849311232566833496e-01
7.849155068397521973e-01
7.849000692367553711e-01
7.848845124244689941e-01
7.848690748214721680e-01
7.848534584045410156e-01
7.848378419876098633e-01
7.848224043846130371e-01
7.848068475723266602e-01
7.847914099693298340e-01
7.847758531570434570e-01
7.847604155540466309e-01
7.847447991371154785e-01
7.847294211387634277e-01
7.847138047218322754e-01
7.846984267234802246e-01
7.846828699111938477e-01
7.846674323081970215e-01
7.846518754959106445e-01
7.846364378929138184e-01
7.846211194992065430e-01
7.846055626869201660e-01
7.845901250839233398e-01
7.845746278762817383e-01
7.845591902732849121e-01
7.845436334609985352e-01
7.845283150672912598e-01
7.845129370689392090e-01
7.844973206520080566e-01
7.844819426536560059e-01
7.844665646553039551e-01
7.844510674476623535e-01
7.844356894493103027e-01
7.844201922416687012e-01
7.844048142433166504e-01
7.843894362449645996e-01
7.843738794326782227e-01
7.843585610389709473e-01
7.843431830406188965e-01
7.843276858329772949e-01
7.843123078346252441e-01
7.842970490455627441e-01
7.842816710472106934e-01
7.842662930488586426e-01
7.842507958412170410e-01
7.842354178428649902e-01
7.842200994491577148e-01
7.842046618461608887e-01
7.841893434524536133e-01
7.841740250587463379e-01
7.841586470603942871e-01
7.841433286666870117e-01
7.841280102729797363e-01
7.841125726699829102e-01
7.840972542762756348e-01
7.840819358825683594e-01
7.840666174888610840e-01
7.840513586997985840e-01
7.840358614921569824e-01
7.840206027030944824e-01
7.840052843093872070e-01
7.839899659156799316e-01
7.839747071266174316e-01
7.839594483375549316e-01
7.839441299438476562e-01
7.839288711547851562e-01
7.839136123657226562e-01
7.838982939720153809e-01
7.838830351829528809e-01
7.838677763938903809e-01
7.838525176048278809e-01
7.838372588157653809e-01
7.838220000267028809e-01
7.838067412376403809e-01
7.837914824485778809e-01
7.837762236595153809e-01
7.837610840797424316e-01
7.837457656860351562e-01
7.837305068969726562e-01
7.837153077125549316e-01
7.837000489234924316e-01
7.836849093437194824e-01
7.836696505546569824e-01
7.836543917655944824e-01
7.836393713951110840e-01
7.836241126060485840e-01
7.836089134216308594e-01
7.835937142372131348e-01
7.835785150527954102e-01
7.835634350776672363e-01
7.835482954978942871e-01
7.835330367088317871e-01
7.835178971290588379e-01
7.835026979446411133e-01
7.834874987602233887e-01
7.834724783897399902e-01
7.834573388099670410e-01
7.834421396255493164e-01
7.834271192550659180e-01
7.834119200706481934e-01
7.833967804908752441e-01
7.833816409111022949e-01
7.833666205406188965e-01
7.833514809608459473e-01
7.833364605903625488e-01
7.833213210105895996e-01
7.833061814308166504e-01
7.832912206649780273e-01
7.832760810852050781e-01
7.832609415054321289e-01
7.832459807395935059e-01
7.832308411598205566e-01
7.832158803939819336e-01
7.832007408142089844e-01
7.831858396530151367e-01
7.831707000732421875e-01
7.831557989120483398e-01
7.831406593322753906e-01
7.831255197525024414e-01
7.831106781959533691e-01
7.830955386161804199e-01
7.830806374549865723e-01
7.830657362937927246e-01
7.830505967140197754e-01
7.830356955528259277e-01
7.830206155776977539e-01
7.830057144165039062e-01
7.829908132553100586e-01
7.829757332801818848e-01
7.829608321189880371e-01
7.829458117485046387e-01
7.829309105873107910e-01
7.829160690307617188e-01
7.829009890556335449e-01
7.828860878944396973e-01
7.828712463378906250e-01
7.828563451766967773e-01
7.828415036201477051e-01
7.828264832496643066e-01
7.828115820884704590e-01
7.827968001365661621e-01
7.827817797660827637e-01
7.827668786048889160e-01
7.827520966529846191e-01
7.827371954917907715e-01
7.827223539352416992e-01
7.827075719833374023e-01
7.826927304267883301e-01
7.826777100563049316e-01
7.826629281044006348e-01
7.826481461524963379e-01
7.826333045959472656e-01
7.826184630393981934e-01
7.826037406921386719e-01
7.825888991355895996e-01
7.825741171836853027e-01
7.825593352317810059e-01
7.825445532798767090e-01
7.825297713279724121e-01
7.825149893760681152e-01
7.825002074241638184e-01
7.824854850769042969e-01
7.824707031250000000e-01
7.824559211730957031e-01
7.824411392211914062e-01
7.824264168739318848e-01
7.824116349220275879e-01
7.823970913887023926e-01
7.823821902275085449e-01
7.823676466941833496e-01
7.823528647422790527e-01
7.823382019996643066e-01
7.823234796524047852e-01
7.823089361190795898e-01
7.822942137718200684e-01
7.822794914245605469e-01
7.822647690773010254e-01
7.822502255439758301e-01
7.822355628013610840e-01
7.822209000587463379e-01
7.822061777114868164e-01
7.821916937828063965e-01
7.821769714355468750e-01
7.821623086929321289e-01
7.821478247642517090e-01
7.821331620216369629e-01
7.821186184883117676e-01
7.821039557456970215e-01
7.820893526077270508e-01
7.820748686790466309e-01
7.820602059364318848e-01
7.820457816123962402e-01
7.820311188697814941e-01
7.820166945457458496e-01
7.820020318031311035e-01
7.819875478744506836e-01
7.819730043411254883e-01
7.819585204124450684e-01
7.819440960884094238e-01
7.819294333457946777e-01
7.819148898124694824e-01
7.819004654884338379e-01
7.818860411643981934e-01
7.818714380264282227e-01
7.818570733070373535e-01
7.818426489830017090e-01
7.818281054496765137e-01
7.818136811256408691e-01
7.817993164062500000e-01
7.817849516868591309e-01
7.817705273628234863e-01
7.817559242248535156e-01
7.817416787147521973e-01
7.817272543907165527e-01
7.817127108573913574e-01
7.816982865333557129e-01
7.816839814186096191e-01
7.816696166992187500e-01
7.816552519798278809e-01
7.816409468650817871e-01
7.816266417503356934e-01
7.816122770309448242e-01
7.815977334976196289e-01
7.815836071968078613e-01
7.815693020820617676e-01
7.815548181533813477e-01
7.815406918525695801e-01
7.815263867378234863e-01
7.815119028091430664e-01
7.814977765083312988e-01
7.814834713935852051e-01
7.814692854881286621e-01
7.814549803733825684e-01
7.814406752586364746e-01
7.814264297485351562e-01
7.814121842384338379e-01
7.813978791236877441e-01
7.813836336135864258e-01
7.813695669174194336e-01
7.813553214073181152e-01
7.813411355018615723e-01
7.813268303871154785e-01
7.813128232955932617e-01
7.812985181808471680e-01
7.812843322753906250e-01
7.812702059745788574e-01
7.812559008598327637e-01
7.812418937683105469e-01
7.812276482582092285e-01
7.812137007713317871e-01
7.811994552612304688e-01
7.811852693557739258e-01
7.811712622642517090e-01
7.811570763587951660e-01
7.811431288719177246e-01
7.811289429664611816e-01
7.811149358749389648e-01
7.811008095741271973e-01
7.810867428779602051e-01
7.810726761817932129e-01
7.810586690902709961e-01
7.810445427894592285e-01
7.810305953025817871e-01
7.810164690017700195e-01
7.810025811195373535e-01
7.809885740280151367e-01
7.809745073318481445e-01
7.809605598449707031e-01
7.809466123580932617e-01
7.809325456619262695e-01
7.809186577796936035e-01
7.809047102928161621e-01
7.808906435966491699e-01
7.808766961097717285e-01
7.808628082275390625e-01
7.808489203453063965e-01
7.808350324630737305e-01
7.808209657669067383e-01
7.808070778846740723e-01
7.807932496070861816e-01
7.807794213294982910e-01
7.807655930519104004e-01
7.807516455650329590e-01
7.807378172874450684e-01
7.807239890098571777e-01
7.807101607322692871e-01
7.806963324546813965e-01
7.806825041770935059e-01
7.806686758995056152e-01
7.806548476219177246e-01
7.806410789489746094e-01
7.806272506713867188e-01
7.806134819984436035e-01
7.805996537208557129e-01
7.805858254432678223e-01
7.805720567703247070e-01
7.805584669113159180e-01
7.805446982383728027e-01
7.805308699607849121e-01
7.805171608924865723e-01
7.805033326148986816e-01
7.804897427558898926e-01
7.804760336875915527e-01
7.804623246192932129e-01
7.804487347602844238e-01
7.804350256919860840e-01
7.804213166236877441e-01
7.804077267646789551e-01
7.803940176963806152e-01
7.803803086280822754e-01
7.803667783737182617e-01
7.803531289100646973e-01
7.803394198417663574e-01
7.803258895874023438e-01
7.803121805191040039e-01
7.802987098693847656e-01
7.802850604057312012e-01
7.802715301513671875e-01
7.802579998970031738e-01
7.802444100379943848e-01
7.802308797836303711e-01
7.802172899246215820e-01
7.802038192749023438e-01
7.801902890205383301e-01
7.801766991615295410e-01
7.801632881164550781e-01
7.801498174667358398e-01
7.801362872123718262e-01
7.801228165626525879e-01
7.801093459129333496e-01
7.800959348678588867e-01
7.800825834274291992e-01
7.800689935684204102e-01
7.800555229187011719e-01
7.800421118736267090e-01
7.800287604331970215e-01
7.800154089927673340e-01
7.800020575523376465e-01
7.799884676933288574e-01
7.799751162528991699e-01
7.799617052078247070e-01
7.799483537673950195e-01
7.799350023269653320e-01
7.799216508865356445e-01
7.799082994461059570e-01
7.798951864242553711e-01
7.798816561698913574e-01
7.798684835433959961e-01
7.798551321029663086e-01
7.798418402671813965e-01
7.798285484313964844e-01
7.798151969909667969e-01
7.798019647598266602e-01
7.797887921333312988e-01
7.797755599021911621e-01
7.797623276710510254e-01
7.797489762306213379e-01
7.797357439994812012e-01
7.797226309776306152e-01
7.797093987464904785e-01
7.796962857246398926e-01
7.796831130981445312e-01
7.796698212623596191e-01
7.796567678451538086e-01
7.796435952186584473e-01
7.796305418014526367e-01
7.796173095703125000e-01
7.796041369438171387e-01
7.795910239219665527e-01
7.795780301094055176e-01
7.795648574829101562e-01
7.795516848564147949e-01
7.795386910438537598e-01
7.795256972312927246e-01
7.795124650001525879e-01
7.794994711875915527e-01
7.794862985610961914e-01
7.794733643531799316e-01
7.794603705406188965e-01
7.794474363327026367e-01
7.794342637062072754e-01
7.794213294982910156e-01
7.794083952903747559e-01
7.793954610824584961e-01
7.793823480606079102e-01
7.793694138526916504e-01
7.793564796447753906e-01
7.793436050415039062e-01
7.793306112289428711e-01
7.793177962303161621e-01
7.793046832084655762e-01
7.792919278144836426e-01
7.792789340019226074e-01
7.792661786079406738e-01
7.792531847953796387e-01
7.792404294013977051e-01
7.792273759841918945e-01
7.792146801948547363e-01
7.792016863822937012e-01
7.791889905929565430e-01
7.791761755943298340e-01
7.791633605957031250e-01
7.791505455970764160e-01
7.791377305984497070e-01
7.791248559951782227e-01
7.791122198104858398e-01
7.790994048118591309e-01
7.790866494178771973e-01
7.790738344192504883e-01
7.790611982345581055e-01
7.790484428405761719e-01
7.790356874465942383e-01
7.790231108665466309e-01
7.790103554725646973e-01
7.789976000785827637e-01
7.789849638938903809e-01
7.789722681045532227e-01
7.789596319198608398e-01
7.789469361305236816e-01
7.789344191551208496e-01
7.789216637611389160e-01
7.789091467857360840e-01
7.788963913917541504e-01
7.788838744163513184e-01
7.788714170455932617e-01
7.788587212562561035e-01
7.788461446762084961e-01
7.788335680961608887e-01
7.788209915161132812e-01
7.788085341453552246e-01
7.787960171699523926e-01
7.787833809852600098e-01
7.787709236145019531e-01
7.787584662437438965e-01
7.787458300590515137e-01
7.787333130836486816e-01
7.787209153175354004e-01
7.787085175514221191e-01
7.786960005760192871e-01
7.786836028099060059e-01
7.786711454391479492e-01
7.786588072776794434e-01
7.786463499069213867e-01
7.786338925361633301e-01
7.786214947700500488e-01
7.786091566085815430e-01
7.785967588424682617e-01
7.785844206809997559e-01
7.785720229148864746e-01
7.785596251487731934e-01
7.785472869873046875e-01
7.785349488258361816e-01
7.785226106643676758e-01
7.785104513168334961e-01
7.784980535507202148e-01
7.784857749938964844e-01
7.784734368324279785e-01
7.784612774848937988e-01
7.784489989280700684e-01
7.784366607666015625e-01
7.784243226051330566e-01
7.784122228622436523e-01
7.784000039100646973e-01
7.783878445625305176e-01
7.783755660057067871e-01
7.783633470535278320e-01
7.783512473106384277e-01
7.783389687538146973e-01
7.783268690109252930e-01
7.783147096633911133e-01
7.783026099205017090e-01
7.782903909683227539e-01
7.782783508300781250e-01
7.782663106918334961e-01
7.782540917396545410e-01
7.782420516014099121e-01
7.782300710678100586e-01
7.782178521156311035e-01
7.782058119773864746e-01
7.781938314437866211e-01
7.781818509101867676e-01
7.781696915626525879e-01
7.781577110290527344e-01
7.781457304954528809e-01
7.781335711479187012e-01
7.781215906143188477e-01
7.781096100807189941e-01
7.780976891517639160e-01
7.780857682228088379e-01
7.780737876892089844e-01
7.780618071556091309e-01
7.780498862266540527e-01
7.780379652976989746e-01
7.780261039733886719e-01
7.780141830444335938e-01
7.780022621154785156e-01
7.779903411865234375e-01
7.779784798622131348e-01
7.779665589332580566e-01
7.779548764228820801e-01
7.779430150985717773e-01
7.779311537742614746e-01
7.779192924499511719e-01
7.779074907302856445e-01
7.778957486152648926e-01
7.778839468955993652e-01
7.778721451759338379e-01
7.778602838516235352e-01
7.778486013412475586e-01
7.778368592262268066e-01
7.778249382972717285e-01
7.778133749961853027e-01
7.778015732765197754e-01
7.777899503707885742e-01
7.777782082557678223e-01
7.777665853500366211e-01
7.777548432350158691e-01
7.777432203292846680e-01
7.777314782142639160e-01
7.777199149131774902e-01
7.777081727981567383e-01
7.776966691017150879e-01
7.776850461959838867e-01
7.776733040809631348e-01
7.776617407798767090e-01
7.776502966880798340e-01
7.776384949684143066e-01
7.776270508766174316e-01
7.776154875755310059e-01
7.776040434837341309e-01
7.775924801826477051e-01
7.775808572769165039e-01
7.775693535804748535e-01
7.775578498840332031e-01
7.775463461875915527e-01
7.775349020957946777e-01
7.775234580039978027e-01
7.775119543075561523e-01
7.775005102157592773e-01
7.774890661239624023e-01
7.774776220321655273e-01
7.774662375450134277e-01
7.774547934532165527e-01
7.774433493614196777e-01
7.774319648742675781e-01
7.774205803871154785e-01
7.774091362953186035e-01
7.773979306221008301e-01
7.773865461349487305e-01
7.773751616477966309e-01
7.773637771606445312e-01
7.773523926734924316e-01
7.773412466049194336e-01
7.773298621177673340e-01
7.773185372352600098e-01
7.773073911666870117e-01
7.772960066795349121e-01
7.772846817970275879e-01
7.772735953330993652e-01
7.772622704505920410e-01
7.772510647773742676e-01
7.772397994995117188e-01
7.772285342216491699e-01
7.772174477577209473e-01
7.772060632705688477e-01
7.771950364112854004e-01
7.771838903427124023e-01
7.771726846694946289e-01
7.771615386009216309e-01
7.771505117416381836e-01
7.771392464637756348e-01
7.771281599998474121e-01
7.771171331405639648e-01
7.771058678627014160e-01
7.770949006080627441e-01
7.770838737487792969e-01
7.770727872848510742e-01
7.770616412162780762e-01
7.770505547523498535e-01
7.770395874977111816e-01
7.770286202430725098e-01
7.770175337791442871e-01
7.770065665245056152e-01
7.769955992698669434e-01
7.769846320152282715e-01
7.769736647605895996e-01
7.769626975059509277e-01
7.769516706466674805e-01
7.769408226013183594e-01
7.769298553466796875e-01
7.769188284873962402e-01
7.769079804420471191e-01
7.768970727920532227e-01
7.768860459327697754e-01
7.768753767013549805e-01
7.768644690513610840e-01
7.768535614013671875e-01
7.768426537513732910e-01
7.768318057060241699e-01
7.768210768699645996e-01
7.768102288246154785e-01
7.767995595932006836e-01
7.767886519432067871e-01
7.767778635025024414e-01
7.767671942710876465e-01
7.767563462257385254e-01
7.767456173896789551e-01
7.767347693443298340e-01
7.767240405082702637e-01
7.767133116722106934e-01
7.767027616500854492e-01
7.766919732093811035e-01
7.766813039779663086e-01
7.766705155372619629e-01
7.766599059104919434e-01
7.766492962837219238e-01
7.766385674476623535e-01
7.766280174255371094e-01
7.766174077987670898e-01
7.766066193580627441e-01
7.765961289405822754e-01
7.765855193138122559e-01
7.765749692916870117e-01
7.765642404556274414e-01
7.765536904335021973e-01
7.765432000160217285e-01
7.765326499938964844e-01
7.765220999717712402e-01
7.765116095542907715e-01
7.765011191368103027e-01
7.764905691146850586e-01
7.764801383018493652e-01
7.764696478843688965e-01
7.764591574668884277e-01
7.764486670494079590e-01
7.764381766319274902e-01
7.764276862144470215e-01
7.764172554016113281e-01
7.764068841934204102e-01
7.763965725898742676e-01
7.763861417770385742e-01
7.763757109642028809e-01
7.763653397560119629e-01
7.763548493385314941e-01
7.763444781303405762e-01
7.763342261314392090e-01
7.763239145278930664e-01
7.763136029243469238e-01
7.763032317161560059e-01
7.762928605079650879e-01
7.762826681137084961e-01
7.762723565101623535e-01
7.762621045112609863e-01
7.762517929077148438e-01
7.762414813041687012e-01
7.762312889099121094e-01
7.762209177017211914e-01
7.762108445167541504e-01
7.762006521224975586e-01
7.761903405189514160e-01
7.761802077293395996e-01
7.761699557304382324e-01
7.761598825454711914e-01
7.761497497558593750e-01
7.761396169662475586e-01
7.761293649673461914e-01
7.761192321777343750e-01
7.761092185974121094e-01
7.760991454124450684e-01
7.760888934135437012e-01
7.760788202285766602e-01
7.760687470436096191e-01
7.760587334632873535e-01
7.760486602783203125e-01
7.760385870933532715e-01
7.760286331176757812e-01
7.760185599327087402e-01
7.760085463523864746e-01
7.759985327720642090e-01
7.759885191917419434e-01
7.759785056114196777e-01
7.759686112403869629e-01
7.759585976600646973e-01
7.759485840797424316e-01
7.759386301040649414e-01
7.759288549423217773e-01
7.759189009666442871e-01
7.759090065956115723e-01
7.758989930152893066e-01
7.758892178535461426e-01
7.758793234825134277e-01
7.758693695068359375e-01
7.758594751358032227e-01
7.758497595787048340e-01
7.758398652076721191e-01
7.758300900459289551e-01
7.758201956748962402e-01
7.758103013038635254e-01
7.758006453514099121e-01
7.757907509803771973e-01
7.757810950279235840e-01
7.757713198661804199e-01
7.757616043090820312e-01
7.757518887519836426e-01
7.757420539855957031e-01
7.757323980331420898e-01
7.757225632667541504e-01
7.757129073143005371e-01
7.757032513618469238e-01
7.756934762001037598e-01
7.756838798522949219e-01
7.756742238998413086e-01
7.756645083427429199e-01
7.756548523902893066e-01
7.756452560424804688e-01
7.756356596946716309e-01
7.756260633468627930e-01
7.756165266036987305e-01
7.756069302558898926e-01
7.755973935127258301e-01
7.755876779556274414e-01
7.755781412124633789e-01
7.755686044692993164e-01
7.755590677261352539e-01
7.755495309829711914e-01
7.755399942398071289e-01
7.755304574966430664e-01
7.755210995674133301e-01
7.755115628242492676e-01
7.755020856857299805e-01
7.754926681518554688e-01
7.754831910133361816e-01
7.754736542701721191e-01
7.754644155502319336e-01
7.754548788070678711e-01
7.754454612731933594e-01
7.754359841346740723e-01
7.754266858100891113e-01
7.754172682762145996e-01
7.754078507423400879e-01
7.753986120223999023e-01
7.753891348838806152e-01
7.753799557685852051e-01
7.753705382347106934e-01
7.753611207008361816e-01
7.753519415855407715e-01
7.753425240516662598e-01
7.753332853317260742e-01
7.753240466117858887e-01
7.753147482872009277e-01
7.753055691719055176e-01
7.752962112426757812e-01
7.752870917320251465e-01
7.752777338027954102e-01
7.752686142921447754e-01
7.752593755722045898e-01
7.752500772476196289e-01
7.752409577369689941e-01
7.752317786216735840e-01
7.752227187156677246e-01
7.752135992050170898e-01
7.752044796943664551e-01
7.751951813697814941e-01
7.751861214637756348e-01
7.751770615577697754e-01
7.751678824424743652e-01
7.751587629318237305e-01
7.751497626304626465e-01
7.751407027244567871e-01
7.751315832138061523e-01
7.751225829124450684e-01
7.751135230064392090e-01
7.751045227050781250e-01
7.750954627990722656e-01
7.750864028930664062e-01
7.750774025917053223e-01
7.750684022903442383e-01
7.750595211982727051e-01
7.750505208969116211e-01
7.750415802001953125e-01
7.750325798988342285e-01
7.750236392021179199e-01
7.750147581100463867e-01
7.750058174133300781e-01
7.749968767166137695e-01
7.749880552291870117e-01
7.749791145324707031e-01
7.749702334403991699e-01
7.749614119529724121e-01
7.749527096748352051e-01
7.749437689781188965e-01
7.749348282814025879e-01
7.749260663986206055e-01
7.749171853065490723e-01
7.749084234237670898e-01
7.748996019363403320e-01
7.748908400535583496e-01
7.748819589614868164e-01
7.748733162879943848e-01
7.748645544052124023e-01
7.748557925224304199e-01
7.748470902442932129e-01
7.748383879661560059e-01
7.748296856880187988e-01
7.748209238052368164e-01
7.748122811317443848e-01
7.748035788536071777e-01
7.747949361801147461e-01
7.747863531112670898e-01
7.747775912284851074e-01
7.747688889503479004e-01
7.747603058815002441e-01
7.747516632080078125e-01
7.747430801391601562e-01
7.747344970703125000e-01
7.747259140014648438e-01
7.747173309326171875e-01
7.747087478637695312e-01
7.747001051902770996e-01
7.746916413307189941e-01
7.746830582618713379e-01
7.746745944023132324e-01
7.746660113334655762e-01
7.746576070785522461e-01
7.746490836143493652e-01
7.746406197547912598e-01
7.746320366859436035e-01
7.746236920356750488e-01
7.746152281761169434e-01
7.746067047119140625e-01
7.745983004570007324e-01
7.745898962020874023e-01
7.745814323425292969e-01
7.745729684829711914e-01
7.745646834373474121e-01
7.745562195777893066e-01
7.745479941368103027e-01
7.745394706726074219e-01
7.745313048362731934e-01
7.745228409767150879e-01
7.745145559310913086e-01
7.745061516761779785e-01
7.744979262351989746e-01
7.744894623756408691e-01
7.744812965393066406e-01
7.744730114936828613e-01
7.744646668434143066e-01
7.744564414024353027e-01
7.744482159614562988e-01
7.744398713111877441e-01
7.744316458702087402e-01
7.744235396385192871e-01
7.744151949882507324e-01
7.744069695472717285e-01
7.743988633155822754e-01
7.743906974792480469e-01
7.743825316429138184e-01
7.743743658065795898e-01
7.743661999702453613e-01
7.743579745292663574e-01
