8.706191778182983398e-01
8.705340623855590820e-01
8.704487085342407227e-01
8.703633546829223633e-01
8.702780008316040039e-01
8.701924085617065430e-01
8.701068162918090820e-01
8.700209856033325195e-01
8.699350357055664062e-01
8.698492050170898438e-01
8.697630167007446289e-01
8.696769475936889648e-01
8.695906400680541992e-01
8.695043325424194336e-01
8.694180250167846680e-01
8.693312406539916992e-01
8.692446947097778320e-01
8.691581487655639648e-01
8.690713644027709961e-01
8.689843416213989258e-01
8.688974380493164062e-01
8.688105344772338867e-01
8.687232732772827148e-01
8.686362504959106445e-01
8.685488700866699219e-01
8.684614896774291992e-01
8.683742284774780273e-01
8.682864904403686523e-01
8.681989908218383789e-01
8.681112527847290039e-01
8.680237531661987305e-01
8.679357767105102539e-01
8.678480386734008789e-01
8.677600622177124023e-01
8.676720857620239258e-01
8.675838708877563477e-01
8.674956560134887695e-01
8.674074411392211914e-01
8.673192262649536133e-01
8.672310113906860352e-01
8.671426773071289062e-01
8.670541048049926758e-01
8.669656515121459961e-01
8.668770790100097656e-01
8.667885065078735352e-01
8.666998147964477539e-01
8.666111230850219727e-01
8.665224313735961914e-01
8.664332628250122070e-01
8.663445711135864258e-01
8.662556409835815430e-01
8.661665916442871094e-01
8.660775423049926758e-01
8.659886121749877930e-01
8.658994436264038086e-01
8.658102750778198242e-01
8.657208681106567383e-01
8.656316995620727539e-01
8.655425310134887695e-01
8.654531240463256836e-01
8.653637170791625977e-01
8.652744293212890625e-01
8.651849031448364258e-01
8.650954961776733398e-01
8.650059700012207031e-01
8.649164438247680664e-01
8.648267984390258789e-01
8.647371530532836914e-01
8.646477460861206055e-01
8.645581007003784180e-01
8.644682168960571289e-01
8.643785715103149414e-01
8.642888069152832031e-01
8.641990423202514648e-01
8.641091585159301758e-01
8.640195131301879883e-01
8.639296293258666992e-01
8.638397455215454102e-01
8.637501001358032227e-01
8.636599779129028320e-01
8.635702133178710938e-01
8.634802103042602539e-01
8.633903264999389648e-01
8.633004426956176758e-01
8.632105588912963867e-01
8.631205558776855469e-01
8.630305528640747070e-01
8.629406690597534180e-01
8.628505468368530273e-01
8.627606630325317383e-01
8.626707792282104492e-01
8.625806570053100586e-01
8.624906539916992188e-01
8.624006509780883789e-01
8.623105287551879883e-01
8.622206449508666992e-01
8.621306419372558594e-01
8.620406389236450195e-01
8.619507551193237305e-01
8.618606328964233398e-01
8.617706298828125000e-01
8.616806268692016602e-01
8.615907430648803711e-01
8.615006208419799805e-01
8.614107370376586914e-01
8.613208532333374023e-01
8.612309694290161133e-01
8.611408472061157227e-01
8.610509634017944336e-01
8.609610795974731445e-01
8.608711957931518555e-01
8.607813119888305664e-01
8.606914281845092773e-01
8.606015443801879883e-01
8.605118989944458008e-01
8.604221343994140625e-01
8.603323698043823242e-01
8.602424860000610352e-01
8.601528406143188477e-01
8.600631952285766602e-01
8.599734306335449219e-01
8.598836660385131836e-01
8.597941398620605469e-01
8.597044944763183594e-01
8.596149682998657227e-01
8.595253229141235352e-01
8.594359159469604492e-01
8.593463897705078125e-01
8.592568635940551758e-01
8.591674566268920898e-01
8.590780496597290039e-01
8.589886426925659180e-01
8.588992357254028320e-01
8.588100671768188477e-01
8.587208986282348633e-01
8.586317300796508789e-01
8.585423231124877930e-01
8.584532737731933594e-01
8.583642244338989258e-01
8.582750558853149414e-01
8.581858873367309570e-01
8.580970764160156250e-01
8.580080270767211914e-01
8.579192161560058594e-01
8.578304052352905273e-01
8.577414751052856445e-01
8.576527833938598633e-01
8.575640916824340820e-01
8.574753999710083008e-01
8.573867082595825195e-01
8.572980165481567383e-01
8.572095632553100586e-01
8.571211099624633789e-01
8.570326566696166992e-01
8.569442033767700195e-01
8.568559885025024414e-01
8.567676544189453125e-01
8.566793203353881836e-01
8.565913438796997070e-01
8.565031290054321289e-01
8.564151525497436523e-01
8.563270568847656250e-01
8.562391996383666992e-01
8.561512231826782227e-01
8.560632467269897461e-01
8.559755086898803711e-01
8.558877706527709961e-01
8.558000326156616211e-01
8.557125329971313477e-01
8.556250333786010742e-01
8.555375337600708008e-01
8.554500341415405273e-01
8.553627729415893555e-01
8.552752733230590820e-01
8.551880121231079102e-01
8.551007509231567383e-01
8.550137281417846680e-01
8.549267053604125977e-01
8.548396825790405273e-01
8.547526597976684570e-01
8.546658754348754883e-01
8.545790910720825195e-01
8.544923067092895508e-01
8.544057607650756836e-01
8.543190956115722656e-01
8.542326688766479492e-01
8.541461229324340820e-01
8.540595769882202148e-01
8.539733886718750000e-01
8.538870811462402344e-01
8.538008928298950195e-01
8.537148237228393555e-01
8.536287546157836914e-01
8.535426855087280273e-01
8.534568548202514648e-01
8.533710241317749023e-01
8.532851934432983398e-01
8.531996011734008789e-01
8.531137704849243164e-01
8.530284166336059570e-01
8.529428243637084961e-01
8.528574705123901367e-01
8.527721166610717773e-01
8.526870012283325195e-01
8.526016473770141602e-01
8.525165319442749023e-01
8.524316549301147461e-01
8.523465394973754883e-01
8.522616624832153320e-01
8.521767854690551758e-01
8.520921468734741211e-01
8.520075082778930664e-01
8.519229888916015625e-01
8.518384695053100586e-01
8.517540693283081055e-01
8.516696691513061523e-01
8.515853881835937500e-01
8.515013456344604492e-01
8.514171838760375977e-01
8.513330221176147461e-01
8.512490987777709961e-01
8.511651754379272461e-01
8.510813713073730469e-01
8.509975671768188477e-01
8.509140014648437500e-01
8.508304357528686523e-01
8.507469892501831055e-01
8.506635427474975586e-01
8.505803346633911133e-01
8.504968881607055664e-01
8.504139184951782227e-01
8.503307104110717773e-01
8.502477407455444336e-01
8.501647710800170898e-01
8.500820398330688477e-01
8.499993085861206055e-01
8.499165773391723633e-01
8.498338460922241211e-01
8.497513532638549805e-01
8.496688604354858398e-01
8.495866060256958008e-01
8.495043516159057617e-01
8.494220972061157227e-01
8.493399620056152344e-01
8.492578268051147461e-01
8.491759300231933594e-01
8.490940332412719727e-01
8.490122556686401367e-01
8.489304780960083008e-01
8.488489389419555664e-01
8.487672805786132812e-01
8.486858606338500977e-01
8.486045598983764648e-01
8.485232591629028320e-01
8.484419584274291992e-01
8.483606576919555664e-01
8.482795953750610352e-01
8.481985330581665039e-01
8.481177091598510742e-01
8.480368852615356445e-01
8.479562997817993164e-01
8.478754758834838867e-01
8.477948904037475586e-01
8.477144241333007812e-01
8.476339578628540039e-01
8.475536108016967773e-01
8.474732637405395508e-01
8.473931550979614258e-01
8.473130464553833008e-01
8.472329378128051758e-01
8.471530675888061523e-01
8.470731973648071289e-01
8.469934463500976562e-01
8.469136953353881836e-01
8.468340635299682617e-01
8.467546701431274414e-01
8.466750383377075195e-01
8.465956449508666992e-01
8.465164899826049805e-01
8.464370965957641602e-01
8.463579416275024414e-01
8.462790250778198242e-01
8.461999893188476562e-01
8.461209535598754883e-01
8.460421562194824219e-01
8.459633588790893555e-01
8.458846807479858398e-01
8.458061218261718750e-01
8.457275629043579102e-01
8.456491231918334961e-01
8.455706834793090820e-01
8.454924821853637695e-01
8.454142808914184570e-01
8.453360795974731445e-01
8.452581167221069336e-01
8.451800346374511719e-01
8.451021909713745117e-01
8.450242280960083008e-01
8.449465036392211914e-01
8.448687791824340820e-01
8.447912931442260742e-01
8.447138071060180664e-01
8.446363210678100586e-01
8.445588350296020508e-01
8.444815874099731445e-01
8.444043397903442383e-01
8.443270921707153320e-01
8.442500829696655273e-01
8.441730737686157227e-01
8.440960645675659180e-01
8.440192937850952148e-01
8.439425230026245117e-01
8.438657522201538086e-01
8.437889814376831055e-01
8.437124490737915039e-01
8.436360359191894531e-01
8.435593843460083008e-01
8.434833288192749023e-01
8.434067964553833008e-01
8.433307409286499023e-01
8.432544469833374023e-01
8.431783914566040039e-01
8.431023359298706055e-01
8.430265188217163086e-01
8.429507017135620117e-01
8.428748846054077148e-01
8.427990674972534180e-01
8.427234888076782227e-01
8.426479101181030273e-01
8.425723314285278320e-01
8.424969911575317383e-01
8.424214124679565430e-01
8.423461914062500000e-01
8.422709703445434570e-01
8.421956300735473633e-01
8.421205282211303711e-01
8.420454263687133789e-01
8.419705629348754883e-01
8.418955802917480469e-01
8.418208360671997070e-01
8.417459726333618164e-01
8.416711091995239258e-01
8.415966033935546875e-01
8.415218591690063477e-01
8.414474725723266602e-01
8.413729667663574219e-01
8.412984609603881836e-01
8.412243127822875977e-01
8.411499261856079102e-01
8.410757780075073242e-01
8.410016298294067383e-01
8.409274816513061523e-01
8.408535718917846680e-01
8.407794237136840820e-01
8.407055139541625977e-01
8.406318426132202148e-01
8.405579328536987305e-01
8.404842615127563477e-01
8.404105901718139648e-01
8.403369188308715820e-01
8.402633666992187500e-01
8.401898145675659180e-01
8.401165008544921875e-01
8.400430679321289062e-01
8.399697542190551758e-01
8.398965597152709961e-01
8.398233652114868164e-01
8.397501707077026367e-01
8.396772146224975586e-01
8.396040201187133789e-01
8.395310640335083008e-01
8.394583463668823242e-01
8.393853902816772461e-01
8.393126726150512695e-01
8.392397165298461914e-01
8.391671180725097656e-01
8.390945196151733398e-01
8.390218019485473633e-01
8.389493227005004883e-01
8.388768434524536133e-01
8.388046026229858398e-01
8.387321233749389648e-01
8.386598825454711914e-01
8.385876417160034180e-01
8.385154008865356445e-01
8.384432792663574219e-01
8.383711576461791992e-01
8.382991552352905273e-01
8.382271528244018555e-01
8.381551504135131836e-01
8.380833864212036133e-01
8.380113840103149414e-01
8.379396200180053711e-01
8.378678560256958008e-01
8.377960920333862305e-01
8.377245664596557617e-01
8.376530408859252930e-01
8.375815153121948242e-01
8.375099897384643555e-01
8.374384641647338867e-01
8.373669385910034180e-01
8.372956514358520508e-01
8.372243642807006836e-01
8.371530771255493164e-01
8.370819091796875000e-01
8.370107412338256836e-01
8.369396924972534180e-01
8.368684053421020508e-01
8.367975950241088867e-01
8.367265462875366211e-01
8.366557359695434570e-01
8.365849256515502930e-01
8.365138769149780273e-01
8.364430665969848633e-01
8.363722562789916992e-01
8.363016843795776367e-01
8.362308740615844727e-01
8.361603021621704102e-01
8.360899686813354492e-01
8.360193967819213867e-01
8.359488248825073242e-01
8.358782529830932617e-01
8.358079195022583008e-01
8.357375860214233398e-01
8.356672525405883789e-01
8.355969190597534180e-01
8.355268239974975586e-01
8.354564905166625977e-01
8.353863954544067383e-01
8.353163003921508789e-01
8.352460861206054688e-01
8.351761102676391602e-01
8.351060152053833008e-01
8.350362777709960938e-01
8.349663019180297852e-01
8.348964452743530273e-01
8.348265886306762695e-01
8.347567319869995117e-01
8.346871137619018555e-01
8.346174955368041992e-01
8.345476388931274414e-01
8.344780206680297852e-01
8.344084024429321289e-01
8.343387842178344727e-01
8.342694044113159180e-01
8.341997861862182617e-01
8.341304063796997070e-01
8.340610265731811523e-01
8.339916467666625977e-01
8.339222669601440430e-01
8.338528871536254883e-01
8.337837457656860352e-01
8.337146043777465820e-01
8.336453437805175781e-01
8.335763216018676758e-01
8.335071802139282227e-01
8.334380388259887695e-01
8.333688974380493164e-01
8.332999944686889648e-01
8.332309722900390625e-01
8.331621885299682617e-01
8.330932855606079102e-01
8.330243825912475586e-01
8.329554796218872070e-01
8.328866958618164062e-01
8.328179121017456055e-01
8.327492475509643555e-01
8.326805830001831055e-01
8.326119184494018555e-01
8.325432538986206055e-01
8.324747085571289062e-01
8.324060440063476562e-01
8.323374986648559570e-01
8.322690725326538086e-01
8.322006464004516602e-01
8.321322202682495117e-01
8.320637941360473633e-01
8.319954872131347656e-01
8.319271802902221680e-01
8.318587541580200195e-01
8.317908048629760742e-01
8.317223787307739258e-01
8.316541910171508789e-01
8.315860033035278320e-01
8.315180540084838867e-01
8.314498662948608398e-01
8.313817977905273438e-01
8.313137292861938477e-01
8.312457799911499023e-01
8.311778306961059570e-01
8.311098814010620117e-01
8.310421705245971680e-01
8.309742212295532227e-01
8.309062719345092773e-01
8.308385610580444336e-01
8.307706117630004883e-01
8.307029008865356445e-01
8.306351900100708008e-01
8.305677175521850586e-01
8.305000066757202148e-01
8.304324150085449219e-01
8.303648233413696289e-01
8.302973508834838867e-01
8.302297592163085938e-01
8.301621675491333008e-01
8.300948143005371094e-01
8.300274610519409180e-01
8.299599885940551758e-01
8.298926353454589844e-01
8.298252820968627930e-01
8.297580480575561523e-01
8.296908140182495117e-01
8.296235799789428711e-01
8.295563459396362305e-01
8.294892311096191406e-01
8.294221162796020508e-01
8.293551206588745117e-01
8.292878866195678711e-01
8.292208909988403320e-01
8.291538953781127930e-01
8.290868997573852539e-01
8.290200233459472656e-01
8.289531469345092773e-01
8.288861513137817383e-01
8.288193941116333008e-01
8.287525177001953125e-01
8.286856412887573242e-01
8.286188840866088867e-01
8.285521268844604492e-01
8.284854888916015625e-01
8.284188508987426758e-01
8.283520936965942383e-01
8.282855749130249023e-01
8.282190561294555664e-01
8.281525373458862305e-01
8.280860185623168945e-01
8.280194997787475586e-01
8.279532194137573242e-01
8.278867006301879883e-01
8.278203010559082031e-01
8.277540206909179688e-01
8.276877403259277344e-01
8.276213407516479492e-01
8.275551795959472656e-01
8.274890184402465820e-01
8.274227380752563477e-01
8.273564577102661133e-01
8.272905349731445312e-01
8.272243738174438477e-01
8.271583318710327148e-01
8.270922899246215820e-01
8.270263671875000000e-01
8.269604444503784180e-01
8.268946409225463867e-01
8.268285989761352539e-01
8.267627954483032227e-01
8.266969919204711914e-01
8.266311883926391602e-01
8.265653848648071289e-01
8.264998197555541992e-01
8.264340162277221680e-01
8.263684511184692383e-01
8.263028860092163086e-01
8.262372016906738281e-01
8.261717557907104492e-01
8.261061906814575195e-01
8.260407447814941406e-01
8.259752988815307617e-01
8.259097337722778320e-01
8.258446455001831055e-01
8.257790803909301758e-01
8.257139921188354492e-01
8.256486654281616211e-01
8.255834579467773438e-01
8.255182504653930664e-01
8.254529237747192383e-01
8.253880739212036133e-01
8.253229856491088867e-01
8.252576589584350586e-01
8.251928091049194336e-01
8.251277208328247070e-01
8.250628709793090820e-01
8.249980211257934570e-01
8.249331712722778320e-01
8.248683214187622070e-01
8.248034715652465820e-01
8.247388601303100586e-01
8.246740102767944336e-01
8.246093988418579102e-01
8.245447874069213867e-01
8.244801759719848633e-01
8.244155645370483398e-01
8.243511915206909180e-01
8.242865800857543945e-01
8.242222070693969727e-01
8.241578340530395508e-01
8.240934610366821289e-01
8.240290880203247070e-01
8.239649534225463867e-01
8.239005804061889648e-01
8.238364458084106445e-01
8.237723112106323242e-01
8.237081766128540039e-01
8.236441612243652344e-01
8.235801458358764648e-01
8.235160112380981445e-01
8.234521150588989258e-01
8.233882188796997070e-01
8.233243227005004883e-01
8.232606649398803711e-01
8.231967687606811523e-01
8.231331110000610352e-01
8.230694532394409180e-01
8.230055570602416992e-01
8.229418992996215820e-01
8.228784799575805664e-01
8.228149414062500000e-01
8.227514028549194336e-01
8.226879835128784180e-01
8.226245641708374023e-01
8.225612640380859375e-01
8.224979639053344727e-01
8.224347829818725586e-01
8.223713636398315430e-01
8.223084211349487305e-01
8.222452402114868164e-01
8.221821784973144531e-01
8.221191167831420898e-01
8.220561742782592773e-01
8.219932317733764648e-01
8.219302892684936523e-01
8.218674659729003906e-01
8.218048810958862305e-01
8.217419385910034180e-01
8.216792345046997070e-01
8.216165304183959961e-01
8.215540647506713867e-01
8.214913606643676758e-01
8.214288949966430664e-01
8.213664293289184570e-01
8.213042020797729492e-01
8.212417364120483398e-01
8.211793899536132812e-01
8.211170434951782227e-01
8.210550546646118164e-01
8.209928274154663086e-01
8.209306001663208008e-01
8.208686113357543945e-01
8.208066225051879883e-01
8.207446336746215820e-01
8.206826448440551758e-01
8.206210136413574219e-01
8.205591440200805664e-01
8.204973936080932617e-01
8.204356431961059570e-01
8.203741312026977539e-01
8.203126192092895508e-01
8.202511072158813477e-01
8.201895952224731445e-01
8.201280832290649414e-01
8.200665712356567383e-01
8.200054168701171875e-01
8.199442625045776367e-01
8.198829889297485352e-01
8.198219537734985352e-01
8.197607994079589844e-01
8.196997642517089844e-01
8.196388483047485352e-01
8.195778131484985352e-01
8.195170164108276367e-01
8.194562196731567383e-01
8.193954229354858398e-01
8.193348646163940430e-01
8.192740678787231445e-01
8.192137479782104492e-01
8.191531896591186523e-01
8.190926313400268555e-01
8.190323114395141602e-01
8.189719915390014648e-01
8.189116716384887695e-01
8.188513517379760742e-01
8.187912702560424805e-01
8.187311887741088867e-01
8.186712265014648438e-01
8.186112642288208008e-01
8.185511827468872070e-01
8.184915781021118164e-01
8.184317350387573242e-01
8.183718919754028320e-01
8.183122873306274414e-01
8.182526826858520508e-01
8.181930780410766602e-01
8.181337118148803711e-01
8.180743455886840820e-01
8.180149793624877930e-01
8.179556131362915039e-01
8.178964853286743164e-01
8.178373575210571289e-01
8.177782297134399414e-01
8.177193403244018555e-01
8.176603317260742188e-01
8.176013231277465820e-01
8.175425529479980469e-01
8.174837827682495117e-01
8.174251317977905273e-01
8.173666000366210938e-01
8.173080682754516602e-01
8.172496557235717773e-01
8.171912431716918945e-01
8.171328306198120117e-01
8.170744180679321289e-01
8.170162439346313477e-01
8.169583082199096680e-01
8.169001340866088867e-01
8.168421983718872070e-01
8.167842626571655273e-01
8.167263269424438477e-01
8.166686296463012695e-01
8.166109323501586914e-01
8.165532350540161133e-01
8.164955377578735352e-01
8.164380788803100586e-01
8.163806200027465820e-01
8.163233995437622070e-01
8.162660598754882812e-01
8.162089586257934570e-01
8.161517381668090820e-01
8.160947561264038086e-01
8.160375356674194336e-01
8.159807920455932617e-01
8.159238100051879883e-01
8.158670663833618164e-01
8.158103227615356445e-01
8.157538175582885742e-01
8.156973123550415039e-01
8.156408071517944336e-01
8.155843019485473633e-01
8.155280351638793945e-01
8.154717683792114258e-01
8.154155015945434570e-01
8.153594732284545898e-01
8.153034448623657227e-01
8.152476549148559570e-01
8.151916265487670898e-01
8.151359558105468750e-01
8.150802850723266602e-01
8.150244951248168945e-01
8.149691820144653320e-01
8.149136304855346680e-01
8.148583173751831055e-01
8.148030042648315430e-01
8.147476911544799805e-01
8.146926164627075195e-01
8.146375417709350586e-01
8.145824670791625977e-01
8.145276308059692383e-01
8.144727945327758789e-01
8.144179582595825195e-01
8.143633604049682617e-01
8.143087625503540039e-01
8.142542839050292969e-01
8.141998052597045898e-01
8.141455650329589844e-01
8.140913248062133789e-01
8.140372037887573242e-01
8.139830827713012695e-01
8.139289617538452148e-01
8.138750791549682617e-01
8.138211965560913086e-01
8.137675523757934570e-01
8.137139081954956055e-01
8.136602640151977539e-01
8.136068582534790039e-01
8.135532140731811523e-01
8.134999275207519531e-01
8.134466409683227539e-01
8.133935928344726562e-01
8.133405447006225586e-01
8.132876157760620117e-01
8.132344484329223633e-01
8.131817579269409180e-01
8.131290674209594727e-01
8.130763769149780273e-01
8.130239248275756836e-01
8.129714727401733398e-01
8.129190206527709961e-01
8.128666877746582031e-01
8.128145933151245117e-01
8.127623796463012695e-01
8.127104043960571289e-01
8.126584291458129883e-01
8.126066923141479492e-01
8.125548362731933594e-01
8.125029802322387695e-01
8.124514818191528320e-01
8.123999834060668945e-01
8.123487234115600586e-01
8.122974634170532227e-01
8.122462034225463867e-01
8.121949434280395508e-01
8.121439218521118164e-01
8.120929002761840820e-01
8.120421171188354492e-01
8.119913339614868164e-01
8.119406700134277344e-01
8.118901252746582031e-01
8.118394613265991211e-01
8.117891550064086914e-01
8.117388486862182617e-01
8.116885423660278320e-01
8.116384744644165039e-01
8.115884065628051758e-01
8.115385770797729492e-01
8.114886283874511719e-01
8.114389181137084961e-01
8.113893270492553711e-01
8.113394975662231445e-01
8.112901449203491211e-01
8.112407922744750977e-01
8.111914396286010742e-01
8.111423254013061523e-01
8.110932111740112305e-01
8.110440969467163086e-01
8.109952211380004883e-01
8.109463453292846680e-01
8.108977079391479492e-01
8.108490705490112305e-01
8.108006715774536133e-01
8.107520341873168945e-01
8.107037544250488281e-01
8.106554746627807617e-01
8.106073141098022461e-01
8.105593919754028320e-01
8.105114698410034180e-01
8.104633092880249023e-01
8.104156255722045898e-01
8.103679418563842773e-01
8.103204965591430664e-01
8.102730512619018555e-01
8.102256059646606445e-01
8.101782798767089844e-01
8.101309537887573242e-01
8.100839853286743164e-01
8.100370168685913086e-01
8.099900484085083008e-01
8.099433183670043945e-01
8.098965883255004883e-01
8.098498582839965820e-01
8.098033666610717773e-01
8.097571134567260742e-01
8.097106218338012695e-01
8.096646070480346680e-01
8.096183538436889648e-01
8.095723390579223633e-01
8.095263242721557617e-01
8.094805479049682617e-01
8.094347715377807617e-01
8.093892335891723633e-01
8.093436956405639648e-01
8.092983961105346680e-01
8.092528581619262695e-01
8.092077970504760742e-01
8.091626167297363281e-01
8.091174364089965820e-01
8.090726137161254883e-01
8.090277910232543945e-01
8.089829683303833008e-01
8.089383840560913086e-01
8.088937997817993164e-01
8.088494539260864258e-01
8.088051080703735352e-01
8.087607622146606445e-01
8.087166547775268555e-01
8.086727857589721680e-01
8.086286783218383789e-01
8.085848093032836914e-01
8.085411787033081055e-01
8.084974288940429688e-01
8.084539175033569336e-01
8.084105253219604492e-01
8.083671331405639648e-01
8.083239793777465820e-01
8.082808256149291992e-01
8.082376718521118164e-01
8.081947565078735352e-01
8.081518411636352539e-01
8.081091642379760742e-01
8.080664873123168945e-01
8.080239295959472656e-01
8.079816102981567383e-01
8.079391717910766602e-01
8.078969717025756836e-01
8.078547716140747070e-01
8.078128099441528320e-01
8.077708482742309570e-01
8.077288866043090820e-01
8.076871633529663086e-01
8.076456785202026367e-01
8.076039552688598633e-01
8.075627088546752930e-01
8.075212240219116211e-01
8.074799776077270508e-01
8.074389696121215820e-01
8.073979616165161133e-01
8.073569536209106445e-01
8.073161840438842773e-01
8.072754144668579102e-01
8.072346448898315430e-01
8.071942329406738281e-01
8.071538209915161133e-01
8.071135282516479492e-01
8.070732355117797852e-01
8.070331811904907227e-01
8.069931268692016602e-01
8.069530725479125977e-01
8.069132566452026367e-01
8.068734407424926758e-01
8.068338632583618164e-01
8.067942857742309570e-01
8.067549467086791992e-01
8.067156076431274414e-01
8.066765069961547852e-01
8.066371679306030273e-01
8.065983057022094727e-01
8.065594434738159180e-01
8.065204620361328125e-01
8.064817190170288086e-01
8.064430952072143555e-01
8.064044713973999023e-01
8.063660860061645508e-01
8.063278198242187500e-01
8.062895536422729492e-01
8.062514066696166992e-01
8.062134981155395508e-01
8.061753511428833008e-01
8.061376810073852539e-01
8.061000108718872070e-01
8.060623407363891602e-01
8.060246706008911133e-01
8.059872388839721680e-01
8.059500455856323242e-01
8.059128522872924805e-01
8.058756589889526367e-01
8.058387041091918945e-01
8.058015108108520508e-01
8.057647943496704102e-01
8.057280778884887695e-01
8.056913614273071289e-01
8.056548833847045898e-01
8.056184053421020508e-01
8.055821657180786133e-01
8.055459260940551758e-01
8.055096864700317383e-01
8.054736852645874023e-01
8.054376840591430664e-01
8.054019212722778320e-01
8.053661584854125977e-01
8.053303956985473633e-01
8.052949905395507812e-01
8.052595853805541992e-01
8.052240610122680664e-01
8.051887750625610352e-01
8.051537275314331055e-01
8.051186800003051758e-01
8.050836324691772461e-01
8.050488233566284180e-01
8.050140142440795898e-01
8.049792051315307617e-01
8.049446344375610352e-01
8.049103021621704102e-01
8.048757314682006836e-01
8.048416376113891602e-01
8.048073053359985352e-01
8.047732114791870117e-01
8.047391176223754883e-01
8.047052621841430664e-01
8.046714067459106445e-01
8.046377897262573242e-01
8.046041727066040039e-01
8.045705556869506836e-01
8.045371770858764648e-01
8.045037984848022461e-01
8.044705390930175781e-01
8.044375181198120117e-01
8.044043779373168945e-01
8.043714761734008789e-01
8.043385744094848633e-01
8.043056726455688477e-01
8.042730093002319336e-01
8.042405843734741211e-01
8.042079210281372070e-01
8.041757345199584961e-01
8.041433095932006836e-01
8.041111230850219727e-01
8.040789365768432617e-01
8.040469884872436523e-01
8.040150403976440430e-01
8.039832115173339844e-01
8.039513826370239258e-01
8.039199113845825195e-01
8.038882017135620117e-01
8.038567304611206055e-01
8.038253784179687500e-01
8.037940263748168945e-01
8.037629127502441406e-01
8.037317991256713867e-01
8.037008047103881836e-01
8.036699295043945312e-01
8.036390542984008789e-01
8.036082983016967773e-01
8.035777807235717773e-01
8.035470247268676758e-01
8.035167455673217773e-01
8.034862279891967773e-01
8.034559488296508789e-01
8.034259080886840820e-01
8.033956289291381836e-01
8.033657073974609375e-01
8.033357858657836914e-01
8.033059835433959961e-01
8.032761812210083008e-01
8.032466173171997070e-01
8.032170534133911133e-01
8.031874895095825195e-01
8.031581640243530273e-01
8.031288385391235352e-01
8.030995130538940430e-01
8.030704259872436523e-01
8.030413389205932617e-01
8.030123710632324219e-01
8.029834032058715820e-01
8.029547929763793945e-01
8.029260635375976562e-01
8.028975725173950195e-01
8.028689622879028320e-01
8.028405904769897461e-01
8.028122186660766602e-01
8.027838468551635742e-01
8.027557134628295898e-01
8.027275800704956055e-01
8.026996850967407227e-01
8.026715517044067383e-01
8.026438951492309570e-01
8.026161193847656250e-01
8.025884628295898438e-01
8.025608062744140625e-01
8.025332689285278320e-01
8.025058507919311523e-01
8.024784326553344727e-01
8.024512529373168945e-01
8.024240732192993164e-01
8.023968935012817383e-01
8.023699522018432617e-01
8.023432493209838867e-01
8.023163080215454102e-01
8.022894859313964844e-01
8.022627830505371094e-01
8.022361993789672852e-01
8.022097349166870117e-01
8.021832704544067383e-01
8.021569252014160156e-01
8.021306991577148438e-01
8.021044731140136719e-01
8.020783662796020508e-01
8.020523786544799805e-01
8.020263910293579102e-01
8.020005226135253906e-01
8.019746541976928711e-01
8.019489049911499023e-01
8.019232749938964844e-01
8.018976449966430664e-01
8.018722534179687500e-01
8.018468618392944336e-01
8.018215894699096680e-01
8.017963171005249023e-01
8.017710447311401367e-01
8.017460107803344727e-01
8.017209768295288086e-01
8.016959428787231445e-01
8.016711473464965820e-01
8.016463518142700195e-01
8.016215562820434570e-01
8.015971183776855469e-01
8.015724420547485352e-01
8.015480041503906250e-01
8.015235662460327148e-01
8.014992475509643555e-01
8.014750480651855469e-01
8.014508485794067383e-01
8.014267683029174805e-01
8.014026880264282227e-01
8.013787269592285156e-01
8.013547658920288086e-01
8.013309240341186523e-01
8.013072013854980469e-01
8.012834787368774414e-01
8.012598752975463867e-01
8.012362718582153320e-01
8.012131452560424805e-01
8.011895418167114258e-01
8.011661767959594727e-01
8.011430501937866211e-01
8.011199235916137695e-01
8.010967969894409180e-01
8.010736703872680664e-01
8.010507822036743164e-01
8.010278940200805664e-01
8.010050058364868164e-01
8.009821176528930664e-01
8.009594678878784180e-01
8.009368181228637695e-01
8.009144067764282227e-01
8.008918762207031250e-01
8.008695840835571289e-01
8.008470535278320312e-01
8.008247613906860352e-01
8.008025884628295898e-01
8.007804155349731445e-01
8.007584810256958008e-01
8.007364273071289062e-01
8.007143735885620117e-01
8.006925582885742188e-01
8.006707429885864258e-01
8.006490468978881836e-01
8.006273508071899414e-01
8.006056547164916992e-01
8.005841970443725586e-01
8.005627393722534180e-01
8.005412817001342773e-01
8.005198240280151367e-01
8.004986047744750977e-01
8.004773855209350586e-01
8.004561662673950195e-01
8.004351854324340820e-01
8.004139661788940430e-01
8.003929853439331055e-01
8.003722429275512695e-01
8.003512620925903320e-01
8.003305196762084961e-01
8.003097772598266602e-01
8.002890348434448242e-01
8.002685308456420898e-01
8.002480268478393555e-01
8.002272844314575195e-01
8.002070188522338867e-01
8.001865148544311523e-01
8.001662492752075195e-01
8.001459836959838867e-01
8.001259565353393555e-01
8.001056909561157227e-01
8.000856637954711914e-01
8.000656366348266602e-01
8.000456094741821289e-01
8.000258207321166992e-01
8.000060319900512695e-01
7.999860644340515137e-01
7.999663352966308594e-01
7.999467253684997559e-01
7.999271154403686523e-01
7.999076247215270996e-01
7.998880743980407715e-01
7.998685240745544434e-01
7.998491525650024414e-01
7.998299002647399902e-01
7.998104691505432129e-01
7.997913360595703125e-01
7.997721433639526367e-01
7.997530102729797363e-01
7.997339367866516113e-01
7.997149825096130371e-01
7.996959090232849121e-01
7.996769547462463379e-01
7.996582388877868652e-01
7.996392846107482910e-01
7.996206283569335938e-01
7.996019124984741211e-01
7.995833158493041992e-01
7.995647192001342773e-01
7.995461821556091309e-01
7.995275855064392090e-01
7.995091080665588379e-01
7.994908690452575684e-01
7.994723916053771973e-01
7.994541525840759277e-01
7.994359731674194336e-01
7.994176149368286133e-01
7.993994951248168945e-01
7.993813753128051758e-01
7.993633151054382324e-01
7.993454337120056152e-01
7.993274331092834473e-01
7.993096113204956055e-01
7.992916703224182129e-01
7.992739081382751465e-01
7.992562055587768555e-01
7.992383241653442383e-01
7.992206811904907227e-01
7.992030978202819824e-01
7.991856336593627930e-01
7.991680502891540527e-01
7.991505265235900879e-01
7.991329431533813477e-01
7.991157174110412598e-01
7.990983724594116211e-01
7.990809082984924316e-01
7.990636825561523438e-01
7.990465760231018066e-01
7.990294098854064941e-01
7.990122437477111816e-01
7.989951372146606445e-01
7.989782094955444336e-01
7.989611029624938965e-01
7.989440560340881348e-01
7.989272475242614746e-01
7.989103198051452637e-01
7.988935112953186035e-01
7.988767027854919434e-01
7.988600134849548340e-01
7.988432645797729492e-01
7.988266348838806152e-01
7.988100051879882812e-01
7.987933158874511719e-01
7.987767457962036133e-01
7.987603545188903809e-01
7.987438440322875977e-01
7.987275123596191406e-01
7.987110018730163574e-01
7.986946702003479004e-01
7.986783981323242188e-01
7.986621260643005371e-01
7.986459136009216309e-01
7.986297011375427246e-01
7.986135482788085938e-01
7.985973954200744629e-01
7.985812425613403320e-01
7.985653281211853027e-01
7.985492348670959473e-01
7.985333204269409180e-01
7.985172867774963379e-01
7.985014915466308594e-01
7.984855771064758301e-01
7.984696626663208008e-01
7.984538674354553223e-01
7.984381318092346191e-01
7.984223961830139160e-01
7.984066605567932129e-01
7.983911633491516113e-01
7.983755469322204590e-01
7.983598709106445312e-01
7.983444333076477051e-01
7.983288168907165527e-01
7.983132004737854004e-01
7.982978224754333496e-01
7.982825040817260742e-01
7.982670068740844727e-01
7.982516884803771973e-01
7.982363104820251465e-01
7.982210516929626465e-01
7.982057929039001465e-01
7.981905341148376465e-01
7.981753349304199219e-01
7.981601357460021973e-01
7.981451153755187988e-01
7.981299757957458496e-01
7.981147766113281250e-01
7.980996966361999512e-01
7.980847358703613281e-01
7.980697751045227051e-01
7.980547547340393066e-01
7.980398535728454590e-01
7.980249524116516113e-01
7.980099916458129883e-01
7.979951500892639160e-01
7.979803681373596191e-01
7.979655265808105469e-01
7.979508042335510254e-01
7.979360222816467285e-01
7.979212999343872070e-01
7.979066967964172363e-01
7.978920340538024902e-01
7.978773713111877441e-01
7.978628277778625488e-01
7.978482246398925781e-01
7.978335618972778320e-01
7.978190779685974121e-01
7.978047132492065430e-01
7.977901101112365723e-01
7.977754473686218262e-01
7.977611422538757324e-01
7.977467179298400879e-01
7.977324128150939941e-01
7.977181077003479004e-01
7.977037429809570312e-01
7.976894378662109375e-01
7.976750731468200684e-01
7.976608276367187500e-01
7.976465821266174316e-01
7.976323366165161133e-01
7.976182699203491211e-01
7.976040244102478027e-01
7.975898385047912598e-01
7.975757718086242676e-01
7.975616455078125000e-01
7.975474596023559570e-01
7.975334525108337402e-01
7.975193262100219727e-01
7.975053787231445312e-01
7.974914908409118652e-01
7.974775433540344238e-01
7.974634170532226562e-01
7.974495291709899902e-01
7.974354028701782227e-01
7.974216341972351074e-01
7.974076867103576660e-01
7.973938584327697754e-01
7.973800301551818848e-01
7.973662018775939941e-01
7.973524332046508789e-01
7.973386049270629883e-01
7.973249554634094238e-01
7.973110079765319824e-01
7.972974181175231934e-01
7.972836494445800781e-01
7.972698807716369629e-01
7.972563505172729492e-01
7.972426414489746094e-01
7.972288727760314941e-01
7.972153425216674805e-01
7.972016930580139160e-01
7.971881628036499023e-01
7.971745133399963379e-01
7.971609830856323242e-01
7.971473336219787598e-01
7.971338629722595215e-01
7.971202731132507324e-01
7.971067428588867188e-01
7.970933318138122559e-01
7.970799207687377930e-01
7.970663309097290039e-01
7.970529198646545410e-01
7.970395088195800781e-01
7.970260977745056152e-01
7.970127463340759277e-01
7.969993352890014648e-01
7.969858050346374512e-01
7.969726324081420898e-01
7.969591021537780762e-01
7.969457507133483887e-01
7.969323992729187012e-01
7.969192862510681152e-01
7.969059348106384277e-01
7.968925833702087402e-01
7.968793511390686035e-01
7.968659996986389160e-01
7.968527078628540039e-01
7.968395948410034180e-01
7.968263030052185059e-01
7.968130707740783691e-01
7.968000173568725586e-01
7.967867255210876465e-01
7.967734932899475098e-01
7.967603802680969238e-01
7.967472076416015625e-01
7.967339754104614258e-01
7.967209815979003906e-01
7.967076897621154785e-01
7.966946959495544434e-01
7.966814637184143066e-01
7.966684699058532715e-01
7.966552376747131348e-01
7.966422438621520996e-01
7.966290712356567383e-01
7.966160774230957031e-01
7.966030836105346680e-01
7.965899109840393066e-01
7.965769171714782715e-01
7.965637445449829102e-01
7.965507507324218750e-01
7.965378165245056152e-01
7.965248227119445801e-01
7.965117096900939941e-01
7.964987754821777344e-01
7.964858412742614746e-01
7.964729070663452148e-01
7.964597940444946289e-01
7.964468002319335938e-01
7.964338660240173340e-01
7.964209318161010742e-01
7.964078783988952637e-01
7.963948845863342285e-01
7.963820099830627441e-01
7.963690757751464844e-01
7.963561415672302246e-01
7.963432669639587402e-01
7.963303923606872559e-01
7.963174581527709961e-01
7.963045835494995117e-01
7.962915301322937012e-01
7.962785959243774414e-01
7.962657213211059570e-01
7.962530255317687988e-01
7.962399125099182129e-01
7.962270975112915039e-01
7.962142229080200195e-01
7.962015271186828613e-01
7.961884737014770508e-01
7.961755990982055664e-01
7.961627840995788574e-01
7.961498498916625977e-01
7.961369752883911133e-01
7.961242794990539551e-01
7.961112856864929199e-01
7.960985898971557617e-01
7.960857152938842773e-01
7.960729002952575684e-01
7.960600256919860840e-01
7.960471510887145996e-01
7.960343360900878906e-01
7.960214614868164062e-01
7.960086464881896973e-01
7.959958314895629883e-01
7.959828972816467285e-01
7.959700226783752441e-01
7.959573864936828613e-01
7.959446310997009277e-01
7.959317564964294434e-01
7.959188818931579590e-01
7.959060668945312500e-01
7.958932518959045410e-01
7.958803772926330566e-01
7.958675026893615723e-01
7.958546876907348633e-01
7.958419919013977051e-01
7.958292365074157715e-01
7.958163619041442871e-01
7.958035469055175781e-01
7.957906723022460938e-01
7.957778573036193848e-01
7.957649827003479004e-01
7.957521677017211914e-01
7.957393527030944824e-01
7.957265973091125488e-01
7.957138419151306152e-01
7.957009077072143555e-01
7.956880927085876465e-01
7.956752777099609375e-01
7.956624627113342285e-01
7.956495285034179688e-01
7.956367135047912598e-01
7.956238985061645508e-01
7.956110239028930664e-01
7.955981492996215820e-01
7.955854535102844238e-01
7.955726385116577148e-01
7.955598235130310059e-01
7.955469489097595215e-01
7.955340743064880371e-01
7.955212593078613281e-01
7.955083847045898438e-01
7.954954504966735840e-01
7.954826354980468750e-01
7.954697012901306152e-01
7.954569458961486816e-01
7.954440116882324219e-01
7.954311966896057129e-01
7.954183220863342285e-01
7.954053878784179688e-01
7.953925728797912598e-01
7.953796386718750000e-01
7.953668236732482910e-01
7.953538298606872559e-01
7.953410148620605469e-01
7.953281402587890625e-01
7.953152060508728027e-01
7.953023314476013184e-01
7.952893972396850586e-01
7.952764630317687988e-01
7.952634692192077637e-01
7.952504754066467285e-01
7.952375411987304688e-01
7.952247262001037598e-01
7.952117919921875000e-01
7.951988577842712402e-01
7.951859235763549805e-01
7.951728105545043945e-01
7.951598763465881348e-01
7.951469421386718750e-01
7.951340675354003906e-01
7.951211333274841309e-01
7.951080203056335449e-01
7.950950264930725098e-01
7.950820922851562500e-01
7.950691580772399902e-01
7.950559258460998535e-01
7.950430512428283691e-01
7.950300574302673340e-01
7.950168848037719727e-01
7.950039505958557129e-01
7.949909567832946777e-01
7.949777841567993164e-01
7.949648499488830566e-01
7.949518561363220215e-01
7.949386239051818848e-01
7.949257493019104004e-01
7.949126958847045898e-01
7.948995232582092285e-01
7.948865294456481934e-01
7.948732972145080566e-01
7.948602437973022461e-01
7.948470711708068848e-01
7.948340773582458496e-01
7.948208451271057129e-01
7.948078513145446777e-01
7.947946190834045410e-01
7.947815656661987305e-01
7.947683334350585938e-01
7.947551012039184570e-01
7.947420477867126465e-01
7.947288155555725098e-01
7.947157025337219238e-01
7.947024106979370117e-01
7.946891784667968750e-01
7.946758866310119629e-01
7.946628928184509277e-01
7.946496009826660156e-01
7.946363091468811035e-01
7.946230173110961914e-01
7.946099042892456055e-01
7.945966124534606934e-01
7.945832610130310059e-01
7.945700287818908691e-01
7.945567369461059570e-01
7.945433855056762695e-01
7.945302724838256836e-01
7.945167422294616699e-01
7.945035696029663086e-01
7.944902777671813965e-01
7.944769263267517090e-01
7.944635748863220215e-01
7.944502234458923340e-01
7.944368720054626465e-01
7.944235205650329590e-01
7.944101095199584961e-01
7.943968176841735840e-01
7.943832278251647949e-01
7.943698167800903320e-01
7.943564057350158691e-01
7.943430542945861816e-01
7.943295836448669434e-01
7.943162322044372559e-01
7.943027615547180176e-01
7.942891716957092285e-01
7.942758202552795410e-01
7.942623496055603027e-01
7.942487597465515137e-01
7.942352890968322754e-01
7.942217588424682617e-01
7.942081093788146973e-01
7.941947579383850098e-01
7.941812872886657715e-01
7.941675782203674316e-01
7.941541075706481934e-01
7.941404581069946289e-01
7.941269874572753906e-01
7.941133379936218262e-01
7.940997481346130371e-01
7.940860390663146973e-01
7.940725684165954590e-01
7.940588593482971191e-01
7.940453290939331055e-01
7.940316200256347656e-01
7.940178513526916504e-01
7.940040826797485352e-01
7.939906716346740723e-01
7.939768433570861816e-01
7.939630746841430664e-01
7.939495444297790527e-01
7.939357757568359375e-01
7.939220070838928223e-01
7.939082384109497070e-01
7.938944101333618164e-01
7.938808202743530273e-01
7.938669919967651367e-01
7.938532233238220215e-01
7.938393950462341309e-01
7.938255667686462402e-01
7.938117384910583496e-01
7.937979102134704590e-01
7.937840819358825684e-01
7.937702536582946777e-01
7.937563657760620117e-01
7.937423586845397949e-01
7.937286496162414551e-01
7.937145829200744629e-01
7.937007546424865723e-01
7.936868667602539062e-01
7.936729192733764648e-01
7.936590313911437988e-01
7.936449646949768066e-01
7.936310768127441406e-01
7.936171293258666992e-01
7.936030626296997070e-01
7.935890555381774902e-01
7.935751676559448242e-01
7.935610413551330566e-01
7.935470938682556152e-01
7.935329675674438477e-01
7.935189604759216309e-01
7.935048937797546387e-01
7.934908270835876465e-01
7.934766411781311035e-01
7.934625744819641113e-01
7.934485077857971191e-01
7.934345006942749023e-01
7.934202551841735840e-01
7.934060692787170410e-01
7.933918237686157227e-01
7.933778166770935059e-01
7.933636307716369629e-01
7.933493256568908691e-01
7.933353185653686523e-01
7.933210730552673340e-01
7.933067083358764648e-01
7.932925224304199219e-01
7.932782769203186035e-01
7.932639718055725098e-01
7.932496666908264160e-01
7.932353615760803223e-01
7.932210564613342285e-01
7.932067513465881348e-01
7.931924462318420410e-01
7.931780815124511719e-01
7.931638360023498535e-01
7.931494712829589844e-01
7.931351065635681152e-01
7.931208014488220215e-01
7.931062579154968262e-01
7.930918931961059570e-01
7.930775284767150879e-01
7.930631041526794434e-01
7.930486798286437988e-01
7.930341362953186035e-01
7.930197119712829590e-01
7.930053472518920898e-01
7.929907441139221191e-01
7.929763197898864746e-01
7.929617166519165039e-01
7.929472327232360840e-01
7.929326295852661133e-01
7.929182648658752441e-01
7.929035425186157227e-01
7.928891181945800781e-01
7.928743958473205566e-01
7.928599715232849121e-01
7.928453087806701660e-01
7.928306460380554199e-01
7.928161025047302246e-01
7.928014397621154785e-01
7.927866578102111816e-01
7.927721738815307617e-01
7.927574515342712402e-01
7.927427887916564941e-01
7.927280068397521973e-01
7.927133440971374512e-01
7.926986813545227051e-01
7.926840186119079590e-01
7.926692366600036621e-01
7.926544547080993652e-01
7.926396727561950684e-01
7.926248908042907715e-01
7.926101088523864746e-01
7.925953269004821777e-01
7.925805449485778809e-01
7.925657033920288086e-01
7.925508618354797363e-01
7.925359606742858887e-01
7.925210595130920410e-01
7.925062179565429688e-01
7.924913763999938965e-01
7.924764752388000488e-01
7.924614548683166504e-01
7.924466729164123535e-01
7.924317717552185059e-01
7.924166917800903320e-01
7.924017906188964844e-01
7.923868894577026367e-01
7.923718094825744629e-01
7.923569083213806152e-01
7.923420071601867676e-01
7.923268675804138184e-01
7.923117876052856445e-01
7.922968268394470215e-01
7.922819256782531738e-01
7.922667860984802246e-01
7.922516465187072754e-01
7.922365069389343262e-01
7.922215461730957031e-01
7.922063469886779785e-01
7.921913862228393555e-01
7.921761870384216309e-01
7.921610474586486816e-01
7.921458482742309570e-01
7.921306490898132324e-01
7.921155691146850586e-01
7.921004295349121094e-01
7.920852303504943848e-01
7.920699715614318848e-01
7.920547127723693848e-01
7.920394539833068848e-01
7.920242547988891602e-01
7.920089960098266602e-01
7.919937372207641602e-01
7.919784784317016602e-01
7.919632196426391602e-01
7.919478416442871094e-01
7.919326424598693848e-01
7.919172644615173340e-01
7.919020652770996094e-01
7.918867468833923340e-01
7.918712496757507324e-01
7.918559312820434570e-01
7.918406128883361816e-01
7.918252944946289062e-01
7.918099164962768555e-01
7.917943596839904785e-01
7.917791008949279785e-01
7.917634844779968262e-01
7.917481064796447754e-01
7.917327284812927246e-01
7.917173504829406738e-01
7.917017936706542969e-01
7.916862368583679199e-01
7.916708588600158691e-01
7.916551828384399414e-01
7.916398048400878906e-01
7.916241884231567383e-01
7.916088104248046875e-01
7.915931344032287598e-01
7.915776968002319336e-01
7.915621399879455566e-01
7.915466427803039551e-01
7.915309667587280273e-01
7.915153503417968750e-01
7.914996743202209473e-01
7.914840579032897949e-01
7.914685010910034180e-01
7.914528250694274902e-01
7.914372086524963379e-01
7.914215326309204102e-01
7.914058566093444824e-01
7.913902401924133301e-01
7.913745641708374023e-01
7.913588881492614746e-01
7.913431525230407715e-01
7.913274168968200684e-01
7.913116812705993652e-01
7.912959456443786621e-01
7.912802696228027344e-01
7.912644743919372559e-01
7.912487387657165527e-01
7.912329435348510742e-01
7.912170290946960449e-01
7.912014126777648926e-01
7.911854386329650879e-01
7.911697030067443848e-01
7.911539077758789062e-01
7.911380529403686523e-01
7.911223173141479492e-01
7.911063432693481445e-01
7.910904884338378906e-01
7.910746335983276367e-01
7.910586595535278320e-01
7.910428643226623535e-01
7.910270094871520996e-01
7.910109162330627441e-01
7.909950613975524902e-01
7.909792661666870117e-01
7.909631729125976562e-01
7.909473180770874023e-01
7.909312844276428223e-01
7.909154295921325684e-01
7.908993363380432129e-01
7.908832430839538574e-01
7.908673286437988281e-01
7.908514142036437988e-01
7.908353209495544434e-01
7.908192873001098633e-01
7.908031344413757324e-01
7.907872796058654785e-01
7.907711267471313477e-01
7.907550930976867676e-01
7.907391190528869629e-01
7.907229661941528320e-01
7.907069921493530273e-01
7.906908392906188965e-01
7.906746864318847656e-01
7.906585335731506348e-01
7.906425595283508301e-01
7.906264066696166992e-01
7.906102538108825684e-01
7.905941009521484375e-01
7.905778884887695312e-01
7.905617356300354004e-01
7.905455231666564941e-01
7.905293703079223633e-01
7.905130982398986816e-01
7.904969453811645508e-01
7.904807329177856445e-01
7.904644608497619629e-01
7.904483079910278320e-01
7.904320955276489258e-01
7.904158234596252441e-01
7.903996706008911133e-01
7.903833985328674316e-01
7.903671264648437500e-01
7.903508543968200684e-01
7.903346419334411621e-01
7.903183102607727051e-01
7.903020977973937988e-01
7.902856469154357910e-01
7.902694344520568848e-01
7.902531027793884277e-01
7.902368307113647461e-01
7.902204394340515137e-01
7.902041077613830566e-01
7.901877760887145996e-01
7.901715040206909180e-01
7.901549935340881348e-01
7.901386618614196777e-01
7.901222109794616699e-01
7.901058793067932129e-01
7.900895476341247559e-01
7.900732159614562988e-01
7.900567054748535156e-01
7.900401949882507324e-01
7.900238633155822754e-01
7.900075316429138184e-01
7.899909615516662598e-01
7.899746298789978027e-01
7.899580597877502441e-01
7.899417281150817871e-01
7.899251580238342285e-01
7.899088263511657715e-01
7.898921966552734375e-01
7.898758649826049805e-01
7.898593544960021973e-01
7.898427248001098633e-01
7.898263335227966309e-01
7.898098230361938477e-01
7.897933721542358398e-01
7.897768020629882812e-01
7.897602319717407227e-01
7.897438406944274902e-01
7.897272109985351562e-01
7.897105813026428223e-01
7.896941900253295898e-01
7.896775603294372559e-01
7.896609902381896973e-01
7.896443605422973633e-01
7.896279096603393555e-01
7.896112799644470215e-01
7.895946502685546875e-01
7.895780205726623535e-01
7.895614504814147949e-01
7.895449399948120117e-01
7.895283102989196777e-01
7.895116209983825684e-01
7.894949913024902344e-01
7.894783616065979004e-01
7.894616723060607910e-01
7.894451022148132324e-01
7.894285321235656738e-01
7.894119620323181152e-01
7.893952131271362305e-01
7.893785238265991211e-01
7.893618941307067871e-01
7.893452048301696777e-01
7.893285155296325684e-01
7.893118262290954590e-01
7.892951369285583496e-01
7.892785072326660156e-01
7.892617583274841309e-01
7.892450690269470215e-01
7.892283797264099121e-01
7.892116904258728027e-01
7.891950011253356934e-01
7.891782522201538086e-01
7.891615033149719238e-01
7.891446948051452637e-01
7.891281247138977051e-01
7.891111969947814941e-01
7.890945076942443848e-01
7.890776991844177246e-01
7.890610098838806152e-01
7.890443205833435059e-01
7.890273928642272949e-01
7.890108227729797363e-01
7.889938950538635254e-01
7.889772057533264160e-01
7.889603972434997559e-01
7.889437079429626465e-01
7.889267206192016602e-01
7.889099717140197754e-01
7.888932228088378906e-01
7.888764739036560059e-01
7.888597846031188965e-01
7.888427376747131348e-01
7.888260483741760254e-01
7.888091802597045898e-01
7.887924909591674805e-01
7.887755632400512695e-01
7.887586951255798340e-01
7.887420058250427246e-01
7.887250185012817383e-01
7.887082099914550781e-01
7.886914014816284180e-01
7.886745333671569824e-01
7.886576652526855469e-01
7.886409163475036621e-01
7.886239886283874512e-01
7.886071205139160156e-01
7.885903716087341309e-01
7.885733842849731445e-01
7.885565757751464844e-01
7.885397076606750488e-01
7.885227799415588379e-01
7.885059714317321777e-01
7.884891629219055176e-01
7.884722352027893066e-01
7.884553670883178711e-01
7.884384393692016602e-01
7.884215712547302246e-01
7.884046435356140137e-01
7.883877158164978027e-01
7.883709073066711426e-01
7.883539795875549316e-01
7.883371114730834961e-01
7.883201241493225098e-01
7.883033156394958496e-01
7.882862687110900879e-01
7.882695198059082031e-01
7.882524132728576660e-01
7.882356643676757812e-01
7.882186174392700195e-01
7.882018089294433594e-01
7.881850004196166992e-01
7.881679534912109375e-01
7.881509661674499512e-01
7.881340980529785156e-01
7.881172895431518555e-01
7.881003022193908691e-01
7.880832552909851074e-01
7.880663871765136719e-01
7.880493402481079102e-01
7.880325317382812500e-01
7.880155444145202637e-01
7.879986166954040527e-01
7.879816293716430664e-01
7.879647612571716309e-01
7.879477143287658691e-01
7.879309058189392090e-01
7.879139184951782227e-01
7.878970503807067871e-01
7.878800034523010254e-01
7.878631353378295898e-01
7.878460884094238281e-01
7.878292202949523926e-01
7.878122925758361816e-01
7.877952456474304199e-01
7.877784371376037598e-01
7.877613306045532227e-01
7.877444624900817871e-01
7.877274155616760254e-01
7.877105474472045898e-01
7.876935601234436035e-01
7.876766920089721680e-01
7.876596450805664062e-01
7.876425981521606445e-01
7.876257300376892090e-01
7.876087427139282227e-01
7.875918745994567871e-01
7.875748276710510254e-01
7.875580191612243652e-01
7.875409722328186035e-01
7.875240445137023926e-01
7.875069975852966309e-01
7.874900102615356445e-01
7.874731421470642090e-01
7.874560952186584473e-01
7.874392867088317871e-01
7.874221801757812500e-01
7.874051928520202637e-01
7.873883843421936035e-01
7.873712778091430664e-01
7.873544096946716309e-01
7.873373627662658691e-01
7.873205542564392090e-01
7.873035073280334473e-01
7.872866392135620117e-01
7.872696518898010254e-01
7.872526049613952637e-01
7.872357964515686035e-01
7.872186899185180664e-01
7.872018218040466309e-01
7.871848344802856445e-01
7.871679663658142090e-01
7.871509194374084473e-01
7.871340513229370117e-01
7.871170639991760254e-01
7.871001958847045898e-01
7.870831489562988281e-01
7.870663404464721680e-01
7.870492935180664062e-01
7.870323061943054199e-01
7.870153784751892090e-01
7.869983911514282227e-01
7.869815826416015625e-01
7.869645357131958008e-01
7.869476675987243652e-01
7.869306802749633789e-01
7.869138121604919434e-01
7.868968248367309570e-01
7.868799567222595215e-01
7.868631482124328613e-01
7.868461012840270996e-01
7.868291139602661133e-01
7.868122458457946777e-01
7.867951989173889160e-01
7.867784500122070312e-01
7.867614626884460449e-01
7.867445349693298340e-01
7.867277264595031738e-01
7.867107987403869629e-01
7.866939306259155273e-01
7.866768836975097656e-01
7.866601347923278809e-01
7.866431474685668945e-01
7.866262793540954590e-01
7.866092920303344727e-01
7.865925431251525879e-01
7.865756750106811523e-01
7.865586876869201660e-01
7.865418195724487305e-01
7.865248918533325195e-01
7.865080833435058594e-01
7.864912152290344238e-01
7.864742875099182129e-01
7.864574790000915527e-01
7.864406704902648926e-01
7.864237427711486816e-01
7.864069342613220215e-01
7.863898873329162598e-01
7.863731384277343750e-01
7.863563299179077148e-01
7.863394021987915039e-01
7.863225936889648438e-01
7.863057851791381836e-01
7.862888574600219727e-01
7.862721085548400879e-01
7.862553000450134277e-01
7.862382531166076660e-01
7.862215638160705566e-01
7.862047553062438965e-01
7.861880064010620117e-01
7.861710190773010254e-01
7.861542701721191406e-01
7.861375212669372559e-01
7.861205935478210449e-01
7.861038446426391602e-01
7.860870957374572754e-01
7.860702872276306152e-01
7.860535383224487305e-01
7.860368490219116211e-01
7.860198616981506348e-01
7.860031127929687500e-01
7.859864234924316406e-01
7.859696745872497559e-01
7.859529256820678711e-01
7.859362363815307617e-01
7.859192490577697754e-01
7.859025597572326660e-01
7.858858108520507812e-01
7.858690619468688965e-01
7.858523726463317871e-01
7.858356833457946777e-01
7.858188748359680176e-01
7.858020663261413574e-01
7.857853174209594727e-01
7.857685685157775879e-01
7.857519388198852539e-01
7.857351899147033691e-01
7.857185006141662598e-01
7.857018113136291504e-01
7.856851220130920410e-01
7.856684327125549316e-01
7.856517434120178223e-01
7.856350541114807129e-01
7.856183648109436035e-01
7.856016755104064941e-01
7.855850458145141602e-01
7.855683565139770508e-01
7.855518460273742676e-01
7.855352163314819336e-01
7.855185270309448242e-01
7.855018973350524902e-01
7.854852080345153809e-01
7.854685783386230469e-01
7.854519486427307129e-01
7.854352593421936035e-01
7.854185700416564941e-01
7.854021787643432617e-01
7.853855490684509277e-01
7.853688597679138184e-01
7.853522300720214844e-01
7.853356599807739258e-01
7.853192090988159180e-01
7.853025794029235840e-01
7.852860093116760254e-01
7.852693796157836914e-01
7.852529287338256836e-01
7.852362990379333496e-01
7.852197289466857910e-01
7.852031588554382324e-01
7.851867079734802246e-01
7.851701378822326660e-01
7.851535677909851074e-01
7.851371765136718750e-01
7.851205468177795410e-01
7.851041555404663086e-01
7.850876450538635254e-01
7.850710153579711914e-01
7.850546240806579590e-01
7.850381135940551758e-01
7.850217223167419434e-01
7.850051522254943848e-01
7.849888205528259277e-01
7.849722504615783691e-01
7.849559187889099121e-01
7.849394083023071289e-01
7.849230170249938965e-01
7.849065065383911133e-01
7.848901152610778809e-01
7.848737835884094238e-01
7.848572731018066406e-01
7.848409414291381836e-01
7.848244905471801758e-01
7.848081588745117188e-01
7.847917675971984863e-01
7.847753763198852539e-01
7.847590446472167969e-01
7.847427129745483398e-01
7.847262620925903320e-01
7.847099304199218750e-01
7.846936583518981934e-01
7.846773266792297363e-01
7.846608757972717285e-01
7.846446037292480469e-01
7.846283316612243652e-01
7.846118807792663574e-01
7.845956087112426758e-01
7.845793366432189941e-01
7.845630645751953125e-01
7.845469117164611816e-01
7.845306396484375000e-01
7.845143675804138184e-01
7.844980955123901367e-01
7.844818830490112305e-01
7.844656705856323242e-01
7.844493985176086426e-01
7.844332456588745117e-01
7.844169735908508301e-01
7.844007611274719238e-01
7.843845486640930176e-01
7.843684554100036621e-01
7.843522429466247559e-01
7.843360304832458496e-01
7.843198180198669434e-01
7.843036651611328125e-01
7.842875123023986816e-01
7.842712998390197754e-01
7.842553853988647461e-01
7.842391729354858398e-01
7.842230200767517090e-01
7.842069268226623535e-01
7.841907143592834473e-01
7.841747999191284180e-01
7.841586470603942871e-01
7.841424942016601562e-01
7.841263413429260254e-01
7.841104269027709961e-01
7.840943336486816406e-01
7.840781807899475098e-01
7.840622663497924805e-01
7.840462327003479004e-01
7.840300798416137695e-01
7.840141654014587402e-01
7.839981317520141602e-01
7.839822173118591309e-01
7.839661240577697754e-01
7.839502692222595215e-01
7.839342355728149414e-01
7.839183211326599121e-01
7.839022874832153320e-01
7.838863730430603027e-01
7.838705182075500488e-01
7.838545441627502441e-01
7.838386893272399902e-01
7.838226556777954102e-01
7.838068604469299316e-01
7.837909460067749023e-01
7.837749719619750977e-01
7.837591171264648438e-01
7.837433218955993652e-01
7.837275266647338867e-01
7.837114930152893066e-01
7.836957573890686035e-01
7.836799621582031250e-01
7.836641073226928711e-01
7.836483120918273926e-01
7.836324572563171387e-01
7.836166024208068848e-01
7.836008667945861816e-01
7.835851311683654785e-01
7.835693359375000000e-01
7.835536599159240723e-01
7.835378646850585938e-01
7.835221290588378906e-01
7.835063934326171875e-01
7.834907174110412598e-01
7.834749817848205566e-01
7.834592461585998535e-01
7.834435701370239258e-01
7.834278345108032227e-01
7.834121584892272949e-01
7.833966016769409180e-01
7.833809852600097656e-01
7.833653092384338379e-01
7.833496332168579102e-01
7.833339571952819824e-01
7.833185195922851562e-01
7.833028435707092285e-01
7.832872271537780762e-01
7.832716703414916992e-01
7.832560539245605469e-01
7.832403779029846191e-01
7.832249999046325684e-01
7.832093834877014160e-01
7.831939458847045898e-01
7.831783890724182129e-01
7.831628918647766113e-01
7.831473350524902344e-01
7.831317782402038574e-01
7.831162810325622559e-01
7.831009626388549805e-01
7.830854058265686035e-01
7.830700278282165527e-01
7.830544710159301758e-01
7.830390930175781250e-01
7.830236554145812988e-01
7.830081582069396973e-01
7.829928398132324219e-01
7.829775214195251465e-01
7.829620242118835449e-01
7.829466462135314941e-01
7.829313278198242188e-01
7.829160094261169434e-01
7.829006910324096680e-01
7.828853726387023926e-01
7.828699350357055664e-01
7.828546166419982910e-01
7.828393578529357910e-01
7.828240394592285156e-01
7.828088402748107910e-01
7.827935218811035156e-01
7.827783226966857910e-01
7.827630639076232910e-01
7.827478051185607910e-01
7.827325463294982910e-01
7.827173471450805664e-01
7.827020883560180664e-01
7.826870083808898926e-01
7.826718688011169434e-01
7.826566100120544434e-01
7.826414704322814941e-01
7.826262116432189941e-01
7.826110124588012695e-01
7.825960516929626465e-01
7.825808525085449219e-01
7.825658917427062988e-01
7.825508117675781250e-01
7.825356125831604004e-01
7.825206518173217773e-01
7.825055122375488281e-01
7.824905514717102051e-01
7.824754714965820312e-01
7.824603915214538574e-01
7.824453711509704590e-01
7.824302911758422852e-01
7.824153304100036621e-01
7.824003100395202637e-01
7.823854088783264160e-01
7.823705077171325684e-01
7.823554277420043945e-01
7.823405265808105469e-01
7.823256254196166992e-01
7.823106050491333008e-01
7.822957634925842285e-01
7.822809219360351562e-01
7.822660803794860840e-01
7.822512388229370117e-01
7.822362184524536133e-01
7.822213768959045410e-01
7.822065949440002441e-01
7.821918129920959473e-01
7.821769714355468750e-01
7.821621894836425781e-01
7.821473479270935059e-01
7.821325659751892090e-01
7.821178436279296875e-01
7.821031212806701660e-01
7.820882797241210938e-01
7.820735573768615723e-01
7.820587754249572754e-01
7.820442318916320801e-01
7.820295095443725586e-01
7.820147871971130371e-01
7.820000052452087402e-01
7.819854021072387695e-01
7.819707989692687988e-01
7.819561362266540527e-01
7.819414734840393066e-01
7.819267511367797852e-01
7.819122672080993652e-01
7.818976044654846191e-01
7.818831801414489746e-01
7.818685173988342285e-01
7.818540334701538086e-01
7.818393707275390625e-01
7.818249464035034180e-01
7.818102836608886719e-01
7.817958593368530273e-01
7.817812561988830566e-01
7.817668318748474121e-01
7.817524671554565430e-01
7.817378640174865723e-01
7.817234396934509277e-01
7.817090749740600586e-01
7.816944718360900879e-01
7.816801071166992188e-01
7.816657423973083496e-01
7.816513776779174805e-01
7.816370725631713867e-01
7.816225290298461914e-01
7.816082239151000977e-01
7.815938591957092285e-01
7.815795540809631348e-01
7.815652489662170410e-01
7.815509438514709473e-01
7.815366387367248535e-01
7.815223336219787598e-01
7.815080285072326660e-01
7.814937829971313477e-01
7.814796566963195801e-01
7.814654111862182617e-01
7.814511656761169434e-01
7.814369201660156250e-01
7.814226746559143066e-01
7.814084887504577637e-01
7.813944220542907715e-01
7.813801169395446777e-01
7.813661694526672363e-01
7.813519835472106934e-01
7.813377976417541504e-01
7.813236117362976074e-01
7.813096046447753906e-01
7.812955975532531738e-01
7.812814712524414062e-01
7.812672853469848633e-01
7.812533378601074219e-01
7.812393307685852051e-01
7.812252044677734375e-01
7.812113165855407715e-01
7.811974287033081055e-01
7.811832427978515625e-01
7.811692953109741211e-01
7.811552286148071289e-01
7.811413407325744629e-01
7.811274528503417969e-01
7.811135649681091309e-01
7.810994982719421387e-01
7.810858488082885742e-01
7.810717225074768066e-01
7.810578942298889160e-01
7.810440659523010254e-01
7.810301780700683594e-01
7.810164093971252441e-01
7.810025811195373535e-01
7.809887528419494629e-01
7.809749245643615723e-01
7.809611558914184570e-01
7.809475064277648926e-01
7.809335589408874512e-01
7.809199690818786621e-01
7.809061408042907715e-01
7.808924317359924316e-01
7.808786034584045410e-01
7.808650732040405273e-01
7.808513641357421875e-01
7.808376550674438477e-01
7.808240652084350586e-01
7.808104157447814941e-01
7.807968258857727051e-01
7.807831764221191406e-01
7.807694673538208008e-01
7.807559370994567871e-01
7.807424664497375488e-01
7.807288169860839844e-01
7.807151675224304199e-01
7.807016372680664062e-01
7.806882262229919434e-01
7.806745767593383789e-01
7.806611657142639160e-01
7.806476950645446777e-01
7.806342840194702148e-01
7.806206345558166504e-01
7.806072831153869629e-01
7.805938124656677246e-01
7.805804014205932617e-01
7.805670499801635742e-01
7.805536389350891113e-01
7.805402874946594238e-01
7.805269360542297363e-01
7.805135846138000488e-01
7.805002331733703613e-01
7.804867029190063477e-01
7.804735302925109863e-01
7.804601788520812988e-01
7.804468870162963867e-01
7.804336547851562500e-01
7.804203629493713379e-01
7.804070115089416504e-01
7.803937792778015137e-01
7.803806662559509277e-01
7.803674340248107910e-01
7.803541421890258789e-01
7.803410887718200684e-01
7.803277969360351562e-01
7.803148031234741211e-01
7.803015112876892090e-01
7.802885174751281738e-01
7.802752852439880371e-01
7.802621126174926758e-01
7.802491188049316406e-01
7.802358865737915039e-01
7.802228927612304688e-01
7.802098989486694336e-01
7.801967859268188477e-01
7.801837921142578125e-01
7.801707983016967773e-01
7.801578640937805176e-01
7.801447510719299316e-01
7.801317572593688965e-01
7.801188230514526367e-01
7.801059484481811523e-01
7.800930142402648926e-01
7.800799012184143066e-01
7.800670862197875977e-01
7.800541520118713379e-01
7.800412774085998535e-01
7.800284028053283691e-01
7.800155282020568848e-01
7.800027132034301758e-01
7.799900174140930176e-01
7.799772024154663086e-01
7.799643278121948242e-01
7.799515128135681152e-01
7.799387574195861816e-01
7.799259424209594727e-01
7.799133062362670898e-01
7.799004912376403809e-01
7.798877358436584473e-01
7.798751592636108398e-01
7.798623442649841309e-01
7.798495888710021973e-01
7.798370122909545898e-01
7.798243165016174316e-01
7.798117399215698242e-01
7.797990441322326660e-01
7.797865271568298340e-01
7.797737717628479004e-01
7.797613143920898438e-01
7.797487378120422363e-01
7.797361016273498535e-01
7.797235846519470215e-01
7.797111272811889648e-01
7.796984910964965820e-01
7.796859741210937500e-01
7.796735167503356934e-01
7.796611189842224121e-01
7.796486020088195801e-01
7.796362042427062988e-01
7.796236276626586914e-01
7.796112298965454102e-01
7.795987725257873535e-01
7.795863747596740723e-01
7.795739769935607910e-01
7.795616388320922852e-01
7.795491814613342285e-01
7.795370221138000488e-01
7.795246839523315430e-01
7.795123457908630371e-01
7.795000076293945312e-01
7.794876694679260254e-01
7.794753313064575195e-01
7.794632315635681152e-01
7.794508934020996094e-01
7.794386148452758789e-01
7.794264554977416992e-01
7.794142365455627441e-01
7.794019579887390137e-01
7.793897986412048340e-01
7.793777585029602051e-01
7.793655395507812500e-01
7.793533205986022949e-01
7.793412804603576660e-01
7.793291807174682617e-01
7.793170213699340820e-01
7.793049216270446777e-01
7.792929410934448242e-01
7.792807221412658691e-01
7.792687416076660156e-01
7.792567610740661621e-01
7.792446017265319824e-01
7.792328000068664551e-01
7.792206406593322754e-01
7.792087197303771973e-01
7.791966795921325684e-01
7.791848182678222656e-01
7.791728973388671875e-01
7.791609168052673340e-01
7.791489958763122559e-01
7.791371345520019531e-01
7.791252136230468750e-01
7.791133522987365723e-01
7.791014909744262695e-01
7.790897488594055176e-01
7.790777087211608887e-01
7.790659666061401367e-01
7.790542244911193848e-01
7.790423631668090820e-01
7.790307402610778809e-01
7.790188193321228027e-01
7.790070772171020508e-01
7.789953947067260742e-01
7.789835929870605469e-01
7.789720296859741211e-01
7.789601683616638184e-01
7.789486646652221680e-01
7.789368629455566406e-01
7.789252996444702148e-01
7.789135575294494629e-01
7.789019942283630371e-01
7.788904309272766113e-01
7.788787484169006348e-01
7.788671851158142090e-01
7.788555026054382324e-01
7.788439393043518066e-01
7.788324952125549316e-01
7.788209319114685059e-01
7.788094878196716309e-01
7.787980437278747559e-01
7.787865400314331055e-01
7.787750363349914551e-01
7.787635922431945801e-01
7.787521481513977051e-01
7.787407040596008301e-01
7.787290811538696289e-01
7.787178158760070801e-01
7.787064313888549805e-01
7.786950469017028809e-01
7.786836624145507812e-01
7.786722779273986816e-01
7.786608934402465820e-01
7.786495089530944824e-01
7.786383628845214844e-01
7.786269783973693848e-01
7.786157727241516113e-01
7.786044478416442871e-01
7.785931229591369629e-01
7.785819768905639648e-01
7.785707116127014160e-01
7.785595655441284180e-01
7.785483002662658691e-01
7.785371541976928711e-01
7.785258889198303223e-01
7.785147428512573242e-01
7.785035371780395508e-01
7.784924507141113281e-01
7.784813642501831055e-01
7.784701585769653320e-01
7.784590721130371094e-01
7.784480452537536621e-01
7.784370183944702148e-01
7.784259915351867676e-01
7.784147858619689941e-01
7.784038186073303223e-01
7.783927321434020996e-01
7.783817648887634277e-01
7.783707976341247559e-01
7.783598303794860840e-01
7.783488631248474121e-01
7.783379554748535156e-01
7.783269882202148438e-01
7.783160805702209473e-01
7.783051133155822754e-01
7.782942056655883789e-01
7.782832980155944824e-01
7.782725691795349121e-01
7.782617211341857910e-01
7.782508134841918945e-01
7.782400846481323242e-01
7.782291769981384277e-01
7.782183289527893066e-01
7.782076597213745117e-01
7.781968712806701660e-01
7.781860232353210449e-01
7.781753540039062500e-01
7.781645059585571289e-01
7.781538963317871094e-01
7.781432867050170898e-01
7.781324982643127441e-01
7.781218886375427246e-01
7.781111001968383789e-01
7.781004905700683594e-01
7.780899405479431152e-01
7.780792117118835449e-01
7.780686020851135254e-01
7.780580520629882812e-01
7.780475020408630371e-01
7.780369520187377930e-01
7.780262231826782227e-01
7.780159115791320801e-01
7.780052423477172852e-01
7.779946923255920410e-01
7.779842019081115723e-01
7.779737114906311035e-01
7.779632210731506348e-01
7.779527306556701660e-01
7.779422402381896973e-01
7.779320478439331055e-01
7.779216170310974121e-01
7.779111266136169434e-01
7.779006958007812500e-01
7.778903245925903320e-01
7.778800725936889648e-01
7.778696417808532715e-01
7.778592705726623535e-01
7.778490185737609863e-01
7.778386473655700684e-01
7.778282761573791504e-01
7.778181433677673340e-01
7.778077125549316406e-01
7.777975201606750488e-01
7.777872085571289062e-01
7.777770757675170898e-01
7.777667641639709473e-01
7.777566313743591309e-01
7.777463793754577637e-01
7.777361869812011719e-01
7.777261137962341309e-01
7.777160406112670898e-01
7.777057290077209473e-01
7.776956558227539062e-01
7.776855826377868652e-01
7.776755094528198242e-01
7.776653170585632324e-01
7.776552438735961914e-01
7.776452302932739258e-01
7.776351571083068848e-01
7.776251435279846191e-01
7.776151299476623535e-01
7.776051163673400879e-01
7.775951027870178223e-01
7.775850892066955566e-01
7.775751352310180664e-01
7.775651216506958008e-01
7.775553464889526367e-01
7.775453925132751465e-01
7.775354385375976562e-01
7.775254845619201660e-01
7.775155901908874512e-01
7.775058150291442871e-01
7.774959206581115723e-01
7.774859666824340820e-01
7.774762511253356934e-01
7.774664163589477539e-01
7.774566411972045898e-01
7.774468064308166504e-01
7.774370908737182617e-01
7.774272561073303223e-01
7.774176001548767090e-01
7.774077057838439941e-01
7.773980498313903809e-01
7.773883938789367676e-01
7.773785591125488281e-01
7.773689627647399902e-01
7.773591876029968262e-01
7.773495316505432129e-01
7.773399353027343750e-01
7.773303389549255371e-01
7.773206830024719238e-01
7.773109674453735352e-01
7.773014307022094727e-01
7.772918343544006348e-01
7.772822976112365723e-01
7.772727608680725098e-01
7.772632241249084473e-01
7.772536277770996094e-01
7.772441506385803223e-01
7.772346138954162598e-01
7.772250771522521973e-01
7.772157788276672363e-01
7.772063016891479492e-01
7.771968245506286621e-01
7.771873474121093750e-01
7.771778702735900879e-01
7.771684527397155762e-01
7.771591544151306152e-01
7.771496772766113281e-01
7.771404385566711426e-01
7.771310210227966309e-01
7.771216034889221191e-01
7.771123647689819336e-01
7.771029472351074219e-01
7.770937085151672363e-01
7.770843505859375000e-01
7.770751714706420898e-01
7.770658135414123535e-01
7.770566344261169434e-01
7.770472764968872070e-01
7.770380973815917969e-01
7.770289182662963867e-01
7.770196199417114258e-01
7.770104408264160156e-01
7.770013213157653809e-01
7.769922614097595215e-01
7.769830822944641113e-01
7.769737839698791504e-01
7.769646644592285156e-01
7.769556045532226562e-01
7.769464850425720215e-01
7.769374251365661621e-01
7.769283652305603027e-01
7.769193053245544434e-01
7.769102454185485840e-01
7.769011855125427246e-01
7.768921256065368652e-01
7.768831849098205566e-01
7.768741250038146973e-01
7.768651247024536133e-01
7.768562436103820801e-01
7.768473029136657715e-01
7.768382430076599121e-01
7.768293023109436035e-01
7.768203616142272949e-01
7.768115401268005371e-01
7.768025994300842285e-01
7.767936587333679199e-01
7.767848968505859375e-01
7.767759561538696289e-01
7.767671942710876465e-01
7.767583131790161133e-01
7.767495512962341309e-01
7.767406105995178223e-01
7.767319083213806152e-01
7.767230272293090820e-01
7.767143249511718750e-01
7.767056226730346680e-01
7.766968011856079102e-01
7.766880989074707031e-01
7.766794562339782715e-01
7.766706347465515137e-01
7.766619324684143066e-01
7.766533493995666504e-01
7.766446471214294434e-01
7.766360044479370117e-01
7.766274809837341309e-01
7.766187787055969238e-01
7.766101956367492676e-01
7.766014337539672852e-01
7.765930294990539551e-01
7.765842676162719727e-01
7.765756845474243164e-01
7.765672802925109863e-01
7.765586972236633301e-01
7.765502333641052246e-01
7.765416502952575684e-01
7.765331268310546875e-01
7.765246033668518066e-01
7.765161395072937012e-01
7.765077948570251465e-01
7.764992117881774902e-01
7.764908075332641602e-01
7.764824628829956055e-01
7.764739990234375000e-01
7.764655351638793945e-01
7.764572501182556152e-01
7.764487862586975098e-01
7.764405012130737305e-01
7.764320969581604004e-01
7.764238119125366211e-01
7.764154076576232910e-01
7.764071226119995117e-01
7.763987183570861816e-01
7.763904929161071777e-01
7.763822674751281738e-01
7.763739228248596191e-01
7.763656973838806152e-01
7.763575315475463867e-01
7.763491868972778320e-01
7.763409614562988281e-01
7.763327956199645996e-01
7.763246893882751465e-01
7.763164639472961426e-01
7.763082385063171387e-01
7.763002514839172363e-01
7.762919068336486816e-01
7.762838006019592285e-01
7.762756943702697754e-01
7.762675881385803223e-01
7.762594819068908691e-01
7.762513756752014160e-01
7.762433290481567383e-01
7.762352228164672852e-01
7.762271761894226074e-01
7.762193083763122559e-01
7.762112021446228027e-01
7.762032151222229004e-01
7.761951684951782227e-01
7.761871218681335449e-01
7.761792540550231934e-01
7.761712670326232910e-01
7.761634588241577148e-01
7.761554121971130371e-01
7.761474847793579102e-01
7.761396169662475586e-01
7.761316895484924316e-01
7.761238217353820801e-01
7.761159539222717285e-01
7.761081457138061523e-01
7.761002182960510254e-01
7.760924696922302246e-01
7.760844826698303223e-01
7.760767340660095215e-01
7.760690450668334961e-01
7.760611176490783691e-01
7.760534286499023438e-01
7.760456800460815430e-01
7.760377526283264160e-01
7.760301232337951660e-01
7.760223746299743652e-01
7.760147452354431152e-01
7.760070562362670898e-01
7.759991884231567383e-01
7.759915590286254883e-01
7.759838700294494629e-01
7.759762406349182129e-01
7.759686112403869629e-01
7.759609222412109375e-01
7.759533524513244629e-01
7.759457230567932129e-01
7.759380936622619629e-01
7.759305238723754883e-01
7.759231328964233398e-01
7.759155035018920898e-01
7.759079337120056152e-01
7.759003639221191406e-01
7.758927941322326660e-01
7.758852243423461914e-01
7.758778333663940430e-01
7.758703231811523438e-01
7.758627533912658691e-01
7.758554220199584961e-01
7.758479714393615723e-01
7.758404016494750977e-01
7.758330702781677246e-01
7.758255600929260254e-01
7.758182883262634277e-01
7.758107781410217285e-01
7.758035063743591309e-01
7.757960557937622070e-01
7.757887244224548340e-01
7.757814526557922363e-01
7.757740020751953125e-01
7.757667303085327148e-01
7.757595181465148926e-01
7.757520675659179688e-01
7.757447957992553711e-01
7.757374048233032227e-01
7.757301926612854004e-01
7.757229804992675781e-01
7.757157683372497559e-01
7.757085561752319336e-01
7.757011055946350098e-01
7.756940126419067383e-01
7.756868600845336914e-01
7.756796479225158691e-01
7.756724953651428223e-01
7.756653428077697754e-01
7.756581306457519531e-01
7.756510376930236816e-01
7.756438851356506348e-01
7.756367325782775879e-01
7.756296396255493164e-01
7.756225466728210449e-01
7.756155729293823242e-01
7.756084799766540527e-01
7.756013870239257812e-01
7.755942940711975098e-01
7.755872607231140137e-01
7.755803465843200684e-01
7.755732536315917969e-01
7.755662202835083008e-01
7.755593061447143555e-01
7.755523324012756348e-01
7.755452990531921387e-01
7.755383849143981934e-01
7.755314111709594727e-01
7.755245566368103027e-01
7.755175232887268066e-01
7.755107283592224121e-01
7.755036950111389160e-01
7.754969000816345215e-01
7.754899263381958008e-01
7.754831910133361816e-01
7.754763960838317871e-01
7.754693627357482910e-01
7.754626274108886719e-01
7.754558920860290527e-01
7.754489183425903320e-01
7.754421830177307129e-01
7.754354476928710938e-01
7.754286527633666992e-01
7.754219174385070801e-01
7.754150629043579102e-01
7.754083275794982910e-01
7.754015922546386719e-01
7.753949761390686035e-01
7.753883004188537598e-01
7.753815650939941406e-01
7.753748297691345215e-01
7.753682136535644531e-01
7.753614783287048340e-01
7.753549218177795410e-01
7.753482460975646973e-01
7.753415703773498535e-01
7.753348946571350098e-01
7.753284573554992676e-01
7.753218412399291992e-01
7.753152251243591309e-01
7.753086090087890625e-01
7.753019928932189941e-01
7.752956151962280273e-01
7.752889990806579590e-01
7.752823829650878906e-01
7.752760052680969238e-01
7.752694487571716309e-01
7.752628922462463379e-01
7.752565145492553711e-01
7.752500176429748535e-01
7.752434015274047852e-01
7.752370834350585938e-01
7.752305865287780762e-01
7.752241492271423340e-01
7.752178311347961426e-01
7.752112746238708496e-01
7.752050757408142090e-01
7.751985192298889160e-01
7.751922011375427246e-01
7.751857638359069824e-01
7.751794457435607910e-01
7.751731276512145996e-01
7.751666903495788574e-01
7.751603722572326660e-01
7.751541137695312500e-01
7.751478552818298340e-01
7.751416563987731934e-01
7.751351594924926758e-01
7.751289606094360352e-01
7.751227021217346191e-01
7.751165032386779785e-01
7.751103043556213379e-01
7.751040458679199219e-01
7.750978469848632812e-01
7.750917077064514160e-01
7.750854492187500000e-01
7.750793099403381348e-01
7.750730514526367188e-01
7.750669121742248535e-01
7.750607728958129883e-01
