8.700295686721801758e-01
8.699523210525512695e-01
8.698753118515014648e-01
8.697980642318725586e-01
8.697205781936645508e-01
8.696432113647460938e-01
8.695658445358276367e-01
8.694882392883300781e-01
8.694106340408325195e-01
8.693331480026245117e-01
8.692554235458374023e-01
8.691774606704711914e-01
8.690997362136840820e-01
8.690217733383178711e-01
8.689438104629516602e-01
8.688658475875854492e-01
8.687878847122192383e-01
8.687096834182739258e-01
8.686314821243286133e-01
8.685532808303833008e-01
8.684750795364379883e-01
8.683966398239135742e-01
8.683182001113891602e-01
8.682397603988647461e-01
8.681613206863403320e-01
8.680826425552368164e-01
8.680042028427124023e-01
8.679255247116088867e-01
8.678466081619262695e-01
8.677679300308227539e-01
8.676890134811401367e-01
8.676100969314575195e-01
8.675312995910644531e-01
8.674522638320922852e-01
8.673731088638305664e-01
8.672941923141479492e-01
8.672150373458862305e-01
8.671358823776245117e-01
8.670564889907836914e-01
8.669772148132324219e-01
8.668977022171020508e-01
8.668183088302612305e-01
8.667389154434204102e-01
8.666592836380004883e-01
8.665798902511596680e-01
8.665002584457397461e-01
8.664206266403198242e-01
8.663409948348999023e-01
8.662613630294799805e-01
8.661813735961914062e-01
8.661016225814819336e-01
8.660217523574829102e-01
8.659418821334838867e-01
8.658617734909057617e-01
8.657816648483276367e-01
8.657015562057495117e-01
8.656214475631713867e-01
8.655413389205932617e-01
8.654612302780151367e-01
8.653808832168579102e-01
8.653005361557006836e-01
8.652201890945434570e-01
8.651398420333862305e-01
8.650592565536499023e-01
8.649789094924926758e-01
8.648983240127563477e-01
8.648177385330200195e-01
8.647371530532836914e-01
8.646564483642578125e-01
8.645757436752319336e-01
8.644951581954956055e-01
8.644143342971801758e-01
8.643335103988647461e-01
8.642526865005493164e-01
8.641716241836547852e-01
8.640908002853393555e-01
8.640097379684448242e-01
8.639287948608398438e-01
8.638478517532348633e-01
8.637666702270507812e-01
8.636854887008666992e-01
8.636044263839721680e-01
8.635231256484985352e-01
8.634418249130249023e-01
8.633605241775512695e-01
8.632793426513671875e-01
8.631979227066040039e-01
8.631166219711303711e-01
8.630350828170776367e-01
8.629536628723144531e-01
8.628722429275512695e-01
8.627907037734985352e-01
8.627091646194458008e-01
8.626275062561035156e-01
8.625458478927612305e-01
8.624640703201293945e-01
8.623825311660766602e-01
8.623007535934448242e-01
8.622189760208129883e-01
8.621371984481811523e-01
8.620554208755493164e-01
8.619736433029174805e-01
8.618916273117065430e-01
8.618097305297851562e-01
8.617277145385742188e-01
8.616458177566528320e-01
8.615638017654418945e-01
8.614816665649414062e-01
8.613996505737304688e-01
8.613175153732299805e-01
8.612352609634399414e-01
8.611532449722290039e-01
8.610711097717285156e-01
8.609887361526489258e-01
8.609067201614379883e-01
8.608242273330688477e-01
8.607420921325683594e-01
8.606597185134887695e-01
8.605774641036987305e-01
8.604949712753295898e-01
8.604125976562500000e-01
8.603302240371704102e-01
8.602477312088012695e-01
8.601652383804321289e-01
8.600827455520629883e-01
8.600002527236938477e-01
8.599177598953247070e-01
8.598350286483764648e-01
8.597525358200073242e-01
8.596698045730590820e-01
8.595873117446899414e-01
8.595045804977416992e-01
8.594218492507934570e-01
8.593391180038452148e-01
8.592563867568969727e-01
8.591736555099487305e-01
8.590909242630004883e-01
8.590081930160522461e-01
8.589254617691040039e-01
8.588427305221557617e-01
8.587597608566284180e-01
8.586767911911010742e-01
8.585939407348632812e-01
8.585110902786254883e-01
8.584281206130981445e-01
8.583451509475708008e-01
8.582621812820434570e-01
8.581792116165161133e-01
8.580962419509887695e-01
8.580132722854614258e-01
8.579303026199340820e-01
8.578473329544067383e-01
8.577643632888793945e-01
8.576811552047729492e-01
8.575981855392456055e-01
8.575149774551391602e-01
8.574318885803222656e-01
8.573487997055053711e-01
8.572655916213989258e-01
8.571825027465820312e-01
8.570994138717651367e-01
8.570162057876586914e-01
8.569329977035522461e-01
8.568497896194458008e-01
8.567665815353393555e-01
8.566833734512329102e-01
8.566001653671264648e-01
8.565168380737304688e-01
8.564337491989135742e-01
8.563503026962280273e-01
8.562670946121215820e-01
8.561838865280151367e-01
8.561004400253295898e-01
8.560172319412231445e-01
8.559340238571166992e-01
8.558505773544311523e-01
8.557672500610351562e-01
8.556839227676391602e-01
8.556007146835327148e-01
8.555172681808471680e-01
8.554338216781616211e-01
8.553506135940551758e-01
8.552671670913696289e-01
8.551837205886840820e-01
8.551005125045776367e-01
8.550170660018920898e-01
8.549337387084960938e-01
8.548504114151000977e-01
8.547669649124145508e-01
8.546835184097290039e-01
8.546000719070434570e-01
8.545168638229370117e-01
8.544334173202514648e-01
8.543499708175659180e-01
8.542665243148803711e-01
8.541830778121948242e-01
8.540997505187988281e-01
8.540161848068237305e-01
8.539328575134277344e-01
8.538495302200317383e-01
8.537660837173461914e-01
8.536826372146606445e-01
8.535991907119750977e-01
8.535157442092895508e-01
8.534325361251831055e-01
8.533488512039184570e-01
8.532656431198120117e-01
8.531821966171264648e-01
8.530987501144409180e-01
8.530154228210449219e-01
8.529318571090698242e-01
8.528484106063842773e-01
8.527652025222778320e-01
8.526817560195922852e-01
8.525983095169067383e-01
8.525148630142211914e-01
8.524316549301147461e-01
8.523482084274291992e-01
8.522647619247436523e-01
8.521814346313476562e-01
8.520981073379516602e-01
8.520146608352661133e-01
8.519314527511596680e-01
8.518480062484741211e-01
8.517647981643676758e-01
8.516813516616821289e-01
8.515981435775756836e-01
8.515146970748901367e-01
8.514314889907836914e-01
8.513482809066772461e-01
8.512648344039916992e-01
8.511816263198852539e-01
8.510981798171997070e-01
8.510150909423828125e-01
8.509317636489868164e-01
8.508485555648803711e-01
8.507653474807739258e-01
8.506821393966674805e-01
8.505989313125610352e-01
8.505157232284545898e-01
8.504325151443481445e-01
8.503493070602416992e-01
8.502660989761352539e-01
8.501830101013183594e-01
8.500999212265014648e-01
8.500167131423950195e-01
8.499337434768676758e-01
8.498505353927612305e-01
8.497675657272338867e-01
8.496843576431274414e-01
8.496013879776000977e-01
8.495184183120727539e-01
8.494353294372558594e-01
8.493523597717285156e-01
8.492692708969116211e-01
8.491863012313842773e-01
8.491033315658569336e-01
8.490203619003295898e-01
8.489375114440917969e-01
8.488546609878540039e-01
8.487716913223266602e-01
8.486887216567993164e-01
8.486059904098510742e-01
8.485230207443237305e-01
8.484402894973754883e-01
8.483575582504272461e-01
8.482747077941894531e-01
8.481918573379516602e-01
8.481091260910034180e-01
8.480263948440551758e-01
8.479436635971069336e-01
8.478609323501586914e-01
8.477784395217895508e-01
8.476957082748413086e-01
8.476132154464721680e-01
8.475304841995239258e-01
8.474479913711547852e-01
8.473653793334960938e-01
8.472827672958374023e-01
8.472002744674682617e-01
8.471179008483886719e-01
8.470352888107299805e-01
8.469529151916503906e-01
8.468705415725708008e-01
8.467880487442016602e-01
8.467055559158325195e-01
8.466233015060424805e-01
8.465410470962524414e-01
8.464585542678833008e-01
8.463765382766723633e-01
8.462942838668823242e-01
8.462120294570922852e-01
8.461297750473022461e-01
8.460475206375122070e-01
8.459655046463012695e-01
8.458834886550903320e-01
8.458012342453002930e-01
8.457192182540893555e-01
8.456372022628784180e-01
8.455551862716674805e-01
8.454731702804565430e-01
8.453912734985351562e-01
8.453093767166137695e-01
8.452273607254028320e-01
8.451455831527709961e-01
8.450635671615600586e-01
8.449820280075073242e-01
8.449001312255859375e-01
8.448182344436645508e-01
8.447366952896118164e-01
8.446549177169799805e-01
8.445733785629272461e-01
8.444918394088745117e-01
8.444100618362426758e-01
8.443285226821899414e-01
8.442469835281372070e-01
8.441656827926635742e-01
8.440841436386108398e-01
8.440026044845581055e-01
8.439213037490844727e-01
8.438400030136108398e-01
8.437585830688476562e-01
8.436774015426635742e-01
8.435959815979003906e-01
8.435148000717163086e-01
8.434334993362426758e-01
8.433524370193481445e-01
8.432713747024536133e-01
8.431900739669799805e-01
8.431091308593750000e-01
8.430281877517700195e-01
8.429471254348754883e-01
8.428663015365600586e-01
8.427852392196655273e-01
8.427044153213500977e-01
8.426235914230346680e-01
8.425427675247192383e-01
8.424620628356933594e-01
8.423813581466674805e-01
8.423005342483520508e-01
8.422201871871948242e-01
8.421393632888793945e-01
8.420587778091430664e-01
8.419781923294067383e-01
8.418978452682495117e-01
8.418172597885131836e-01
8.417369127273559570e-01
8.416565656661987305e-01
8.415762186050415039e-01
8.414961099624633789e-01
8.414157629013061523e-01
8.413354158401489258e-01
8.412553071975708008e-01
8.411751985549926758e-01
8.410950899124145508e-01
8.410152196884155273e-01
8.409351110458374023e-01
8.408551216125488281e-01
8.407753705978393555e-01
8.406953811645507812e-01
8.406153917312622070e-01
8.405357599258422852e-01
8.404560089111328125e-01
8.403762578964233398e-01
8.402966260910034180e-01
8.402169942855834961e-01
8.401374816894531250e-01
8.400579690933227539e-01
8.399783372879028320e-01
8.398990631103515625e-01
8.398197889328002930e-01
8.397403955459594727e-01
8.396610021591186523e-01
8.395818471908569336e-01
8.395024538040161133e-01
8.394232988357543945e-01
8.393443822860717773e-01
8.392652273178100586e-01
8.391863107681274414e-01
8.391073942184448242e-01
8.390283584594726562e-01
8.389493227005004883e-01
8.388706445693969727e-01
8.387919664382934570e-01
8.387131690979003906e-01
8.386346101760864258e-01
8.385559320449829102e-01
8.384772539138793945e-01
8.383988142013549805e-01
8.383202552795410156e-01
8.382416963577270508e-01
8.381634950637817383e-01
8.380851745605468750e-01
8.380068540573120117e-01
8.379286527633666992e-01
8.378504514694213867e-01
8.377723693847656250e-01
8.376942873001098633e-01
8.376160860061645508e-01
8.375382423400878906e-01
8.374603986740112305e-01
8.373824357986450195e-01
8.373047113418579102e-01
8.372269868850708008e-01
8.371491432189941406e-01
8.370715379714965820e-01
8.369940519332885742e-01
8.369163274765014648e-01
8.368388414382934570e-01
8.367614746093750000e-01
8.366841077804565430e-01
8.366068601608276367e-01
8.365293741226196289e-01
8.364523649215698242e-01
8.363751173019409180e-01
8.362979888916015625e-01
8.362208604812622070e-01
8.361438512802124023e-01
8.360668420791625977e-01
8.359900712966918945e-01
8.359131813049316406e-01
8.358365297317504883e-01
8.357597589492797852e-01
8.356829881668090820e-01
8.356064558029174805e-01
8.355299234390258789e-01
8.354533910751342773e-01
8.353768587112426758e-01
8.353005647659301758e-01
8.352242708206176758e-01
8.351479768753051758e-01
8.350716829299926758e-01
8.349956274032592773e-01
8.349195718765258789e-01
8.348435163497924805e-01
8.347674608230590820e-01
8.346916437149047852e-01
8.346158266067504883e-01
8.345400094985961914e-01
8.344641923904418945e-01
8.343886137008666992e-01
8.343130350112915039e-01
8.342374563217163086e-01
8.341618776321411133e-01
8.340865373611450195e-01
8.340111970901489258e-01
8.339358568191528320e-01
8.338605165481567383e-01
8.337854146957397461e-01
8.337103128433227539e-01
8.336353302001953125e-01
8.335603475570678711e-01
8.334854841232299805e-01
8.334103822708129883e-01
8.333357572555541992e-01
8.332608938217163086e-01
8.331862688064575195e-01
8.331116437911987305e-01
8.330370187759399414e-01
8.329626321792602539e-01
8.328882455825805664e-01
8.328137397766113281e-01
8.327394723892211914e-01
8.326653242111206055e-01
8.325911760330200195e-01
8.325170278549194336e-01
8.324431180953979492e-01
8.323689699172973633e-01
8.322950601577758789e-01
8.322211503982543945e-01
8.321474790573120117e-01
8.320738077163696289e-01
8.320001363754272461e-01
8.319264650344848633e-01
8.318530321121215820e-01
8.317795991897583008e-01
8.317061662673950195e-01
8.316329717636108398e-01
8.315597772598266602e-01
8.314863443374633789e-01
8.314133882522583008e-01
8.313403129577636719e-01
8.312673568725585938e-01
8.311945199966430664e-01
8.311215639114379883e-01
8.310488462448120117e-01
8.309761285781860352e-01
8.309036493301391602e-01
8.308309316635131836e-01
8.307584524154663086e-01
8.306859731674194336e-01
8.306137323379516602e-01
8.305414915084838867e-01
8.304691314697265625e-01
8.303970098495483398e-01
8.303250074386596680e-01
8.302530050277709961e-01
8.301810026168823242e-01
8.301091194152832031e-01
8.300372362136840820e-01
8.299657106399536133e-01
8.298939466476440430e-01
8.298224210739135742e-01
8.297508955001831055e-01
8.296793699264526367e-01
8.296080827713012695e-01
8.295367956161499023e-01
8.294655084609985352e-01
8.293944597244262695e-01
8.293234109878540039e-01
8.292523622512817383e-01
8.291815519332885742e-01
8.291105031967163086e-01
8.290396928787231445e-01
8.289691209793090820e-01
8.288983106613159180e-01
8.288278579711914062e-01
8.287571668624877930e-01
8.286868333816528320e-01
8.286164999008178711e-01
8.285464048385620117e-01
8.284760713577270508e-01
8.284059762954711914e-01
8.283358812332153320e-01
8.282660245895385742e-01
8.281960487365722656e-01
8.281260728836059570e-01
8.280564546585083008e-01
8.279865980148315430e-01
8.279172182083129883e-01
8.278475999832153320e-01
8.277782201766967773e-01
8.277087211608886719e-01
8.276394605636596680e-01
8.275703191757202148e-01
8.275011777877807617e-01
8.274320363998413086e-01
8.273631334304809570e-01
8.272939920425415039e-01
8.272253274917602539e-01
8.271565437316894531e-01
8.270878791809082031e-01
8.270193338394165039e-01
8.269506692886352539e-01
8.268822431564331055e-01
8.268138170242309570e-01
8.267456293106079102e-01
8.266774415969848633e-01
8.266092538833618164e-01
8.265410661697387695e-01
8.264731168746948242e-01
8.264051675796508789e-01
8.263373374938964844e-01
8.262696266174316406e-01
8.262019157409667969e-01
8.261343240737915039e-01
8.260668516159057617e-01
8.259993791580200195e-01
8.259321451187133789e-01
8.258646726608276367e-01
8.257976770401000977e-01
8.257304430007934570e-01
8.256634473800659180e-01
8.255964517593383789e-01
8.255294561386108398e-01
8.254626989364624023e-01
8.253960609436035156e-01
8.253294229507446289e-01
8.252629041671752930e-01
8.251963853836059570e-01
8.251299858093261719e-01
8.250635862350463867e-01
8.249973058700561523e-01
8.249312639236450195e-01
8.248652219772338867e-01
8.247991800308227539e-01
8.247331380844116211e-01
8.246673345565795898e-01
8.246016502380371094e-01
8.245359659194946289e-01
8.244704008102416992e-01
8.244048357009887695e-01
8.243393898010253906e-01
8.242741823196411133e-01
8.242088556289672852e-01
8.241435289382934570e-01
8.240785598754882812e-01
8.240135908126831055e-01
8.239485025405883789e-01
8.238836526870727539e-01
8.238190412521362305e-01
8.237543106079101562e-01
8.236895799636840820e-01
8.236252069473266602e-01
8.235608339309692383e-01
8.234963417053222656e-01
8.234320878982543945e-01
8.233679533004760742e-01
8.233038187026977539e-01
8.232396841049194336e-01
8.231757879257202148e-01
8.231120109558105469e-01
8.230482339859008789e-01
8.229845762252807617e-01
8.229209184646606445e-01
8.228574991226196289e-01
8.227940797805786133e-01
8.227306604385375977e-01
8.226674795150756836e-01
8.226042985916137695e-01
8.225411176681518555e-01
8.224781751632690430e-01
8.224152326583862305e-01
8.223524093627929688e-01
8.222895860671997070e-01
8.222268819808959961e-01
8.221644163131713867e-01
8.221019506454467773e-01
8.220394849777221680e-01
8.219771385192871094e-01
8.219147920608520508e-01
8.218528032302856445e-01
8.217905759811401367e-01
8.217285871505737305e-01
8.216668367385864258e-01
8.216048479080200195e-01
8.215432167053222656e-01
8.214815855026245117e-01
8.214200735092163086e-01
8.213585615158081055e-01
8.212971687316894531e-01
8.212360143661499023e-01
8.211747407913208008e-01
8.211135864257812500e-01
8.210524320602416992e-01
8.209915161132812500e-01
8.209308385848999023e-01
8.208700418472290039e-01
8.208092451095581055e-01
8.207486867904663086e-01
8.206881284713745117e-01
8.206278085708618164e-01
8.205672502517700195e-01
8.205071687698364258e-01
8.204468488693237305e-01
8.203867673873901367e-01
8.203269243240356445e-01
8.202668428421020508e-01
8.202072381973266602e-01
8.201473951339721680e-01
8.200877904891967773e-01
8.200283050537109375e-01
8.199688196182250977e-01
8.199094533920288086e-01
8.198500871658325195e-01
8.197909593582153320e-01
8.197318315505981445e-01
8.196727037429809570e-01
8.196138143539428711e-01
8.195549249649047852e-01
8.194962739944458008e-01
8.194376230239868164e-01
8.193789720535278320e-01
8.193205595016479492e-01
8.192621469497680664e-01
8.192037343978881836e-01
8.191453218460083008e-01
8.190873861312866211e-01
8.190293312072753906e-01
8.189712762832641602e-01
8.189133405685424805e-01
8.188556432723999023e-01
8.187979459762573242e-01
8.187402486801147461e-01
8.186827898025512695e-01
8.186253309249877930e-01
8.185681104660034180e-01
8.185106515884399414e-01
8.184536695480346680e-01
8.183965682983398438e-01
8.183397054672241211e-01
8.182826042175292969e-01
8.182257413864135742e-01
8.181689977645874023e-01
8.181124925613403320e-01
8.180559873580932617e-01
8.179994821548461914e-01
8.179429769515991211e-01
8.178868293762207031e-01
8.178306818008422852e-01
8.177746534347534180e-01
8.177185058593750000e-01
8.176625967025756836e-01
8.176068067550659180e-01
8.175510168075561523e-01
8.174954652786254883e-01
8.174399137496948242e-01
8.173843622207641602e-01
8.173290491104125977e-01
8.172737360000610352e-01
8.172186613082885742e-01
8.171633481979370117e-01
8.171082735061645508e-01
8.170534372329711914e-01
8.169986009597778320e-01
8.169437646865844727e-01
8.168891668319702148e-01
8.168345689773559570e-01
8.167802095413208008e-01
8.167257308959960938e-01
8.166713714599609375e-01
8.166171312332153320e-01
8.165630102157592773e-01
8.165091276168823242e-01
8.164550065994262695e-01
8.164011240005493164e-01
8.163474798202514648e-01
8.162937164306640625e-01
8.162401914596557617e-01
8.161867856979370117e-01
8.161331415176391602e-01
8.160799741744995117e-01
8.160268068313598633e-01
8.159736394882202148e-01
8.159204721450805664e-01
8.158675432205200195e-01
8.158148527145385742e-01
8.157619237899780273e-01
8.157092332839965820e-01
8.156565427780151367e-01
8.156040906906127930e-01
8.155516386032104492e-01
8.154994249343872070e-01
8.154469728469848633e-01
8.153949975967407227e-01
8.153430223464965820e-01
8.152909278869628906e-01
8.152390718460083008e-01
8.151873350143432617e-01
8.151355981826782227e-01
8.150839805603027344e-01
8.150323629379272461e-01
8.149811029434204102e-01
8.149296045303344727e-01
8.148783445358276367e-01
8.148270845413208008e-01
8.147760629653930664e-01
8.147250413894653320e-01
8.146742582321166992e-01
8.146234750747680664e-01
8.145729303359985352e-01
8.145221471786499023e-01
8.144716024398803711e-01
8.144211769104003906e-01
8.143707513809204102e-01
8.143204450607299805e-01
8.142703771591186523e-01
8.142203092575073242e-01
8.141702413558959961e-01
8.141204118728637695e-01
8.140705823898315430e-01
8.140207529067993164e-01
8.139711618423461914e-01
8.139218091964721680e-01
8.138722181320190430e-01
8.138227462768554688e-01
8.137735128402709961e-01
8.137243986129760742e-01
8.136750459671020508e-01
8.136261701583862305e-01
8.135772943496704102e-01
8.135284185409545898e-01
8.134795427322387695e-01
8.134309053421020508e-01
8.133822679519653320e-01
8.133338689804077148e-01
8.132854700088500977e-01
8.132371902465820312e-01
8.131889104843139648e-01
8.131407499313354492e-01
8.130928277969360352e-01
8.130449056625366211e-01
8.129969835281372070e-01
8.129491806030273438e-01
8.129016160964965820e-01
8.128539323806762695e-01
8.128064870834350586e-01
8.127590417861938477e-01
8.127117156982421875e-01
8.126645088195800781e-01
8.126173019409179688e-01
8.125702142715454102e-01
8.125232458114624023e-01
8.124762773513793945e-01
8.124295473098754883e-01
8.123828172683715820e-01
8.123360872268676758e-01
8.122895956039428711e-01
8.122431039810180664e-01
8.121968507766723633e-01
8.121505975723266602e-01
8.121043443679809570e-01
8.120583295822143555e-01
8.120123147964477539e-01
8.119663000106811523e-01
8.119205236434936523e-01
8.118747472763061523e-01
8.118292093276977539e-01
8.117834329605102539e-01
8.117380142211914062e-01
8.116925954818725586e-01
8.116472959518432617e-01
8.116021156311035156e-01
8.115569353103637695e-01
8.115118741989135742e-01
8.114670515060424805e-01
8.114219903945922852e-01
8.113774061203002930e-01
8.113325834274291992e-01
8.112879991531372070e-01
8.112434148788452148e-01
8.111988306045532227e-01
8.111544847488403320e-01
8.111103773117065430e-01
8.110661506652832031e-01
8.110219240188598633e-01
8.109780550003051758e-01
8.109340667724609375e-01
8.108903169631958008e-01
8.108464479446411133e-01
8.108028173446655273e-01
8.107591867446899414e-01
8.107157945632934570e-01
8.106722831726074219e-01
8.106290102005004883e-01
8.105856180191040039e-01
8.105424642562866211e-01
8.104995489120483398e-01
8.104566335678100586e-01
8.104137182235717773e-01
8.103708028793334961e-01
8.103280067443847656e-01
8.102854490280151367e-01
8.102427721023559570e-01
8.102005720138549805e-01
8.101578950881958008e-01
8.101156949996948242e-01
8.100734949111938477e-01
8.100312948226928711e-01
8.099890947341918945e-01
8.099473714828491211e-01
8.099054098129272461e-01
8.098636865615844727e-01
8.098219633102416992e-01
8.097802400588989258e-01
8.097387552261352539e-01
8.096972703933715820e-01
8.096557855606079102e-01
8.096145391464233398e-01
8.095732927322387695e-01
8.095321655273437500e-01
8.094910383224487305e-01
8.094501495361328125e-01
8.094092607498168945e-01
8.093684911727905273e-01
8.093277215957641602e-01
8.092871904373168945e-01
8.092466592788696289e-01
8.092061281204223633e-01
8.091658353805541992e-01
8.091253042221069336e-01
8.090852499008178711e-01
8.090449571609497070e-01
8.090049028396606445e-01
8.089648485183715820e-01
8.089251518249511719e-01
8.088852167129516602e-01
8.088455200195312500e-01
8.088058233261108398e-01
8.087662458419799805e-01
8.087269067764282227e-01
8.086873292922973633e-01
8.086481094360351562e-01
8.086088895797729492e-01
8.085697889328002930e-01
8.085306882858276367e-01
8.084915876388549805e-01
8.084526062011718750e-01
8.084138631820678711e-01
8.083750009536743164e-01
8.083363771438598633e-01
8.082977533340454102e-01
8.082593679428100586e-01
8.082207441329956055e-01
8.081823587417602539e-01
8.081442117691040039e-01
8.081060647964477539e-01
8.080679178237915039e-01
8.080297708511352539e-01
8.079918622970581055e-01
8.079539537429809570e-01
8.079161643981933594e-01
8.078783750534057617e-01
8.078407049179077148e-01
8.078032732009887695e-01
8.077658414840698242e-01
8.077282905578613281e-01
8.076909780502319336e-01
8.076537847518920898e-01
8.076165914535522461e-01
8.075793981552124023e-01
8.075424432754516602e-01
8.075054883956909180e-01
8.074685335159301758e-01
8.074318170547485352e-01
8.073949813842773438e-01
8.073583841323852539e-01
8.073219060897827148e-01
8.072854280471801758e-01
8.072489500045776367e-01
8.072127103805541992e-01
8.071764707565307617e-01
8.071402311325073242e-01
8.071042299270629883e-01
8.070679903030395508e-01
8.070321083068847656e-01
8.069962263107299805e-01
8.069604635238647461e-01
8.069247007369995117e-01
8.068891763687133789e-01
8.068536520004272461e-01
8.068181276321411133e-01
8.067826032638549805e-01
8.067473173141479492e-01
8.067120313644409180e-01
8.066767454147338867e-01
8.066416978836059570e-01
8.066066503524780273e-01
8.065718412399291992e-01
8.065367937088012695e-01
8.065019845962524414e-01
8.064674139022827148e-01
8.064326047897338867e-01
8.063980340957641602e-01
8.063634634017944336e-01
8.063291311264038086e-01
8.062947988510131836e-01
8.062604665756225586e-01
8.062261343002319336e-01
8.061920404434204102e-01
8.061579465866088867e-01
8.061238527297973633e-01
8.060899972915649414e-01
8.060561418533325195e-01
8.060222864151000977e-01
8.059884309768676758e-01
8.059549331665039062e-01
8.059214353561401367e-01
8.058878183364868164e-01
8.058544397354125977e-01
8.058210611343383789e-01
8.057876825332641602e-01
8.057545423507690430e-01
8.057214021682739258e-01
8.056883811950683594e-01
8.056553602218627930e-01
8.056222200393676758e-01
8.055895566940307617e-01
8.055567741394042969e-01
8.055239915847778320e-01
8.054913282394409180e-01
8.054586648941040039e-01
8.054262399673461914e-01
8.053938150405883789e-01
8.053613901138305664e-01
8.053292036056518555e-01
8.052968978881835938e-01
8.052648305892944336e-01
8.052326440811157227e-01
8.052005767822265625e-01
8.051687479019165039e-01
8.051367998123168945e-01
8.051050901412963867e-01
8.050731420516967773e-01
8.050414323806762695e-01
8.050099611282348633e-01
8.049782514572143555e-01
8.049467802047729492e-01
8.049154281616210938e-01
8.048840761184692383e-01
8.048528432846069336e-01
8.048216104507446289e-01
8.047904968261718750e-01
8.047593832015991211e-01
8.047283887863159180e-01
8.046973943710327148e-01
8.046665191650390625e-01
8.046358823776245117e-01
8.046050071716308594e-01
8.045741319656372070e-01
8.045436143875122070e-01
8.045130968093872070e-01
8.044825792312622070e-01
8.044520616531372070e-01
8.044219017028808594e-01
8.043917417526245117e-01
8.043614625930786133e-01
8.043311834335327148e-01
8.043011426925659180e-01
8.042711019515991211e-01
8.042411804199218750e-01
8.042112588882446289e-01
8.041814565658569336e-01
8.041516542434692383e-01
8.041220903396606445e-01
8.040922880172729492e-01
8.040627241134643555e-01
8.040331602096557617e-01
8.040038347244262695e-01
8.039745092391967773e-01
8.039450645446777344e-01
8.039158582687377930e-01
8.038865327835083008e-01
8.038574457168579102e-01
8.038283586502075195e-01
8.037995100021362305e-01
8.037704229354858398e-01
8.037415742874145508e-01
8.037127256393432617e-01
8.036838769912719727e-01
8.036552667617797852e-01
8.036266565322875977e-01
8.035980463027954102e-01
8.035694360733032227e-01
8.035410642623901367e-01
8.035125732421875000e-01
8.034843206405639648e-01
8.034559488296508789e-01
8.034276962280273438e-01
8.033996820449829102e-01
8.033715486526489258e-01
8.033434152603149414e-01
8.033155202865600586e-01
8.032876253128051758e-01
8.032597303390502930e-01
8.032318353652954102e-01
8.032041788101196289e-01
8.031765222549438477e-01
8.031488656997680664e-01
8.031214475631713867e-01
8.030937910079956055e-01
8.030663728713989258e-01
8.030389547348022461e-01
8.030117750167846680e-01
8.029843568801879883e-01
8.029570579528808594e-01
8.029299974441528320e-01
8.029028177261352539e-01
8.028758764266967773e-01
8.028489351272583008e-01
8.028219938278198242e-01
8.027950525283813477e-01
8.027681112289428711e-01
8.027414083480834961e-01
8.027147054672241211e-01
8.026881217956542969e-01
8.026615381240844727e-01
8.026348352432250977e-01
8.026083707809448242e-01
8.025819063186645508e-01
8.025556802749633789e-01
8.025293350219726562e-01
8.025029897689819336e-01
8.024767637252807617e-01
8.024507761001586914e-01
8.024245500564575195e-01
8.023985624313354492e-01
8.023725748062133789e-01
8.023465871810913086e-01
8.023205995559692383e-01
8.022948503494262695e-01
8.022691011428833008e-01
8.022433519363403320e-01
8.022178411483764648e-01
8.021922111511230469e-01
8.021665811538696289e-01
8.021410703659057617e-01
8.021155595779418945e-01
8.020902872085571289e-01
8.020647764205932617e-01
8.020395040512084961e-01
8.020143508911132812e-01
8.019891977310180664e-01
8.019639253616333008e-01
8.019388914108276367e-01
8.019138574600219727e-01
8.018888235092163086e-01
8.018637895584106445e-01
8.018389940261840820e-01
8.018141984939575195e-01
8.017894029617309570e-01
8.017646074295043945e-01
8.017400503158569336e-01
8.017153739929199219e-01
8.016909360885620117e-01
8.016661405563354492e-01
8.016418218612670898e-01
8.016172647476196289e-01
8.015929460525512695e-01
8.015686273574829102e-01
8.015443086624145508e-01
8.015199899673461914e-01
8.014959096908569336e-01
8.014718294143676758e-01
8.014477491378784180e-01
8.014236688613891602e-01
8.013995885848999023e-01
8.013755083084106445e-01
8.013516664505004883e-01
8.013278245925903320e-01
8.013042211532592773e-01
8.012803792953491211e-01
8.012565374374389648e-01
8.012329339981079102e-01
8.012093305587768555e-01
8.011857271194458008e-01
8.011622428894042969e-01
8.011387586593627930e-01
8.011153936386108398e-01
8.010920286178588867e-01
8.010686635971069336e-01
8.010452985763549805e-01
8.010221719741821289e-01
8.009988069534301758e-01
8.009756803512573242e-01
8.009527921676635742e-01
8.009296655654907227e-01
8.009066581726074219e-01
8.008836507797241211e-01
8.008607625961303711e-01
8.008378744125366211e-01
8.008149862289428711e-01
8.007920980453491211e-01
8.007694482803344727e-01
8.007467985153198242e-01
8.007239103317260742e-01
8.007014989852905273e-01
8.006788492202758789e-01
8.006564378738403320e-01
8.006337881088256836e-01
8.006113767623901367e-01
8.005889654159545898e-01
8.005666732788085938e-01
8.005442619323730469e-01
8.005219697952270508e-01
8.004997968673706055e-01
8.004776239395141602e-01
8.004554510116577148e-01
8.004332780838012695e-01
8.004113435745239258e-01
8.003892898559570312e-01
8.003672361373901367e-01
8.003453016281127930e-01
8.003234863281250000e-01
8.003016710281372070e-01
8.002797365188598633e-01
8.002580404281616211e-01
8.002363443374633789e-01
8.002146482467651367e-01
8.001929521560668945e-01
8.001712560653686523e-01
8.001497983932495117e-01
8.001281023025512695e-01
8.001066446304321289e-01
8.000851869583129883e-01
8.000637292861938477e-01
8.000425100326538086e-01
8.000210523605346680e-01
7.999997735023498535e-01
7.999786138534545898e-01
7.999572753906250000e-01
7.999361157417297363e-01
7.999149560928344727e-01
7.998939156532287598e-01
7.998728156089782715e-01
7.998518347740173340e-01
7.998307943344116211e-01
7.998099327087402344e-01
7.997888922691345215e-01
7.997679710388183594e-01
7.997471094131469727e-01
7.997264266014099121e-01
7.997055649757385254e-01
7.996849417686462402e-01
7.996640801429748535e-01
7.996435761451721191e-01
7.996229529380798340e-01
7.996023893356323242e-01
7.995817065238952637e-01
7.995613217353820801e-01
7.995406985282897949e-01
7.995204329490661621e-01
7.994999289512634277e-01
7.994795441627502441e-01
7.994593381881713867e-01
7.994389533996582031e-01
7.994186282157897949e-01
7.993984222412109375e-01
7.993782758712768555e-01
7.993580102920532227e-01
7.993379235267639160e-01
7.993178367614746094e-01
7.992978096008300781e-01
7.992777824401855469e-01
7.992577552795410156e-01
7.992377877235412598e-01
7.992179989814758301e-01
7.991980314254760742e-01
7.991781830787658691e-01
7.991582155227661133e-01
7.991384863853454590e-01
7.991186380386352539e-01
7.990990281105041504e-01
7.990793585777282715e-01
7.990596890449523926e-01
7.990400195121765137e-01
7.990204095840454102e-01
7.990007996559143066e-01
7.989814877510070801e-01
7.989619970321655273e-01
7.989425063133239746e-01
7.989229559898376465e-01
7.989035248756408691e-01
7.988842129707336426e-01
7.988648414611816406e-01
7.988454699516296387e-01
7.988261580467224121e-01
7.988070845603942871e-01
7.987877130508422852e-01
7.987685799598693848e-01
7.987494468688964844e-01
7.987303733825683594e-01
7.987112402915954590e-01
7.986921668052673340e-01
7.986731529235839844e-01
7.986541390419006348e-01
7.986350655555725098e-01
7.986160516738891602e-01
7.985972762107849121e-01
7.985783219337463379e-01
7.985595464706420898e-01
7.985406517982482910e-01
7.985219359397888184e-01
7.985030412673950195e-01
7.984843254089355469e-01
7.984656691551208496e-01
7.984470129013061523e-01
7.984281778335571289e-01
7.984095811843872070e-01
7.983909249305725098e-01
7.983723878860473633e-01
7.983539700508117676e-01
7.983354330062866211e-01
7.983168959617614746e-01
7.982983589172363281e-01
7.982798814773559570e-01
7.982615828514099121e-01
7.982431650161743164e-01
7.982248663902282715e-01
7.982063889503479004e-01
7.981881499290466309e-01
7.981699705123901367e-01
7.981515526771545410e-01
7.981334328651428223e-01
7.981151938438415527e-01
7.980970740318298340e-01
7.980789542198181152e-01
7.980607748031616211e-01
7.980427145957946777e-01
7.980245947837829590e-01
7.980065345764160156e-01
7.979884743690490723e-01
7.979705929756164551e-01
7.979525327682495117e-01
7.979345917701721191e-01
7.979165911674499512e-01
7.978987693786621094e-01
7.978807687759399414e-01
7.978630661964416504e-01
7.978452444076538086e-01
7.978273630142211914e-01
7.978096008300781250e-01
7.977918982505798340e-01
7.977741956710815430e-01
7.977563142776489258e-01
7.977388501167297363e-01
7.977210879325866699e-01
7.977033853530883789e-01
7.976858019828796387e-01
7.976683378219604492e-01
7.976506948471069336e-01
7.976331114768981934e-01
7.976155877113342285e-01
7.975980639457702637e-01
7.975806593894958496e-01
7.975631356239318848e-01
7.975458502769470215e-01
7.975283265113830566e-01
7.975110411643981934e-01
7.974935770034790039e-01
7.974762320518493652e-01
7.974588274955749512e-01
7.974415421485900879e-01
7.974243164062500000e-01
7.974070906639099121e-01
7.973898649215698242e-01
7.973726987838745117e-01
7.973554730415344238e-01
7.973381280899047852e-01
7.973211407661437988e-01
7.973040342330932617e-01
7.972868680953979492e-01
7.972697615623474121e-01
7.972526550292968750e-01
7.972355484962463379e-01
7.972185015678405762e-01
7.972015738487243652e-01
7.971845269203186035e-01
7.971676588058471680e-01
7.971506714820861816e-01
7.971338033676147461e-01
7.971168160438537598e-01
7.971000075340270996e-01
7.970829606056213379e-01
7.970661520957946777e-01
7.970494031906127930e-01
7.970324754714965820e-01
7.970157265663146973e-01
7.969989180564880371e-01
7.969822287559509277e-01
7.969654798507690430e-01
7.969488501548767090e-01
7.969320416450500488e-01
7.969152331352233887e-01
7.968986630439758301e-01
7.968820929527282715e-01
7.968653440475463867e-01
7.968487143516540527e-01
7.968321442604064941e-01
7.968155145645141602e-01
7.967991232872009277e-01
7.967824935913085938e-01
7.967658638954162598e-01
7.967494726181030273e-01
7.967329025268554688e-01
7.967163324356079102e-01
7.966999411582946777e-01
7.966834306716918945e-01
7.966670989990234375e-01
7.966508269309997559e-01
7.966342568397521973e-01
7.966179251670837402e-01
7.966016530990600586e-01
7.965851426124572754e-01
7.965688705444335938e-01
7.965525984764099121e-01
7.965362668037414551e-01
7.965201139450073242e-01
7.965036034584045410e-01
7.964874505996704102e-01
7.964711785316467285e-01
7.964549660682678223e-01
7.964387536048889160e-01
7.964225411415100098e-01
7.964063882827758789e-01
7.963904142379760742e-01
7.963741421699523926e-01
7.963580489158630371e-01
7.963419556617736816e-01
7.963258028030395508e-01
7.963098287582397461e-01
7.962936162948608398e-01
7.962775230407714844e-01
7.962616682052612305e-01
7.962455153465270996e-01
7.962294220924377441e-01
7.962135672569274902e-01
7.961974740028381348e-01
7.961815595626831055e-01
7.961655855178833008e-01
7.961496710777282715e-01
7.961338162422180176e-01
7.961177825927734375e-01
7.961019277572631836e-01
7.960859537124633789e-01
7.960700988769531250e-01
7.960543036460876465e-01
7.960384488105773926e-01
7.960224747657775879e-01
7.960067391395568848e-01
7.959909439086914062e-01
7.959751486778259277e-01
7.959592938423156738e-01
7.959434390068054199e-01
7.959278225898742676e-01
7.959119677543640137e-01
7.958961725234985352e-01
7.958804965019226074e-01
7.958648800849914551e-01
7.958492040634155273e-01
7.958335280418395996e-01
7.958177924156188965e-01
7.958021163940429688e-01
7.957864403724670410e-01
7.957707643508911133e-01
7.957552671432495117e-01
7.957395911216735840e-01
7.957239747047424316e-01
7.957082986831665039e-01
7.956928014755249023e-01
7.956771850585937500e-01
7.956615686416625977e-01
7.956461310386657715e-01
7.956305146217346191e-01
7.956150770187377930e-01
7.955994606018066406e-01
7.955839037895202637e-01
7.955685257911682129e-01
7.955530285835266113e-01
7.955374717712402344e-01
7.955220937728881836e-01
7.955065369606018066e-01
7.954911589622497559e-01
7.954757809638977051e-01
7.954602241516113281e-01
7.954449057579040527e-01
7.954293489456176758e-01
7.954140305519104004e-01
7.953986525535583496e-01
7.953832745552062988e-01
7.953677773475646973e-01
7.953525185585021973e-01
7.953372597694396973e-01
7.953218817710876465e-01
7.953065633773803711e-01
7.952913045883178711e-01
7.952758073806762695e-01
7.952604889869689941e-01
7.952452301979064941e-01
7.952299714088439941e-01
7.952146530151367188e-01
7.951993942260742188e-01
7.951841354370117188e-01
7.951688766479492188e-01
7.951536774635314941e-01
7.951384186744689941e-01
7.951231598854064941e-01
7.951079010963439941e-01
7.950926423072814941e-01
7.950775027275085449e-01
7.950624823570251465e-01
7.950472831726074219e-01
7.950319647789001465e-01
7.950168251991271973e-01
7.950016260147094727e-01
7.949866056442260742e-01
7.949714064598083496e-01
7.949562668800354004e-01
7.949410676956176758e-01
7.949258685111999512e-01
7.949108481407165527e-01
7.948957085609436035e-01
7.948807477951049805e-01
7.948655486106872559e-01
7.948504090309143066e-01
7.948352694511413574e-01
7.948203086853027344e-01
7.948051691055297852e-01
7.947902083396911621e-01
7.947750687599182129e-01
7.947601079940795898e-01
7.947449684143066406e-01
7.947300076484680176e-01
7.947149276733398438e-01
7.947000265121459961e-01
7.946848869323730469e-01
7.946699857711791992e-01
7.946549057960510254e-01
7.946400046348571777e-01
7.946248054504394531e-01
7.946099638938903809e-01
7.945949435234069824e-01
7.945799827575683594e-01
7.945651412010192871e-01
7.945500016212463379e-01
7.945351004600524902e-01
7.945201992988586426e-01
7.945051789283752441e-01
7.944902777671813965e-01
7.944754362106323242e-01
7.944604158401489258e-01
7.944455146789550781e-01
7.944306731224060059e-01
7.944155931472778320e-01
7.944007515907287598e-01
7.943859100341796875e-01
7.943710088729858398e-01
7.943559885025024414e-01
7.943411469459533691e-01
7.943263649940490723e-01
7.943114638328552246e-01
7.942966818809509277e-01
7.942817807197570801e-01
7.942667603492736816e-01
7.942519783973693848e-01
7.942371368408203125e-01
7.942223548889160156e-01
7.942075133323669434e-01
7.941927313804626465e-01
7.941778898239135742e-01
7.941629290580749512e-01
7.941482663154602051e-01
7.941333055496215820e-01
7.941185235977172852e-01
7.941036820411682129e-01
7.940889000892639160e-01
7.940741181373596191e-01
7.940592765808105469e-01
7.940445542335510254e-01
7.940297126770019531e-01
7.940149307250976562e-01
7.940002083778381348e-01
7.939853668212890625e-01
7.939705848693847656e-01
7.939558625221252441e-01
7.939410805702209473e-01
7.939262986183166504e-01
7.939115166664123535e-01
7.938967943191528320e-01
7.938820123672485352e-01
7.938672900199890137e-01
7.938526868820190430e-01
7.938377261161804199e-01
7.938231229782104492e-01
7.938084006309509277e-01
7.937936186790466309e-01
7.937788963317871094e-01
7.937641143798828125e-01
7.937493920326232910e-01
7.937346696853637695e-01
7.937198877334594727e-01
7.937051653861999512e-01
7.936906218528747559e-01
7.936758995056152344e-01
7.936611771583557129e-01
7.936463952064514160e-01
7.936316728591918945e-01
7.936171293258666992e-01
7.936024069786071777e-01
7.935876846313476562e-01
7.935729622840881348e-01
7.935582399368286133e-01
7.935436367988586426e-01
7.935289144515991211e-01
7.935142517089843750e-01
7.934995293617248535e-01
7.934848070144653320e-01
7.934703230857849121e-01
7.934555411338806152e-01
7.934408187866210938e-01
7.934261560440063477e-01
7.934114336967468262e-01
7.933968901634216309e-01
7.933822274208068848e-01
7.933675646781921387e-01
7.933529615402221680e-01
7.933382391929626465e-01
7.933235764503479004e-01
7.933088541030883789e-01
7.932943701744079590e-01
7.932795882225036621e-01
7.932649254798889160e-01
7.932502627372741699e-01
7.932357192039489746e-01
7.932209968566894531e-01
7.932063937187194824e-01
7.931917905807495117e-01
7.931771278381347656e-01
7.931624650955200195e-01
7.931479215621948242e-01
7.931331992149353027e-01
7.931185364723205566e-01
7.931039929389953613e-01
7.930893301963806152e-01
7.930746674537658691e-01
7.930601239204406738e-01
7.930454611778259277e-01
7.930307984352111816e-01
7.930162549018859863e-01
7.930015921592712402e-01
7.929869294166564941e-01
7.929722070693969727e-01
7.929577231407165527e-01
7.929430603981018066e-01
7.929285168647766113e-01
7.929138541221618652e-01
7.928991913795471191e-01
7.928846478462219238e-01
7.928700447082519531e-01
7.928553223609924316e-01
7.928408384323120117e-01
7.928261160850524902e-01
7.928114533424377441e-01
7.927969694137573242e-01
7.927822470664978027e-01
7.927676439285278320e-01
7.927531599998474121e-01
7.927383780479431152e-01
7.927237153053283691e-01
7.927092909812927246e-01
7.926945686340332031e-01
7.926799654960632324e-01
7.926654219627380371e-01
7.926507592201232910e-01
7.926360964775085449e-01
7.926215529441833496e-01
7.926068902015686035e-01
7.925924658775329590e-01
7.925777435302734375e-01
7.925630807876586914e-01
7.925485968589782715e-01
7.925339341163635254e-01
7.925193905830383301e-01
7.925047278404235840e-01
7.924900650978088379e-01
7.924755215644836426e-01
7.924608588218688965e-01
7.924461960792541504e-01
7.924316525459289551e-01
7.924170494079589844e-01
7.924023270606994629e-01
7.923878431320190430e-01
7.923732399940490723e-01
7.923585772514343262e-01
7.923440337181091309e-01
7.923293709754943848e-01
7.923147082328796387e-01
7.923001646995544434e-01
7.922855019569396973e-01
7.922710180282592773e-01
7.922562956809997559e-01
7.922416925430297852e-01
7.922272086143493652e-01
7.922124862670898438e-01
7.921978235244750977e-01
7.921832799911499023e-01
7.921686172485351562e-01
7.921538949012756348e-01
7.921392321586608887e-01
7.921248078346252441e-01
7.921100854873657227e-01
7.920956015586853027e-01
7.920808792114257812e-01
7.920661568641662598e-01
7.920517325401306152e-01
7.920370697975158691e-01
7.920222878456115723e-01
7.920078039169311523e-01
7.919932007789611816e-01
7.919784784317016602e-01
7.919639348983764648e-01
7.919492721557617188e-01
7.919347882270812988e-01
7.919200658798217773e-01
7.919054031372070312e-01
7.918907403945922852e-01
7.918760180473327637e-01
7.918615341186523438e-01
7.918468117713928223e-01
7.918321490287780762e-01
7.918176651000976562e-01
7.918029427528381348e-01
7.917882204055786133e-01
7.917737364768981934e-01
7.917590737342834473e-01
7.917443513870239258e-01
7.917298078536987305e-01
7.917150855064392090e-01
7.917004227638244629e-01
7.916858792304992676e-01
7.916712164878845215e-01
7.916565537452697754e-01
7.916418313980102539e-01
7.916271090507507324e-01
7.916125655174255371e-01
7.915978431701660156e-01
7.915831208229064941e-01
7.915685772895812988e-01
7.915539145469665527e-01
7.915392518043518066e-01
7.915247082710266113e-01
7.915099859237670898e-01
7.914952635765075684e-01
7.914805412292480469e-01
7.914658784866333008e-01
7.914512753486633301e-01
7.914366126060485840e-01
7.914218902587890625e-01
7.914071679115295410e-01
7.913926839828491211e-01
7.913779616355895996e-01
7.913631796836853027e-01
7.913485169410705566e-01
7.913337349891662598e-01
7.913190722465515137e-01
7.913044691085815430e-01
7.912898063659667969e-01
7.912750840187072754e-01
7.912603616714477539e-01
7.912456393241882324e-01
7.912310957908630371e-01
7.912163138389587402e-01
7.912016510963439941e-01
7.911868691444396973e-01
7.911722064018249512e-01
7.911575436592102051e-01
7.911428809165954590e-01
7.911280989646911621e-01
7.911133766174316406e-01
7.910986542701721191e-01
7.910839319229125977e-01
7.910692095756530762e-01
7.910546064376831055e-01
7.910398840904235840e-01
7.910251617431640625e-01
7.910104393959045410e-01
7.909957170486450195e-01
7.909811139106750488e-01
7.909662127494812012e-01
7.909516692161560059e-01
7.909368872642517090e-01
7.909221649169921875e-01
7.909073233604431152e-01
7.908926606178283691e-01
7.908778786659240723e-01
7.908630967140197754e-01
7.908483147621154785e-01
7.908336520195007324e-01
7.908189892768859863e-01
7.908040285110473633e-01
7.907894849777221680e-01
7.907747030258178711e-01
7.907599806785583496e-01
7.907451987266540527e-01
7.907304763793945312e-01
7.907156348228454590e-01
7.907008528709411621e-01
7.906861901283264160e-01
7.906712889671325684e-01
7.906565070152282715e-01
7.906418442726135254e-01
7.906270027160644531e-01
7.906122803688049316e-01
7.905974984169006348e-01
7.905827164649963379e-01
7.905679345130920410e-01
7.905530929565429688e-01
7.905383706092834473e-01
7.905235886573791504e-01
7.905088067054748535e-01
7.904940247535705566e-01
7.904791831970214844e-01
7.904644608497619629e-01
7.904496192932128906e-01
7.904348969459533691e-01
7.904200553894042969e-01
7.904053330421447754e-01
7.903904318809509277e-01
7.903756499290466309e-01
7.903609275817871094e-01
7.903460860252380371e-01
7.903313040733337402e-01
7.903165221214294434e-01
7.903015017509460449e-01
7.902868390083312988e-01
7.902718782424926758e-01
7.902570962905883789e-01
7.902423143386840820e-01
7.902274727821350098e-01
7.902126312255859375e-01
7.901977896690368652e-01
7.901830673217773438e-01
7.901682257652282715e-01
7.901534438133239746e-01
7.901384234428405762e-01
7.901237607002258301e-01
7.901087999343872070e-01
7.900940179824829102e-01
7.900791168212890625e-01
7.900642752647399902e-01
7.900494933128356934e-01
7.900346517562866211e-01
7.900198101997375488e-01
7.900048494338989258e-01
7.899900078773498535e-01
7.899751663208007812e-01
7.899603247642517090e-01
7.899454832077026367e-01
7.899305224418640137e-01
7.899156808853149414e-01
7.899008393287658691e-01
7.898859977722167969e-01
7.898710966110229492e-01
7.898560762405395508e-01
7.898412346839904785e-01
7.898263931274414062e-01
7.898115515708923340e-01
7.897967100143432617e-01
7.897817492485046387e-01
7.897668480873107910e-01
7.897519469261169434e-01
7.897371649742126465e-01
7.897222638130187988e-01
7.897073030471801758e-01
7.896924018859863281e-01
7.896775603294372559e-01
7.896625399589538574e-01
7.896476984024047852e-01
7.896327972412109375e-01
7.896178960800170898e-01
7.896030545234680176e-01
7.895880341529846191e-01
7.895731329917907715e-01
7.895582914352416992e-01
7.895432710647583008e-01
7.895283699035644531e-01
7.895135283470153809e-01
7.894984483718872070e-01
7.894835472106933594e-01
7.894687056541442871e-01
7.894536256790161133e-01
7.894387841224670410e-01
7.894239425659179688e-01
7.894088625907897949e-01
7.893939018249511719e-01
7.893790602684020996e-01
7.893639802932739258e-01
7.893491387367248535e-01
7.893342375755310059e-01
7.893192172050476074e-01
7.893043160438537598e-01
7.892894148826599121e-01
7.892742753028869629e-01
7.892594933509826660e-01
7.892445325851440430e-01
7.892294526100158691e-01
7.892145514488220215e-01
7.891994118690490723e-01
7.891846299171447754e-01
7.891696691513061523e-01
7.891545891761779785e-01
7.891396880149841309e-01
7.891246080398559570e-01
7.891097068786621094e-01
7.890948653221130371e-01
7.890797257423400879e-01
7.890648245811462402e-01
7.890497446060180664e-01
7.890348434448242188e-01
7.890197634696960449e-01
7.890048623085021973e-01
7.889898419380187988e-01
7.889748215675354004e-01
7.889599204063415527e-01
7.889447808265686035e-01
7.889298200607299805e-01
7.889147996902465820e-01
7.888998389244079590e-01
7.888847589492797852e-01
7.888697981834411621e-01
7.888547778129577637e-01
7.888397574424743652e-01
7.888248562812805176e-01
7.888097167015075684e-01
7.887946963310241699e-01
7.887796759605407715e-01
7.887645363807678223e-01
7.887496352195739746e-01
7.887346148490905762e-01
7.887195944786071777e-01
7.887045145034790039e-01
7.886895537376403809e-01
7.886744141578674316e-01
7.886595129966735840e-01
7.886443734169006348e-01
7.886294126510620117e-01
7.886143326759338379e-01
7.885993719100952148e-01
7.885842919349670410e-01
7.885693311691284180e-01
7.885541915893554688e-01
7.885391116142272949e-01
7.885240912437438965e-01
7.885089516639709473e-01
7.884940505027770996e-01
7.884789109230041504e-01
7.884637713432312012e-01
7.884488105773925781e-01
7.884336113929748535e-01
7.884187102317810059e-01
7.884035706520080566e-01
7.883886098861694336e-01
7.883735299110412598e-01
7.883585095405578613e-01
7.883433699607849121e-01
7.883282303810119629e-01
7.883130908012390137e-01
7.882980704307556152e-01
7.882829904556274414e-01
7.882680296897888184e-01
7.882528901100158691e-01
7.882379293441772461e-01
7.882227897644042969e-01
7.882076501846313477e-01
7.881926894187927246e-01
7.881774902343750000e-01
7.881623506546020508e-01
7.881473898887634277e-01
7.881321907043457031e-01
7.881170511245727539e-01
7.881020903587341309e-01
7.880869507789611816e-01
7.880719900131225586e-01
7.880568504333496094e-01
7.880416512489318848e-01
7.880266904830932617e-01
7.880114912986755371e-01
7.879963517189025879e-01
7.879813909530639648e-01
7.879661917686462402e-01
7.879510521888732910e-01
7.879360914230346680e-01
7.879208922386169434e-01
7.879057526588439941e-01
7.878906130790710449e-01
7.878755927085876465e-01
7.878604531288146973e-01
7.878452539443969727e-01
7.878301739692687988e-01
7.878150939941406250e-01
7.877998948097229004e-01
7.877846956253051758e-01
7.877697348594665527e-01
7.877545952796936035e-01
7.877395749092102051e-01
7.877243757247924805e-01
7.877092361450195312e-01
7.876940369606018066e-01
7.876790761947631836e-01
7.876638770103454590e-01
7.876487374305725098e-01
7.876335382461547852e-01
7.876185774803161621e-01
7.876033186912536621e-01
7.875881791114807129e-01
7.875729799270629883e-01
7.875577807426452637e-01
7.875427603721618652e-01
7.875276207923889160e-01
7.875126004219055176e-01
7.874974608421325684e-01
7.874822020530700684e-01
7.874670624732971191e-01
7.874519228935241699e-01
7.874368429183959961e-01
7.874217033386230469e-01
7.874065041542053223e-01
7.873912453651428223e-01
7.873762845993041992e-01
7.873610854148864746e-01
7.873459458351135254e-01
7.873307466506958008e-01
7.873157262802124023e-01
7.873005270957946777e-01
7.872853279113769531e-01
7.872701287269592285e-01
7.872551679611206055e-01
7.872399687767028809e-01
7.872247695922851562e-01
7.872095704078674316e-01
7.871944308280944824e-01
7.871794104576110840e-01
7.871642112731933594e-01
7.871489524841308594e-01
7.871337532997131348e-01
7.871187329292297363e-01
7.871035933494567871e-01
7.870883345603942871e-01
7.870731949806213379e-01
7.870579957962036133e-01
7.870429754257202148e-01
7.870277762413024902e-01
7.870125770568847656e-01
7.869973778724670410e-01
7.869821786880493164e-01
7.869671583175659180e-01
7.869519591331481934e-01
7.869368195533752441e-01
7.869215607643127441e-01
7.869063615798950195e-01
7.868913412094116211e-01
7.868761420249938965e-01
7.868609428405761719e-01
7.868457436561584473e-01
7.868305444717407227e-01
7.868155241012573242e-01
7.868003249168395996e-01
7.867851257324218750e-01
7.867699265480041504e-01
7.867547273635864258e-01
7.867395281791687012e-01
7.867244482040405273e-01
7.867092490196228027e-01
7.866941094398498535e-01
7.866788506507873535e-01
7.866638302803039551e-01
7.866486310958862305e-01
7.866334319114685059e-01
7.866182923316955566e-01
7.866030931472778320e-01
7.865878939628601074e-01
7.865728139877319336e-01
7.865576148033142090e-01
7.865424156188964844e-01
7.865272164344787598e-01
7.865121960639953613e-01
7.864969968795776367e-01
7.864817976951599121e-01
7.864666581153869629e-01
7.864513993263244629e-01
7.864362001419067383e-01
7.864211797714233398e-01
7.864059209823608398e-01
7.863907217979431152e-01
7.863755822181701660e-01
7.863603234291076660e-01
7.863451242446899414e-01
7.863301634788513184e-01
7.863149046897888184e-01
7.862997055053710938e-01
7.862845659255981445e-01
7.862693667411804199e-01
7.862543463706970215e-01
7.862390875816345215e-01
7.862238883972167969e-01
7.862086892127990723e-01
7.861937284469604492e-01
7.861784696578979492e-01
7.861632704734802246e-01
7.861480712890625000e-01
7.861329317092895508e-01
7.861176729202270508e-01
7.861027121543884277e-01
7.860874533653259277e-01
7.860722541809082031e-01
7.860570549964904785e-01
7.860418558120727539e-01
7.860268950462341309e-01
7.860116362571716309e-01
7.859964966773986816e-01
7.859812378883361816e-01
7.859660983085632324e-01
7.859510779380798340e-01
7.859358787536621094e-01
7.859206199645996094e-01
7.859054803848266602e-01
7.858904600143432617e-01
7.858752608299255371e-01
7.858600616455078125e-01
7.858448624610900879e-01
7.858296632766723633e-01
7.858147025108337402e-01
7.857994437217712402e-01
7.857843041419982910e-01
7.857690453529357910e-01
7.857540249824523926e-01
7.857388854026794434e-01
7.857236266136169434e-01
7.857084870338439941e-01
7.856933474540710449e-01
7.856783270835876465e-01
7.856630682945251465e-01
7.856479287147521973e-01
7.856329083442687988e-01
7.856176495552062988e-01
7.856026291847229004e-01
7.855873703956604004e-01
7.855722308158874512e-01
7.855569720268249512e-01
7.855419516563415527e-01
7.855268120765686035e-01
7.855117917060852051e-01
7.854965925216674805e-01
7.854814529418945312e-01
7.854662537574768066e-01
7.854509949684143066e-01
7.854360938072204590e-01
7.854208946228027344e-01
7.854056954383850098e-01
7.853906750679016113e-01
7.853755354881286621e-01
7.853603959083557129e-01
7.853451967239379883e-01
7.853302359580993652e-01
7.853150367736816406e-01
7.852998375892639160e-01
7.852848172187805176e-01
7.852696776390075684e-01
7.852545380592346191e-01
7.852393388748168945e-01
7.852243781089782715e-01
7.852091789245605469e-01
7.851940393447875977e-01
7.851790785789489746e-01
7.851639389991760254e-01
7.851487398147583008e-01
7.851337194442749023e-01
7.851185202598571777e-01
7.851034402847290039e-01
7.850884199142456055e-01
7.850732803344726562e-01
7.850581407546997070e-01
7.850431799888610840e-01
7.850279808044433594e-01
7.850127816200256348e-01
7.849978804588317871e-01
7.849827408790588379e-01
7.849675416946411133e-01
7.849525809288024902e-01
7.849373817443847656e-01
7.849224209785461426e-01
7.849072813987731934e-01
7.848921418190002441e-01
7.848771810531616211e-01
7.848619818687438965e-01
7.848470807075500488e-01
7.848319411277770996e-01
7.848167419433593750e-01
7.848018407821655273e-01
7.847866415977478027e-01
7.847715616226196289e-01
7.847566008567810059e-01
7.847414016723632812e-01
7.847265005111694336e-01
7.847113013267517090e-01
7.846962213516235352e-01
7.846812605857849121e-01
7.846661210060119629e-01
7.846512198448181152e-01
7.846360802650451660e-01
7.846210598945617676e-01
7.846059799194335938e-01
7.845908999443054199e-01
7.845759391784667969e-01
7.845607995986938477e-01
7.845458388328552246e-01
7.845306992530822754e-01
7.845157980918884277e-01
7.845006585121154785e-01
7.844856381416320801e-01
7.844706177711486816e-01
7.844556570053100586e-01
7.844405770301818848e-01
7.844256162643432617e-01
7.844104766845703125e-01
7.843955755233764648e-01
7.843804955482482910e-01
7.843655943870544434e-01
7.843504548072814941e-01
7.843355536460876465e-01
7.843204140663146973e-01
7.843055129051208496e-01
7.842903733253479004e-01
7.842754721641540527e-01
7.842605710029602051e-01
7.842454910278320312e-01
7.842305898666381836e-01
7.842155098915100098e-01
7.842004895210266113e-01
7.841854691505432129e-01
7.841705679893493652e-01
7.841556668281555176e-01
7.841405868530273438e-01
7.841256856918334961e-01
7.841106057167053223e-01
7.840957045555114746e-01
7.840806245803833008e-01
7.840657234191894531e-01
7.840508222579956055e-01
7.840357422828674316e-01
7.840209007263183594e-01
7.840059995651245117e-01
7.839909195899963379e-01
7.839760184288024902e-01
7.839611172676086426e-01
7.839460968971252441e-01
7.839311361312866211e-01
7.839163541793823242e-01
7.839012742042541504e-01
7.838863730430603027e-01
7.838714718818664551e-01
7.838564515113830566e-01
7.838415503501892090e-01
7.838266491889953613e-01
7.838116288185119629e-01
7.837967276573181152e-01
7.837819457054138184e-01
7.837669253349304199e-01
7.837520241737365723e-01
7.837371230125427246e-01
7.837223410606384277e-01
7.837074398994445801e-01
7.836924195289611816e-01
7.836775183677673340e-01
7.836627364158630371e-01
7.836477160453796387e-01
7.836328744888305664e-01
7.836179137229919434e-01
7.836031317710876465e-01
7.835882902145385742e-01
7.835732698440551758e-01
7.835584282875061035e-01
7.835436463356018066e-01
7.835288047790527344e-01
7.835140228271484375e-01
7.834991216659545898e-01
7.834841012954711914e-01
7.834693193435668945e-01
7.834544777870178223e-01
7.834396362304687500e-01
7.834247946739196777e-01
7.834100127220153809e-01
7.833952307701110840e-01
7.833803296089172363e-01
7.833654284477233887e-01
7.833505868911743164e-01
7.833358049392700195e-01
7.833209633827209473e-01
7.833061814308166504e-01
7.832913398742675781e-01
7.832766175270080566e-01
7.832617759704589844e-01
7.832469344139099121e-01
7.832321524620056152e-01
7.832173705101013184e-01
7.832025885581970215e-01
7.831878066062927246e-01
7.831730246543884277e-01
7.831583023071289062e-01
7.831434607505798340e-01
7.831286787986755371e-01
7.831138968467712402e-01
7.830991148948669434e-01
7.830843925476074219e-01
7.830696105957031250e-01
7.830548286437988281e-01
7.830400466918945312e-01
7.830253243446350098e-01
7.830105423927307129e-01
7.829957604408264160e-01
7.829810380935668945e-01
7.829664349555969238e-01
7.829517126083374023e-01
7.829369306564331055e-01
7.829222083091735840e-01
7.829074859619140625e-01
7.828927636146545410e-01
7.828779816627502441e-01
7.828634381294250488e-01
7.828487157821655273e-01
7.828339934349060059e-01
7.828192114830017090e-01
7.828044891357421875e-01
7.827898263931274414e-01
7.827751040458679199e-01
7.827605605125427246e-01
7.827458381652832031e-01
7.827311158180236816e-01
7.827163934707641602e-01
7.827018499374389648e-01
7.826871275901794434e-01
7.826724648475646973e-01
7.826577425003051758e-01
7.826431989669799805e-01
7.826285362243652344e-01
7.826138138771057129e-01
7.825993299484252930e-01
7.825846076011657715e-01
7.825699448585510254e-01
7.825554609298706055e-01
7.825407385826110840e-01
7.825260758399963379e-01
7.825115323066711426e-01
7.824969291687011719e-01
7.824822664260864258e-01
7.824677228927612305e-01
7.824531197547912598e-01
7.824384570121765137e-01
7.824239134788513184e-01
7.824092507362365723e-01
7.823945879936218262e-01
7.823801636695861816e-01
7.823656201362609863e-01
7.823509573936462402e-01
7.823362946510314941e-01
7.823218703269958496e-01
7.823072671890258789e-01
7.822927832603454590e-01
7.822781801223754883e-01
7.822636961936950684e-01
7.822490334510803223e-01
7.822346091270446777e-01
7.822200059890747070e-01
7.822055220603942871e-01
7.821910977363586426e-01
7.821765542030334473e-01
7.821620702743530273e-01
7.821475267410278320e-01
7.821330428123474121e-01
7.821186184883117676e-01
7.821040749549865723e-01
7.820895910263061523e-01
7.820750474929809570e-01
7.820606231689453125e-01
7.820461392402648926e-01
7.820315957069396973e-01
7.820171713829040527e-01
7.820025682449340820e-01
7.819882035255432129e-01
7.819737792015075684e-01
7.819594144821166992e-01
7.819448709487915039e-01
7.819304466247558594e-01
7.819160819053649902e-01
7.819014787673950195e-01
7.818871140480041504e-01
7.818727493286132812e-01
7.818583846092224121e-01
7.818439602851867676e-01
7.818294763565063477e-01
7.818150520324707031e-01
7.818007469177246094e-01
7.817863821983337402e-01
7.817718386650085449e-01
7.817574143409729004e-01
7.817431688308715820e-01
7.817288041114807129e-01
7.817144393920898438e-01
7.817000746726989746e-01
7.816857695579528809e-01
7.816714644432067871e-01
7.816570997238159180e-01
7.816427350044250488e-01
7.816284894943237305e-01
7.816141247749328613e-01
7.815996408462524414e-01
7.815852761268615723e-01
7.815710306167602539e-01
7.815566658973693848e-01
7.815424203872680664e-01
7.815281152725219727e-01
7.815137505531311035e-01
7.814994454383850098e-01
7.814851999282836914e-01
7.814711332321166992e-01
7.814567685127258301e-01
7.814425230026245117e-01
7.814282178878784180e-01
7.814139723777770996e-01
7.813996672630310059e-01
7.813854217529296875e-01
7.813711762428283691e-01
7.813568711280822754e-01
7.813426852226257324e-01
7.813283801078796387e-01
7.813143134117126465e-01
7.813000082969665527e-01
7.812858223915100098e-01
7.812715172767639160e-01
7.812574505805969238e-01
7.812432646751403809e-01
7.812290191650390625e-01
7.812147140502929688e-01
7.812005281448364258e-01
7.811864614486694336e-01
7.811723351478576660e-01
7.811580300331115723e-01
7.811440229415893555e-01
7.811298370361328125e-01
7.811156511306762695e-01
7.811014056205749512e-01
7.810873389244079590e-01
7.810731530189514160e-01
7.810592055320739746e-01
7.810449600219726562e-01
7.810307741165161133e-01
7.810167670249938965e-01
7.810025811195373535e-01
7.809886336326599121e-01
7.809744477272033691e-01
7.809604406356811523e-01
7.809463143348693848e-01
7.809322476387023926e-01
7.809180617332458496e-01
7.809039950370788574e-01
7.808900475502014160e-01
7.808759808540344238e-01
7.808619141578674316e-01
7.808477282524108887e-01
7.808337807655334473e-01
7.808197736740112305e-01
7.808056473731994629e-01
7.807917594909667969e-01
7.807778120040893555e-01
7.807636857032775879e-01
7.807497382164001465e-01
7.807357907295227051e-01
7.807217240333557129e-01
7.807077765464782715e-01
7.806936502456665039e-01
7.806797027587890625e-01
7.806658148765563965e-01
7.806518673896789551e-01
7.806378006935119629e-01
7.806239128112792969e-01
7.806100249290466309e-01
7.805959582328796387e-01
7.805820107460021973e-01
7.805681228637695312e-01
7.805542349815368652e-01
7.805403470993041992e-01
7.805262804031372070e-01
7.805123925209045410e-01
7.804985642433166504e-01
7.804846763610839844e-01
7.804707884788513184e-01
7.804569602012634277e-01
7.804430723190307617e-01
7.804290652275085449e-01
7.804151773452758789e-01
7.804014086723327637e-01
7.803875207901000977e-01
7.803736925125122070e-01
7.803598046302795410e-01
7.803460359573364258e-01
7.803322076797485352e-01
7.803183197975158691e-01
7.803045511245727539e-01
7.802907228469848633e-01
7.802768945693969727e-01
7.802631258964538574e-01
7.802494764328002930e-01
7.802356481552124023e-01
7.802218794822692871e-01
7.802080512046813965e-01
7.801942229270935059e-01
7.801805138587951660e-01
7.801666855812072754e-01
7.801530957221984863e-01
7.801393270492553711e-01
7.801256179809570312e-01
7.801118493080139160e-01
7.800980210304260254e-01
7.800842523574829102e-01
7.800707221031188965e-01
7.800568938255310059e-01
7.800431847572326660e-01
7.800296545028686523e-01
7.800159454345703125e-01
7.800021767616271973e-01
7.799884676933288574e-01
7.799748778343200684e-01
7.799611687660217285e-01
7.799474596977233887e-01
7.799338698387145996e-01
7.799201607704162598e-01
7.799066901206970215e-01
7.798929214477539062e-01
7.798794507980346680e-01
7.798657417297363281e-01
7.798519730567932129e-01
7.798385620117187500e-01
7.798248529434204102e-01
7.798113226890563965e-01
7.797976136207580566e-01
7.797842025756835938e-01
7.797706723213195801e-01
7.797570228576660156e-01
7.797433733940124512e-01
7.797299027442932129e-01
7.797164320945739746e-01
7.797027230262756348e-01
7.796893119812011719e-01
7.796758413314819336e-01
7.796622514724731445e-01
7.796487212181091309e-01
7.796352505683898926e-01
7.796216607093811035e-01
7.796082496643066406e-01
7.795948386192321777e-01
7.795811295509338379e-01
7.795677781105041504e-01
7.795543074607849121e-01
7.795408964157104492e-01
7.795275449752807617e-01
7.795138955116271973e-01
7.795005440711975098e-01
7.794871330261230469e-01
7.794737219810485840e-01
7.794603109359741211e-01
7.794467806816101074e-01
7.794333696365356445e-01
7.794199585914611816e-01
7.794066071510314941e-01
7.793932557106018066e-01
7.793798446655273438e-01
7.793664336204528809e-01
7.793530821800231934e-01
7.793397307395935059e-01
7.793263792991638184e-01
7.793130874633789062e-01
7.792996764183044434e-01
7.792863845825195312e-01
7.792730331420898438e-01
7.792597413063049316e-01
7.792463898658752441e-01
7.792330384254455566e-01
7.792198061943054199e-01
7.792064547538757324e-01
7.791932821273803711e-01
7.791800498962402344e-01
7.791666388511657715e-01
7.791534066200256348e-01
7.791401147842407227e-01
7.791270017623901367e-01
7.791137099266052246e-01
7.791003584861755371e-01
7.790871262550354004e-01
7.790738940238952637e-01
7.790607810020446777e-01
7.790475487709045410e-01
7.790344357490539551e-01
7.790211439132690430e-01
7.790079712867736816e-01
7.789946794509887695e-01
7.789816260337829590e-01
7.789683938026428223e-01
7.789552807807922363e-01
7.789421081542968750e-01
7.789289355278015137e-01
7.789158225059509277e-01
7.789026498794555664e-01
7.788895964622497559e-01
7.788764238357543945e-01
7.788633704185485840e-01
7.788501977920532227e-01
7.788371443748474121e-01
7.788239717483520508e-01
7.788109183311462402e-01
7.787977457046508789e-01
7.787848114967346191e-01
7.787717580795288086e-01
7.787586450576782227e-01
7.787457108497619629e-01
7.787324786186218262e-01
7.787194848060607910e-01
7.787064909934997559e-01
7.786935567855834961e-01
7.786804437637329102e-01
7.786674499511718750e-01
7.786545157432556152e-01
7.786416411399841309e-01
7.786284685134887695e-01
7.786154747009277344e-01
7.786025404930114746e-01
7.785896658897399902e-01
7.785766720771789551e-01
7.785636186599731445e-01
7.785506844520568848e-01
7.785378098487854004e-01
7.785248756408691406e-01
7.785119414329528809e-01
7.784990668296813965e-01
7.784861922264099121e-01
7.784733176231384277e-01
7.784604430198669434e-01
7.784475684165954590e-01
7.784346938133239746e-01
7.784218192100524902e-01
7.784089446067810059e-01
7.783960700035095215e-01
7.783832550048828125e-01
7.783703207969665527e-01
7.783575057983398438e-01
7.783446311950683594e-01
7.783318161964416504e-01
7.783191800117492676e-01
7.783061861991882324e-01
7.782934904098510742e-01
7.782806754112243652e-01
7.782679200172424316e-01
7.782550454139709473e-01
7.782422900199890137e-01
7.782295942306518555e-01
7.782168388366699219e-01
7.782040238380432129e-01
7.781914472579956055e-01
7.781786322593688965e-01
7.781658768653869629e-01
7.781533598899841309e-01
7.781404852867126465e-01
7.781277298927307129e-01
7.781151533126831055e-01
7.781024575233459473e-01
7.780897021293640137e-01
7.780771255493164062e-01
7.780643701553344727e-01
7.780517339706420898e-01
7.780390381813049316e-01
7.780265212059020996e-01
7.780138254165649414e-01
7.780012488365173340e-01
7.779885530471801758e-01
7.779760360717773438e-01
7.779634594917297363e-01
7.779508233070373535e-01
7.779382467269897461e-01
7.779256105422973633e-01
7.779130339622497559e-01
7.779005169868469238e-01
7.778879404067993164e-01
7.778753638267517090e-01
7.778629660606384277e-01
7.778502702713012695e-01
7.778376936912536621e-01
7.778252959251403809e-01
7.778128385543823242e-01
7.778002023696899414e-01
7.777877449989318848e-01
7.777752876281738281e-01
7.777628898620605469e-01
7.777503728866577148e-01
7.777377963066101074e-01
7.777253985404968262e-01
7.777128815650939941e-01
7.777004837989807129e-01
7.776880264282226562e-01
7.776756286621093750e-01
7.776632308959960938e-01
7.776508331298828125e-01
7.776384353637695312e-01
7.776260375976562500e-01
7.776136398315429688e-01
7.776012420654296875e-01
7.775888442993164062e-01
7.775765061378479004e-01
7.775641083717346191e-01
7.775517106056213379e-01
7.775393128395080566e-01
7.775272130966186523e-01
7.775148749351501465e-01
7.775024771690368652e-01
7.774901390075683594e-01
7.774778008460998535e-01
7.774656414985656738e-01
7.774533033370971680e-01
7.774409651756286621e-01
7.774286866188049316e-01
7.774164080619812012e-01
7.774042487144470215e-01
7.773918509483337402e-01
7.773795723915100098e-01
7.773675322532653809e-01
7.773551940917968750e-01
7.773429155349731445e-01
7.773308157920837402e-01
7.773185372352600098e-01
7.773064374923706055e-01
7.772942185401916504e-01
7.772821187973022461e-01
7.772698402404785156e-01
7.772577404975891113e-01
7.772455215454101562e-01
7.772333025932312012e-01
7.772212624549865723e-01
7.772092223167419434e-01
7.771968841552734375e-01
7.771849036216735840e-01
7.771728634834289551e-01
7.771606445312500000e-01
7.771486639976501465e-01
7.771363854408264160e-01
7.771244049072265625e-01
7.771123647689819336e-01
7.771002054214477539e-01
7.770881652832031250e-01
7.770761847496032715e-01
7.770641446113586426e-01
7.770519852638244629e-01
7.770400643348693848e-01
7.770280241966247559e-01
7.770161032676696777e-01
7.770041227340698242e-01
7.769919633865356445e-01
7.769800424575805664e-01
7.769680619239807129e-01
7.769561409950256348e-01
7.769441604614257812e-01
7.769321799278259277e-01
7.769202589988708496e-01
7.769083380699157715e-01
7.768964171409606934e-01
7.768844962120056152e-01
7.768725752830505371e-01
7.768607139587402344e-01
7.768487930297851562e-01
7.768368721008300781e-01
7.768250107765197754e-01
7.768130898475646973e-01
7.768011689186096191e-01
7.767894864082336426e-01
7.767776250839233398e-01
7.767657637596130371e-01
7.767539024353027344e-01
7.767420411109924316e-01
7.767301797866821289e-01
7.767185568809509277e-01
7.767066359519958496e-01
7.766948342323303223e-01
7.766829729080200195e-01
7.766713500022888184e-01
7.766595482826232910e-01
7.766476869583129883e-01
7.766360044479370117e-01
7.766242027282714844e-01
7.766124606132507324e-01
7.766007781028747559e-01
7.765890359878540039e-01
7.765773534774780273e-01
7.765656113624572754e-01
7.765539884567260742e-01
7.765422463417053223e-01
7.765306234359741211e-01
7.765188813209533691e-01
7.765073180198669434e-01
7.764955759048461914e-01
7.764839529991149902e-01
7.764722108840942383e-01
7.764606475830078125e-01
7.764490842819213867e-01
7.764373421669006348e-01
7.764258384704589844e-01
7.764143347740173340e-01
7.764025926589965820e-01
7.763910293579101562e-01
7.763795256614685059e-01
7.763679623603820801e-01
7.763562798500061035e-01
7.763447761535644531e-01
7.763332724571228027e-01
7.763217687606811523e-01
7.763101458549499512e-01
7.762985825538635254e-01
7.762871384620666504e-01
7.762755751609802246e-01
7.762641906738281250e-01
7.762526869773864746e-01
7.762412428855895996e-01
7.762297391891479492e-01
7.762183547019958496e-01
7.762068510055541992e-01
7.761953473091125488e-01
7.761840224266052246e-01
7.761725187301635742e-01
7.761611342430114746e-01
7.761496901512145996e-01
7.761382460594177246e-01
7.761268615722656250e-01
7.761154174804687500e-01
7.761040329933166504e-01
7.760927081108093262e-01
7.760814428329467773e-01
7.760700583457946777e-01
7.760586142539978027e-01
7.760472893714904785e-01
7.760359048843383789e-01
7.760247588157653809e-01
7.760133147239685059e-01
7.760019898414611816e-01
7.759906649589538574e-01
7.759794592857360840e-01
7.759681344032287598e-01
7.759569287300109863e-01
7.759456038475036621e-01
7.759342789649963379e-01
7.759231328964233398e-01
7.759118676185607910e-01
7.759007215499877930e-01
7.758893966674804688e-01
7.758780717849731445e-01
7.758669853210449219e-01
7.758556604385375977e-01
7.758445143699645996e-01
7.758333086967468262e-01
7.758221626281738281e-01
7.758110761642456055e-01
7.757998704910278320e-01
7.757887244224548340e-01
7.757774591445922852e-01
7.757663726806640625e-01
7.757553458213806152e-01
7.757443189620971680e-01
7.757330536842346191e-01
7.757219672203063965e-01
7.757108807563781738e-01
7.756997942924499512e-01
7.756887078285217285e-01
7.756776809692382812e-01
7.756665945053100586e-01
7.756553888320922852e-01
7.756444215774536133e-01
7.756333947181701660e-01
7.756224274635314941e-01
7.756114006042480469e-01
7.756003737449645996e-01
7.755893468856811523e-01
7.755783796310424805e-01
7.755674123764038086e-01
7.755564451217651367e-01
7.755454778671264648e-01
7.755345106124877930e-01
7.755235433578491211e-01
7.755126357078552246e-01
7.755016684532165527e-01
7.754907011985778809e-01
7.754797339439392090e-01
7.754688858985900879e-01
7.754579186439514160e-01
7.754470109939575195e-01
7.754360437393188477e-01
7.754253149032592773e-01
7.754144668579101562e-01
7.754035592079162598e-01
7.753925919532775879e-01
7.753819227218627930e-01
7.753710150718688965e-01
7.753601074218750000e-01
7.753494381904602051e-01
7.753385305404663086e-01
7.753276824951171875e-01
7.753168344497680664e-01
7.753061652183532715e-01
7.752952575683593750e-01
7.752845883369445801e-01
7.752737998962402344e-01
7.752629518508911133e-01
7.752522826194763184e-01
7.752414941787719727e-01
7.752308249473571777e-01
7.752199769020080566e-01
7.752093672752380371e-01
7.751985788345336914e-01
7.751880288124084473e-01
7.751773595809936523e-01
7.751665711402893066e-01
7.751559615135192871e-01
7.751451730728149414e-01
7.751345634460449219e-01
7.751239538192749023e-01
7.751132249832153320e-01
7.751026153564453125e-01
7.750920057296752930e-01
7.750814557075500488e-01
7.750707268714904785e-01
7.750601768493652344e-01
7.750496268272399902e-01
7.750388979911804199e-01
7.750285863876342773e-01
7.750177979469299316e-01
7.750073075294494629e-01
7.749968171119689941e-01
7.749862074851989746e-01
7.749757170677185059e-01
7.749652266502380371e-01
7.749546766281127930e-01
7.749441862106323242e-01
7.749337553977966309e-01
7.749232053756713867e-01
7.749127149581909180e-01
7.749022245407104492e-01
7.748917937278747559e-01
7.748812437057495117e-01
7.748708128929138184e-01
7.748603820800781250e-01
7.748498320579528809e-01
7.748394608497619629e-01
7.748290300369262695e-01
7.748185992240905762e-01
7.748082876205444336e-01
7.747978568077087402e-01
7.747874259948730469e-01
7.747770547866821289e-01
7.747667431831359863e-01
7.747563719749450684e-01
7.747459411621093750e-01
7.747355699539184570e-01
7.747253775596618652e-01
7.747150063514709473e-01
7.747045755386352539e-01
7.746943831443786621e-01
7.746840119361877441e-01
7.746738195419311523e-01
7.746634483337402344e-01
7.746532559394836426e-01
7.746430039405822754e-01
7.746326327323913574e-01
7.746224403381347656e-01
7.746120691299438477e-01
7.746018767356872559e-01
7.745915651321411133e-01
7.745813727378845215e-01
7.745712995529174805e-01
7.745609879493713379e-01
7.745508551597595215e-01
7.745405435562133789e-01
7.745304703712463379e-01
7.745202779769897461e-01
7.745100259780883789e-01
7.744998335838317871e-01
7.744898796081542969e-01
7.744797468185424805e-01
7.744694948196411133e-01
7.744593620300292969e-01
7.744492888450622559e-01
7.744392752647399902e-01
7.744291424751281738e-01
7.744189500808715820e-01
7.744088768959045410e-01
7.743988633155822754e-01
7.743887305259704590e-01
7.743787169456481934e-01
7.743687629699707031e-01
7.743586897850036621e-01
7.743486166000366211e-01
7.743386626243591309e-01
7.743286490440368652e-01
7.743186354637145996e-01
7.743086218833923340e-01
7.742986083030700684e-01
7.742885947227478027e-01
7.742785811424255371e-01
7.742686271667480469e-01
7.742586731910705566e-01
7.742486596107482910e-01
7.742387652397155762e-01
7.742289304733276367e-01
7.742189764976501465e-01
7.742090225219726562e-01
7.741990685462951660e-01
7.741891741752624512e-01
7.741793990135192871e-01
7.741694450378417969e-01
7.741594910621643066e-01
7.741497755050659180e-01
7.741398215293884277e-01
7.741299271583557129e-01
7.741202116012573242e-01
7.741103172302246094e-01
7.741004228591918945e-01
7.740907073020935059e-01
7.740808725357055664e-01
7.740710973739624023e-01
7.740612030029296875e-01
7.740514874458312988e-01
7.740417122840881348e-01
7.740319967269897461e-01
7.740221619606018066e-01
7.740123867988586426e-01
7.740026116371154785e-01
7.739929556846618652e-01
7.739831209182739258e-01
7.739734649658203125e-01
7.739638686180114746e-01
7.739539742469787598e-01
7.739443778991699219e-01
7.739347219467163086e-01
7.739249467849731445e-01
7.739152908325195312e-01
7.739056348800659180e-01
7.738960981369018555e-01
