8.699871301651000977e-01
8.699110746383666992e-01
8.698348999023437500e-01
8.697587251663208008e-01
8.696824312210083008e-01
8.696061372756958008e-01
8.695296049118041992e-01
8.694530725479125977e-01
8.693765401840209961e-01
8.692997694015502930e-01
8.692232370376586914e-01
8.691464662551879883e-01
8.690696954727172852e-01
8.689928054809570312e-01
8.689156770706176758e-01
8.688387870788574219e-01
8.687618970870971680e-01
8.686846494674682617e-01
8.686074018478393555e-01
8.685301542282104492e-01
8.684529066085815430e-01
8.683754205703735352e-01
8.682979345321655273e-01
8.682204484939575195e-01
8.681429624557495117e-01
8.680652379989624023e-01
8.679875135421752930e-01
8.679099082946777344e-01
8.678321838378906250e-01
8.677541017532348633e-01
8.676763772964477539e-01
8.675984144210815430e-01
8.675204515457153320e-01
8.674422502517700195e-01
8.673640489578247070e-01
8.672858476638793945e-01
8.672076463699340820e-01
8.671294450759887695e-01
8.670510053634643555e-01
8.669725656509399414e-01
8.668941259384155273e-01
8.668154478073120117e-01
8.667370080947875977e-01
8.666583299636840820e-01
8.665795326232910156e-01
8.665007352828979492e-01
8.664220571517944336e-01
8.663431406021118164e-01
8.662642240524291992e-01
8.661853075027465820e-01
8.661061525344848633e-01
8.660272359848022461e-01
8.659480810165405273e-01
8.658689260482788086e-01
8.657895326614379883e-01
8.657103776931762695e-01
8.656309843063354492e-01
8.655515909194946289e-01
8.654721975326538086e-01
8.653926849365234375e-01
8.653131723403930664e-01
8.652335405349731445e-01
8.651539087295532227e-01
8.650742769241333008e-01
8.649945259094238281e-01
8.649147748947143555e-01
8.648349046707153320e-01
8.647550344467163086e-01
8.646751642227172852e-01
8.645952939987182617e-01
8.645151853561401367e-01
8.644350767135620117e-01
8.643549680709838867e-01
8.642748594284057617e-01
8.641947507858276367e-01
8.641144037246704102e-01
8.640341758728027344e-01
8.639537096023559570e-01
8.638734817504882812e-01
8.637930154800415039e-01
8.637124300003051758e-01
8.636320829391479492e-01
8.635514974594116211e-01
8.634709119796752930e-01
8.633900880813598633e-01
8.633095026016235352e-01
8.632289171218872070e-01
8.631480932235717773e-01
8.630672693252563477e-01
8.629864454269409180e-01
8.629055023193359375e-01
8.628245592117309570e-01
8.627434968948364258e-01
8.626626729965209961e-01
8.625816106796264648e-01
8.625005483627319336e-01
8.624192476272583008e-01
8.623381853103637695e-01
8.622570037841796875e-01
8.621758222579956055e-01
8.620944023132324219e-01
8.620129823684692383e-01
8.619318008422851562e-01
8.618503808975219727e-01
8.617688417434692383e-01
8.616875410079956055e-01
8.616060018539428711e-01
8.615244626998901367e-01
8.614429235458374023e-01
8.613613843917846680e-01
8.612796068191528320e-01
8.611980676651000977e-01
8.611162900924682617e-01
8.610345125198364258e-01
8.609527349472045898e-01
8.608709573745727539e-01
8.607891798019409180e-01
8.607072830200195312e-01
8.606253862380981445e-01
8.605433702468872070e-01
8.604613542556762695e-01
8.603793382644653320e-01
8.602973222732543945e-01
8.602153062820434570e-01
8.601332902908325195e-01
8.600511550903320312e-01
8.599690198898315430e-01
8.598870038986206055e-01
8.598047494888305664e-01
8.597224950790405273e-01
8.596401214599609375e-01
8.595579862594604492e-01
8.594754934310913086e-01
8.593932390213012695e-01
8.593109846115112305e-01
8.592284917831420898e-01
8.591459989547729492e-01
8.590635061264038086e-01
8.589810132980346680e-01
8.588986396789550781e-01
8.588160276412963867e-01
8.587335348129272461e-01
8.586510419845581055e-01
8.585683107376098633e-01
8.584858179092407227e-01
8.584030866622924805e-01
8.583203554153442383e-01
8.582377433776855469e-01
8.581551313400268555e-01
8.580724000930786133e-01
8.579894304275512695e-01
8.579066991806030273e-01
8.578239679336547852e-01
8.577412366867065430e-01
8.576582670211791992e-01
8.575755357742309570e-01
8.574925661087036133e-01
8.574095964431762695e-01
8.573266267776489258e-01
8.572438955307006836e-01
8.571609258651733398e-01
8.570779561996459961e-01
8.569949865341186523e-01
8.569117784500122070e-01
8.568288087844848633e-01
8.567458391189575195e-01
8.566627502441406250e-01
8.565797805786132812e-01
8.564966917037963867e-01
8.564134836196899414e-01
8.563303947448730469e-01
8.562473058700561523e-01
8.561640977859497070e-01
8.560808897018432617e-01
8.559979200363159180e-01
8.559147119522094727e-01
8.558315038681030273e-01
8.557480573654174805e-01
8.556650876998901367e-01
8.555816411972045898e-01
8.554984331130981445e-01
8.554152250289916992e-01
8.553318977355957031e-01
8.552485704421997070e-01
8.551653623580932617e-01
8.550820350646972656e-01
8.549987077713012695e-01
8.549154996871948242e-01
8.548320531845092773e-01
8.547487258911132812e-01
8.546653985977172852e-01
8.545819520950317383e-01
8.544987440109252930e-01
8.544152975082397461e-01
8.543318510055541992e-01
8.542484045028686523e-01
8.541651964187622070e-01
8.540816307067871094e-01
8.539983034133911133e-01
8.539148569107055664e-01
8.538314104080200195e-01
8.537479639053344727e-01
8.536645174026489258e-01
8.535810708999633789e-01
8.534976243972778320e-01
8.534141778945922852e-01
8.533309698104858398e-01
8.532475233078002930e-01
8.531638383865356445e-01
8.530803918838500977e-01
8.529969453811645508e-01
8.529134988784790039e-01
8.528300523757934570e-01
8.527466058731079102e-01
8.526631593704223633e-01
8.525797128677368164e-01
8.524962663650512695e-01
8.524128198623657227e-01
8.523293733596801758e-01
8.522458076477050781e-01
8.521623611450195312e-01
8.520789146423339844e-01
8.519955873489379883e-01
8.519121408462524414e-01
8.518286943435668945e-01
8.517451286315917969e-01
8.516616821289062500e-01
8.515783548355102539e-01
8.514949083328247070e-01
8.514114618301391602e-01
8.513280153274536133e-01
8.512445688247680664e-01
8.511611223220825195e-01
8.510776758193969727e-01
8.509942293167114258e-01
8.509110212326049805e-01
8.508275747299194336e-01
8.507441282272338867e-01
8.506606817245483398e-01
8.505773544311523438e-01
8.504940271377563477e-01
8.504105806350708008e-01
8.503271341323852539e-01
8.502439260482788086e-01
8.501605987548828125e-01
8.500772714614868164e-01
8.499938249588012695e-01
8.499106168746948242e-01
8.498272895812988281e-01
8.497439622879028320e-01
8.496607542037963867e-01
8.495775461196899414e-01
8.494943380355834961e-01
8.494110107421875000e-01
8.493279218673706055e-01
8.492445945739746094e-01
8.491612672805786133e-01
8.490781784057617188e-01
8.489950895309448242e-01
8.489118814468383789e-01
8.488286733627319336e-01
8.487454652786254883e-01
8.486624956130981445e-01
8.485792875289916992e-01
8.484963178634643555e-01
8.484131097793579102e-01
8.483300209045410156e-01
8.482470512390136719e-01
8.481639623641967773e-01
8.480809926986694336e-01
8.479980230331420898e-01
8.479150533676147461e-01
8.478320837020874023e-01
8.477491140365600586e-01
8.476661443710327148e-01
8.475832939147949219e-01
8.475004434585571289e-01
8.474174737930297852e-01
8.473347425460815430e-01
8.472517728805541992e-01
8.471690416336059570e-01
8.470863103866577148e-01
8.470034599304199219e-01
8.469206094741821289e-01
8.468379974365234375e-01
8.467551469802856445e-01
8.466726541519165039e-01
8.465899229049682617e-01
8.465071916580200195e-01
8.464246988296508789e-01
8.463422060012817383e-01
8.462594747543334961e-01
8.461769819259643555e-01
8.460942506790161133e-01
8.460119962692260742e-01
8.459295034408569336e-01
8.458470106124877930e-01
8.457646369934082031e-01
8.456822633743286133e-01
8.456000089645385742e-01
8.455175161361694336e-01
8.454351425170898438e-01
8.453530073165893555e-01
8.452705144882202148e-01
8.451882600784301758e-01
8.451061248779296875e-01
8.450239896774291992e-01
8.449419736862182617e-01
8.448597192764282227e-01
8.447777032852172852e-01
8.446954488754272461e-01
8.446134328842163086e-01
8.445314168930053711e-01
8.444495201110839844e-01
8.443675041198730469e-01
8.442856073379516602e-01
8.442038297653198242e-01
8.441218137741088867e-01
8.440400362014770508e-01
8.439582586288452148e-01
8.438764810562133789e-01
8.437948226928710938e-01
8.437131643295288086e-01
8.436313867568969727e-01
8.435497283935546875e-01
8.434681892395019531e-01
8.433865308761596680e-01
8.433049917221069336e-01
8.432235717773437500e-01
8.431421518325805664e-01
8.430606126785278320e-01
8.429793119430541992e-01
8.428980112075805664e-01
8.428164720535278320e-01
8.427352905273437500e-01
8.426541090011596680e-01
8.425728082656860352e-01
8.424916267395019531e-01
8.424104452133178711e-01
8.423293828964233398e-01
8.422483205795288086e-01
8.421672582626342773e-01
8.420863151550292969e-01
8.420053720474243164e-01
8.419243097305297852e-01
8.418434858322143555e-01
8.417626619338989258e-01
8.416818380355834961e-01
8.416012525558471680e-01
8.415204286575317383e-01
8.414397239685058594e-01
8.413591384887695312e-01
8.412784337997436523e-01
8.411979675292968750e-01
8.411175012588500977e-01
8.410369157791137695e-01
8.409565687179565430e-01
8.408761024475097656e-01
8.407956361770629883e-01
8.407154083251953125e-01
8.406351804733276367e-01
8.405550718307495117e-01
8.404749631881713867e-01
8.403946161270141602e-01
8.403145074844360352e-01
8.402346372604370117e-01
8.401545286178588867e-01
8.400746583938598633e-01
8.399947881698608398e-01
8.399147987365722656e-01
8.398350477218627930e-01
8.397551774978637695e-01
8.396755456924438477e-01
8.395957946777343750e-01
8.395162820816040039e-01
8.394366502761840820e-01
8.393570184707641602e-01
8.392776250839233398e-01
8.391982316970825195e-01
8.391188383102416992e-01
8.390393257141113281e-01
8.389600515365600586e-01
8.388808965682983398e-01
8.388015031814575195e-01
8.387223482131958008e-01
8.386431932449340820e-01
8.385642766952514648e-01
8.384853601455688477e-01
8.384064435958862305e-01
8.383275270462036133e-01
8.382486104965209961e-01
8.381696939468383789e-01
8.380910158157348633e-01
8.380123376846313477e-01
8.379336595535278320e-01
8.378549814224243164e-01
8.377765417098999023e-01
8.376979827880859375e-01
8.376196622848510742e-01
8.375412225723266602e-01
8.374627828598022461e-01
8.373845815658569336e-01
8.373063802719116211e-01
8.372281789779663086e-01
8.371499776840209961e-01
8.370720148086547852e-01
8.369940519332885742e-01
8.369159698486328125e-01
8.368381261825561523e-01
8.367601633071899414e-01
8.366824388504028320e-01
8.366047143936157227e-01
8.365269899368286133e-01
8.364495038986206055e-01
8.363717794418334961e-01
8.362942934036254883e-01
8.362168073654174805e-01
8.361395597457885742e-01
8.360620737075805664e-01
8.359848260879516602e-01
8.359075784683227539e-01
8.358303308486938477e-01
8.357533216476440430e-01
8.356761932373046875e-01
8.355993032455444336e-01
8.355222940444946289e-01
8.354455232620239258e-01
8.353686332702636719e-01
8.352918624877929688e-01
8.352152109146118164e-01
8.351384401321411133e-01
8.350619077682495117e-01
8.349856138229370117e-01
8.349088430404663086e-01
8.348325490951538086e-01
8.347562551498413086e-01
8.346799612045288086e-01
8.346039056777954102e-01
8.345276117324829102e-01
8.344515562057495117e-01
8.343755006790161133e-01
8.342994451522827148e-01
8.342236280441284180e-01
8.341478109359741211e-01
8.340719938278198242e-01
8.339964151382446289e-01
8.339205980300903320e-01
8.338450193405151367e-01
8.337696790695190430e-01
8.336941003799438477e-01
8.336187601089477539e-01
8.335434198379516602e-01
8.334680795669555664e-01
8.333929777145385742e-01
8.333178758621215820e-01
8.332425355911254883e-01
8.331676721572875977e-01
8.330928087234497070e-01
8.330178260803222656e-01
8.329430818557739258e-01
8.328682184219360352e-01
8.327935934066772461e-01
8.327189683914184570e-01
8.326444625854492188e-01
8.325699567794799805e-01
8.324955701828002930e-01
8.324211835861206055e-01
8.323469161987304688e-01
8.322726488113403320e-01
8.321987390518188477e-01
8.321245908737182617e-01
8.320504426956176758e-01
8.319767713546752930e-01
8.319026231765747070e-01
8.318289518356323242e-01
8.317552804946899414e-01
8.316816091537475586e-01
8.316079378128051758e-01
8.315345048904418945e-01
8.314610719680786133e-01
8.313876390457153320e-01
8.313144445419311523e-01
8.312411308288574219e-01
8.311680555343627930e-01
8.310948610305786133e-01
8.310219049453735352e-01
8.309489488601684570e-01
8.308759927749633789e-01
8.308030366897583008e-01
8.307304382324218750e-01
8.306578397750854492e-01
8.305851221084594727e-01
8.305128812789916992e-01
8.304401636123657227e-01
8.303679227828979492e-01
8.302954435348510742e-01
8.302232027053833008e-01
8.301512002944946289e-01
8.300790786743164062e-01
8.300069570541381836e-01
8.299350738525390625e-01
8.298631906509399414e-01
8.297914266586303711e-01
8.297196626663208008e-01
8.296481370925903320e-01
8.295764923095703125e-01
8.295049667358398438e-01
8.294335603713989258e-01
8.293622732162475586e-01
8.292909860610961914e-01
8.292198181152343750e-01
8.291486501693725586e-01
8.290776014328002930e-01
8.290066719055175781e-01
8.289357423782348633e-01
8.288649320602416992e-01
8.287941217422485352e-01
8.287235498428344727e-01
8.286529779434204102e-01
8.285824060440063477e-01
8.285120725631713867e-01
8.284417390823364258e-01
8.283711671829223633e-01
8.283010721206665039e-01
8.282309770584106445e-01
8.281611204147338867e-01
8.280910253524780273e-01
8.280211687088012695e-01
8.279513120651245117e-01
8.278816938400268555e-01
8.278118371963500977e-01
8.277424573898315430e-01
8.276728391647338867e-01
8.276034593582153320e-01
8.275340795516967773e-01
8.274649381637573242e-01
8.273955583572387695e-01
8.273264169692993164e-01
8.272575139999389648e-01
8.271886110305786133e-01
8.271197080612182617e-01
8.270510435104370117e-01
8.269821405410766602e-01
8.269134759902954102e-01
8.268450498580932617e-01
8.267766237258911133e-01
8.267079591751098633e-01
8.266397714614868164e-01
8.265715837478637695e-01
8.265033960342407227e-01
8.264354467391967773e-01
8.263674974441528320e-01
8.262995481491088867e-01
8.262315988540649414e-01
8.261638879776000977e-01
8.260964155197143555e-01
8.260287046432495117e-01
8.259612321853637695e-01
8.258938789367675781e-01
8.258265256881713867e-01
8.257592916488647461e-01
8.256920576095581055e-01
8.256249427795410156e-01
8.255578279495239258e-01
8.254910707473754883e-01
8.254241943359375000e-01
8.253574371337890625e-01
8.252907991409301758e-01
8.252242803573608398e-01
8.251577615737915039e-01
8.250913619995117188e-01
8.250249624252319336e-01
8.249586820602416992e-01
8.248926401138305664e-01
8.248263597488403320e-01
8.247604370117187500e-01
8.246946334838867188e-01
8.246287107467651367e-01
8.245629072189331055e-01
8.244973421096801758e-01
8.244317770004272461e-01
8.243662118911743164e-01
8.243008852005004883e-01
8.242355585098266602e-01
8.241702318191528320e-01
8.241051435470581055e-01
8.240400552749633789e-01
8.239749670028686523e-01
8.239101171493530273e-01
8.238452672958374023e-01
8.237806558609008789e-01
8.237160444259643555e-01
8.236514329910278320e-01
8.235868215560913086e-01
8.235224485397338867e-01
8.234583139419555664e-01
8.233939409255981445e-01
8.233299255371093750e-01
8.232659101486206055e-01
8.232017755508422852e-01
8.231381177902221680e-01
8.230742216110229492e-01
8.230105638504028320e-01
8.229469060897827148e-01
8.228834867477416992e-01
8.228198289871215820e-01
8.227566480636596680e-01
8.226934671401977539e-01
8.226302862167358398e-01
8.225671052932739258e-01
8.225040435791015625e-01
8.224412202835083008e-01
8.223782777786254883e-01
8.223155736923217773e-01
8.222528696060180664e-01
8.221904039382934570e-01
8.221279382705688477e-01
8.220654726028442383e-01
8.220032453536987305e-01
8.219410181045532227e-01
8.218789100646972656e-01
8.218168020248413086e-01
8.217549324035644531e-01
8.216930627822875977e-01
8.216313123703002930e-01
8.215695619583129883e-01
8.215080499649047852e-01
8.214465379714965820e-01
8.213850259780883789e-01
8.213237524032592773e-01
8.212624788284301758e-01
8.212012052536010742e-01
8.211402893066406250e-01
8.210792541503906250e-01
8.210183382034301758e-01
8.209575414657592773e-01
8.208969831466674805e-01
8.208361864089965820e-01
8.207758665084838867e-01
8.207153081893920898e-01
8.206549882888793945e-01
8.205946683883666992e-01
8.205345869064331055e-01
8.204745054244995117e-01
8.204144239425659180e-01
8.203545808792114258e-01
8.202947378158569336e-01
8.202348947525024414e-01
8.201752901077270508e-01
8.201159238815307617e-01
8.200563192367553711e-01
8.199969530105590820e-01
8.199377059936523438e-01
8.198784589767456055e-01
8.198193311691284180e-01
8.197604417800903320e-01
8.197013139724731445e-01
8.196426630020141602e-01
8.195837736129760742e-01
8.195251226425170898e-01
8.194667100906372070e-01
8.194082975387573242e-01
8.193497657775878906e-01
8.192914724349975586e-01
8.192332983016967773e-01
8.191751241683959961e-01
8.191171884536743164e-01
8.190592527389526367e-01
8.190013170242309570e-01
8.189436197280883789e-01
8.188859224319458008e-01
8.188284635543823242e-01
8.187710046768188477e-01
8.187135457992553711e-01
8.186563253402709961e-01
8.185991048812866211e-01
8.185418844223022461e-01
8.184849023818969727e-01
8.184279203414916992e-01
8.183709383010864258e-01
8.183144330978393555e-01
8.182576894760131836e-01
8.182011842727661133e-01
8.181446790695190430e-01
8.180881738662719727e-01
8.180319070816040039e-01
8.179756402969360352e-01
8.179196119308471680e-01
8.178635835647583008e-01
8.178076744079589844e-01
8.177517652511596680e-01
8.176959753036499023e-01
8.176404237747192383e-01
8.175848722457885742e-01
8.175293207168579102e-01
8.174738883972167969e-01
8.174185752868652344e-01
8.173633813858032227e-01
8.173083066940307617e-01
8.172532320022583008e-01
8.171983957290649414e-01
8.171435594558715820e-01
8.170887231826782227e-01
8.170338869094848633e-01
8.169795274734497070e-01
8.169249296188354492e-01
8.168705701828002930e-01
8.168162107467651367e-01
8.167619705200195312e-01
8.167079687118530273e-01
8.166540861129760742e-01
8.165999650955200195e-01
8.165460824966430664e-01
8.164921998977661133e-01
8.164386749267578125e-01
8.163851499557495117e-01
8.163317441940307617e-01
8.162783384323120117e-01
8.162249326705932617e-01
8.161717653274536133e-01
8.161185979843139648e-01
8.160654306411743164e-01
8.160125017166137695e-01
8.159598112106323242e-01
8.159068822860717773e-01
8.158541917800903320e-01
8.158017396926879883e-01
8.157492876052856445e-01
8.156968355178833008e-01
8.156443834304809570e-01
8.155922889709472656e-01
8.155401945114135742e-01
8.154882192611694336e-01
8.154362440109252930e-01
8.153842687606811523e-01
8.153325319290161133e-01
8.152809143066406250e-01
8.152292966842651367e-01
8.151777982711791992e-01
8.151264190673828125e-01
8.150752782821655273e-01
8.150238990783691406e-01
8.149727582931518555e-01
8.149217367172241211e-01
8.148707151412963867e-01
8.148199319839477539e-01
8.147691488265991211e-01
8.147183656692504883e-01
8.146678209304809570e-01
8.146172761917114258e-01
8.145669698715209961e-01
8.145166635513305664e-01
8.144663572311401367e-01
8.144162893295288086e-01
8.143662214279174805e-01
8.143162727355957031e-01
8.142663240432739258e-01
8.142164945602416992e-01
8.141669034957885742e-01
8.141173124313354492e-01
8.140677213668823242e-01
8.140183687210083008e-01
8.139690160751342773e-01
8.139199018478393555e-01
8.138705492019653320e-01
8.138216733932495117e-01
8.137725591659545898e-01
8.137236833572387695e-01
8.136748075485229492e-01
8.136261701583862305e-01
8.135775327682495117e-01
8.135288953781127930e-01
8.134804964065551758e-01
8.134320974349975586e-01
8.133839368820190430e-01
8.133357763290405273e-01
8.132876157760620117e-01
8.132396936416625977e-01
8.131917715072631836e-01
8.131438493728637695e-01
8.130961656570434570e-01
8.130484819412231445e-01
8.130010366439819336e-01
8.129533529281616211e-01
8.129062652587890625e-01
8.128589391708374023e-01
8.128117322921752930e-01
8.127645254135131836e-01
8.127175569534301758e-01
8.126705884933471680e-01
8.126238584518432617e-01
8.125771284103393555e-01
8.125303983688354492e-01
8.124837875366210938e-01
8.124371767044067383e-01
8.123908042907714844e-01
8.123444318771362305e-01
8.122982978820800781e-01
8.122521638870239258e-01
8.122061491012573242e-01
8.121601343154907227e-01
8.121142387390136719e-01
8.120684623718261719e-01
8.120228052139282227e-01
8.119770288467407227e-01
8.119314908981323242e-01
8.118861913681030273e-01
8.118406534194946289e-01
8.117953538894653320e-01
8.117502927780151367e-01
8.117052316665649414e-01
8.116601705551147461e-01
8.116153478622436523e-01
8.115705251693725586e-01
8.115257024765014648e-01
8.114808797836303711e-01
8.114362955093383789e-01
8.113918304443359375e-01
8.113476037979125977e-01
8.113032579421997070e-01
8.112589120864868164e-01
8.112148046493530273e-01
8.111706972122192383e-01
8.111268281936645508e-01
8.110828399658203125e-01
8.110389709472656250e-01
8.109952211380004883e-01
8.109517097473144531e-01
8.109081983566284180e-01
8.108645677566528320e-01
8.108211755752563477e-01
8.107777833938598633e-01
8.107346296310424805e-01
8.106917142868041992e-01
8.106485605239868164e-01
8.106055259704589844e-01
8.105627298355102539e-01
8.105200529098510742e-01
8.104771375656127930e-01
8.104344606399536133e-01
8.103920221328735352e-01
8.103495836257934570e-01
8.103071451187133789e-01
8.102649450302124023e-01
8.102227449417114258e-01
8.101805448532104492e-01
8.101385831832885742e-01
8.100966215133666992e-01
8.100547790527343750e-01
8.100129365921020508e-01
8.099712133407592773e-01
8.099297285079956055e-01
8.098880052566528320e-01
8.098467588424682617e-01
8.098052740097045898e-01
8.097640275955200195e-01
8.097227811813354492e-01
8.096817731857299805e-01
8.096405267715454102e-01
8.095997571945190430e-01
8.095587491989135742e-01
8.095179796218872070e-01
8.094772100448608398e-01
8.094366788864135742e-01
8.093961477279663086e-01
8.093556165695190430e-01
8.093152046203613281e-01
8.092747926712036133e-01
8.092347383499145508e-01
8.091945648193359375e-01
8.091543912887573242e-01
8.091145753860473633e-01
8.090745210647583008e-01
8.090348243713378906e-01
8.089951276779174805e-01
8.089553117752075195e-01
8.089159727096557617e-01
8.088763952255249023e-01
8.088369369506835938e-01
8.087977170944213867e-01
8.087583780288696289e-01
8.087192773818969727e-01
8.086800575256347656e-01
8.086410760879516602e-01
8.086022138595581055e-01
8.085633516311645508e-01
8.085244894027709961e-01
8.084858655929565430e-01
8.084470033645629883e-01
8.084086179733276367e-01
8.083702325820922852e-01
8.083318471908569336e-01
8.082934617996215820e-01
8.082553148269653320e-01
8.082171678543090820e-01
8.081790208816528320e-01
8.081411123275756836e-01
8.081032037734985352e-01
8.080652952194213867e-01
8.080276250839233398e-01
8.079899549484252930e-01
8.079522848129272461e-01
8.079147338867187500e-01
8.078774213790893555e-01
8.078399896621704102e-01
8.078025579452514648e-01
8.077654838562011719e-01
8.077284097671508789e-01
8.076912164688110352e-01
8.076542615890502930e-01
8.076173067092895508e-01
8.075804710388183594e-01
8.075436353683471680e-01
8.075069189071655273e-01
8.074704408645629883e-01
8.074339628219604492e-01
8.073974847793579102e-01
8.073611259460449219e-01
8.073247671127319336e-01
8.072885274887084961e-01
8.072524070739746094e-01
8.072165250778198242e-01
8.071802854537963867e-01
8.071442842483520508e-01
8.071087598800659180e-01
8.070727586746215820e-01
8.070372343063354492e-01
8.070014715194702148e-01
8.069659471511840820e-01
8.069304227828979492e-01
8.068951368331909180e-01
8.068598508834838867e-01
8.068245649337768555e-01
8.067892789840698242e-01
8.067542314529418945e-01
8.067191839218139648e-01
8.066841363906860352e-01
8.066493272781372070e-01
8.066145181655883789e-01
8.065797090530395508e-01
8.065451383590698242e-01
8.065104484558105469e-01
8.064759969711303711e-01
8.064414262771606445e-01
8.064070940017700195e-01
8.063727617263793945e-01
8.063386678695678711e-01
8.063043355941772461e-01
8.062702417373657227e-01
8.062362670898437500e-01
8.062022924423217773e-01
8.061684370040893555e-01
8.061345815658569336e-01
8.061008453369140625e-01
8.060671091079711914e-01
8.060336112976074219e-01
8.060001134872436523e-01
8.059664964675903320e-01
8.059331178665161133e-01
8.058999776840209961e-01
8.058665990829467773e-01
8.058334589004516602e-01
8.058004379272460938e-01
8.057674169540405273e-01
8.057342767715454102e-01
8.057013750076293945e-01
8.056687116622924805e-01
8.056358098983764648e-01
8.056031465530395508e-01
8.055706024169921875e-01
8.055380582809448242e-01
8.055056333541870117e-01
8.054732084274291992e-01
8.054407835006713867e-01
8.054084777832031250e-01
8.053761720657348633e-01
8.053442239761352539e-01
8.053120374679565430e-01
8.052798509597778320e-01
8.052481412887573242e-01
8.052161931991577148e-01
8.051844835281372070e-01
8.051527738571166992e-01
8.051209449768066406e-01
8.050893545150756836e-01
8.050576448440551758e-01
8.050264120101928711e-01
8.049949407577514648e-01
8.049634695053100586e-01
8.049322366714477539e-01
8.049010038375854492e-01
8.048700094223022461e-01
8.048387765884399414e-01
8.048077821731567383e-01
8.047767877578735352e-01
8.047460317611694336e-01
8.047151565551757812e-01
8.046842813491821289e-01
8.046537637710571289e-01
8.046231269836425781e-01
8.045924901962280273e-01
8.045619726181030273e-01
8.045314550399780273e-01
8.045011758804321289e-01
8.044708967208862305e-01
8.044406175613403320e-01
8.044103384017944336e-01
8.043802976608276367e-01
8.043502569198608398e-01
8.043202161788940430e-01
8.042902946472167969e-01
8.042603731155395508e-01
8.042306900024414062e-01
8.042010068893432617e-01
8.041712045669555664e-01
8.041416406631469727e-01
8.041120767593383789e-01
8.040827512741088867e-01
8.040531873703002930e-01
8.040237426757812500e-01
8.039945363998413086e-01
8.039652109146118164e-01
8.039358854293823242e-01
8.039067983627319336e-01
8.038777112960815430e-01
8.038487434387207031e-01
8.038197755813598633e-01
8.037909269332885742e-01
8.037620782852172852e-01
8.037332296371459961e-01
8.037046194076538086e-01
8.036760091781616211e-01
8.036473989486694336e-01
8.036189079284667969e-01
8.035904169082641602e-01
8.035620450973510742e-01
8.035336732864379883e-01
8.035053014755249023e-01
8.034771680831909180e-01
8.034490346908569336e-01
8.034209012985229492e-01
8.033927679061889648e-01
8.033647537231445312e-01
8.033367395401000977e-01
8.033088445663452148e-01
8.032809495925903320e-01
8.032532930374145508e-01
8.032255172729492188e-01
8.031979799270629883e-01
8.031703233718872070e-01
8.031426668167114258e-01
8.031152486801147461e-01
8.030878305435180664e-01
8.030605316162109375e-01
8.030332326889038086e-01
8.030060529708862305e-01
8.029786348342895508e-01
8.029514551162719727e-01
8.029245138168334961e-01
8.028975725173950195e-01
8.028706312179565430e-01
8.028434514999389648e-01
8.028167486190795898e-01
8.027898073196411133e-01
8.027631044387817383e-01
8.027364015579223633e-01
8.027096986770629883e-01
8.026829957962036133e-01
8.026565313339233398e-01
8.026300668716430664e-01
8.026036024093627930e-01
8.025771379470825195e-01
8.025509119033813477e-01
8.025245666503906250e-01
8.024984598159790039e-01
8.024722337722778320e-01
8.024462461471557617e-01
8.024200201034545898e-01
8.023940324783325195e-01
8.023680448532104492e-01
8.023422956466674805e-01
8.023163080215454102e-01
8.022905588150024414e-01
8.022646903991699219e-01
8.022390604019165039e-01
8.022133111953735352e-01
8.021878004074096680e-01
8.021622896194458008e-01
8.021365404129028320e-01
8.021112680435180664e-01
8.020859956741333008e-01
8.020606040954589844e-01
8.020352125167846680e-01
8.020100593566894531e-01
8.019847869873046875e-01
8.019598722457885742e-01
8.019345998764038086e-01
8.019095659255981445e-01
8.018845319747924805e-01
8.018597364425659180e-01
8.018347024917602539e-01
8.018099069595336914e-01
8.017851114273071289e-01
8.017603158950805664e-01
8.017357587814331055e-01
8.017109632492065430e-01
8.016864061355590820e-01
8.016618490219116211e-01
8.016372919082641602e-01
8.016129732131958008e-01
8.015885353088378906e-01
8.015640974044799805e-01
8.015397787094116211e-01
8.015154600143432617e-01
8.014912605285644531e-01
8.014670610427856445e-01
8.014429807662963867e-01
8.014189004898071289e-01
8.013948202133178711e-01
8.013709783554077148e-01
8.013468980789184570e-01
8.013230562210083008e-01
8.012992143630981445e-01
8.012756109237670898e-01
8.012517690658569336e-01
8.012279272079467773e-01
8.012043237686157227e-01
8.011807203292846680e-01
8.011571168899536133e-01
8.011335134506225586e-01
8.011101484298706055e-01
8.010865449905395508e-01
8.010634183883666992e-01
8.010398149490356445e-01
8.010166883468627930e-01
8.009933233261108398e-01
8.009701967239379883e-01
8.009470701217651367e-01
8.009239435195922852e-01
8.009008169174194336e-01
8.008776903152465820e-01
8.008548021316528320e-01
8.008319139480590820e-01
8.008087873458862305e-01
8.007861375808715820e-01
8.007632493972778320e-01
8.007403612136840820e-01
8.007177114486694336e-01
8.006949424743652344e-01
8.006724119186401367e-01
8.006497621536254883e-01
8.006271123886108398e-01
8.006044626235961914e-01
8.005820512771606445e-01
8.005596399307250977e-01
8.005372285842895508e-01
8.005150556564331055e-01
8.004924058914184570e-01
8.004703521728515625e-01
8.004480600357055664e-01
8.004258871078491211e-01
8.004037141799926758e-01
8.003815412521362305e-01
8.003596067428588867e-01
8.003374338150024414e-01
8.003154993057250977e-01
8.002935647964477539e-01
8.002716302871704102e-01
8.002496957778930664e-01
8.002279996871948242e-01
8.002060651779174805e-01
8.001843690872192383e-01
8.001624345779418945e-01
8.001409769058227539e-01
8.001192808151245117e-01
8.000975847244262695e-01
8.000761270523071289e-01
8.000544309616088867e-01
8.000329732894897461e-01
8.000115156173706055e-01
7.999902367591857910e-01
7.999687790870666504e-01
7.999473810195922852e-01
7.999262213706970215e-01
7.999048829078674316e-01
7.998837232589721680e-01
7.998624444007873535e-01
7.998413443565368652e-01
7.998203039169311523e-01
7.997990846633911133e-01
7.997781634330749512e-01
7.997570633888244629e-01
7.997360825538635254e-01
7.997151613235473633e-01
7.996941804885864258e-01
7.996734380722045898e-01
7.996525764465332031e-01
7.996317148208618164e-01
7.996110320091247559e-01
7.995902299880981445e-01
7.995696067810058594e-01
7.995490431785583496e-01
7.995282411575317383e-01
7.995076775550842285e-01
7.994871735572814941e-01
7.994666695594787598e-01
7.994461655616760254e-01
7.994257211685180664e-01
7.994052767753601074e-01
7.993850111961364746e-01
7.993645668029785156e-01
7.993444204330444336e-01
7.993240952491760254e-01
7.993038892745971680e-01
7.992835640907287598e-01
7.992634177207946777e-01
7.992433309555053711e-01
7.992231249809265137e-01
7.992029786109924316e-01
7.991829514503479004e-01
7.991629838943481445e-01
7.991430163383483887e-01
7.991231679916381836e-01
7.991032004356384277e-01
7.990832328796386719e-01
7.990635037422180176e-01
7.990436553955078125e-01
7.990238070487976074e-01
7.990040779113769531e-01
7.989844083786010742e-01
7.989646196365356445e-01
7.989450097084045410e-01
7.989253401756286621e-01
7.989057898521423340e-01
7.988862395286560059e-01
7.988666892051696777e-01
7.988471984863281250e-01
7.988276481628417969e-01
7.988081574440002441e-01
7.987889051437377930e-01
7.987694144248962402e-01
7.987500429153442383e-01
7.987307310104370117e-01
7.987113595008850098e-01
7.986921668052673340e-01
7.986727952957153320e-01
7.986536622047424316e-01
7.986345291137695312e-01
7.986153960227966309e-01
7.985962629318237305e-01
7.985771894454956055e-01
7.985581159591674805e-01
7.985391020774841309e-01
7.985200285911560059e-01
7.985010147094726562e-01
7.984820604324340820e-01
7.984632253646850586e-01
7.984442114830017090e-01
7.984253168106079102e-01
7.984065413475036621e-01
7.983878850936889648e-01
7.983688712120056152e-01
7.983502745628356934e-01
7.983313798904418945e-01
7.983127236366271973e-01
7.982940673828125000e-01
7.982754111289978027e-01
7.982568144798278809e-01
7.982382178306579590e-01
7.982196211814880371e-01
7.982010841369628906e-01
7.981825470924377441e-01
7.981639504432678223e-01
7.981454133987426758e-01
7.981271147727966309e-01
7.981086373329162598e-01
7.980903983116149902e-01
7.980719208717346191e-01
7.980536818504333496e-01
7.980352640151977539e-01
7.980170249938964844e-01
7.979987859725952148e-01
7.979804277420043945e-01
7.979622483253479004e-01
7.979441285133361816e-01
7.979259490966796875e-01
7.979078888893127441e-01
7.978896498680114746e-01
7.978715896606445312e-01
7.978535294532775879e-01
7.978354096412658691e-01
7.978174090385437012e-01
7.977994680404663086e-01
7.977814674377441406e-01
7.977634668350219727e-01
7.977456450462341309e-01
7.977276444435119629e-01
7.977098822593688965e-01
7.976919412612915039e-01
7.976741790771484375e-01
7.976564168930053711e-01
7.976384758949279785e-01
7.976207733154296875e-01
7.976030707359313965e-01
7.975853681564331055e-01
7.975675463676452637e-01
7.975500226020812988e-01
7.975322008132934570e-01
7.975147366523742676e-01
7.974969744682312012e-01
7.974795103073120117e-01
7.974619269371032715e-01
7.974443435668945312e-01
7.974267601966857910e-01
7.974094748497009277e-01
7.973918914794921875e-01
7.973743677139282227e-01
7.973570227622985840e-01
7.973394989967346191e-01
7.973221540451049805e-01
7.973047494888305664e-01
7.972874045372009277e-01
7.972701787948608398e-01
7.972527146339416504e-01
7.972354888916015625e-01
7.972182631492614746e-01
7.972009778022766113e-01
7.971836328506469727e-01
7.971664667129516602e-01
7.971492409706115723e-01
7.971320748329162598e-01
7.971149086952209473e-01
7.970977425575256348e-01
7.970806360244750977e-01
7.970637083053588867e-01
7.970466017723083496e-01
7.970294952392578125e-01
7.970123887062072754e-01
7.969953417778015137e-01
7.969784736633300781e-01
7.969613671302795410e-01
7.969445586204528809e-01
7.969275116920471191e-01
7.969107031822204590e-01
7.968936562538146973e-01
7.968768477439880371e-01
7.968598604202270508e-01
7.968431115150451660e-01
7.968263030052185059e-01
7.968095541000366211e-01
7.967926263809204102e-01
7.967758774757385254e-01
7.967590689659118652e-01
7.967423796653747559e-01
7.967256307601928711e-01
7.967090010643005371e-01
7.966922521591186523e-01
7.966756224632263184e-01
7.966589331626892090e-01
7.966422438621520996e-01
7.966256141662597656e-01
7.966089844703674316e-01
7.965923547744750977e-01
7.965759038925170898e-01
7.965592741966247559e-01
7.965427041053771973e-01
7.965260744094848633e-01
7.965096831321716309e-01
7.964931130409240723e-01
7.964767217636108398e-01
7.964602112770080566e-01
7.964438796043395996e-01
7.964273095130920410e-01
7.964109778404235840e-01
7.963944077491760254e-01
7.963780760765075684e-01
7.963618040084838867e-01
7.963453531265258789e-01
7.963290214538574219e-01
7.963127493858337402e-01
7.962964773178100586e-01
7.962802648544311523e-01
7.962638139724731445e-01
7.962475419044494629e-01
7.962312698364257812e-01
7.962151169776916504e-01
7.961988449096679688e-01
7.961826920509338379e-01
7.961664795875549316e-01
7.961502671241760254e-01
7.961341142654418945e-01
7.961179614067077637e-01
7.961019277572631836e-01
7.960857748985290527e-01
7.960696816444396973e-01
7.960534691810607910e-01
7.960375547409057617e-01
7.960214018821716309e-01
7.960053086280822754e-01
7.959892153739929199e-01
7.959733009338378906e-01
7.959572076797485352e-01
7.959412932395935059e-01
7.959251999855041504e-01
7.959093451499938965e-01
7.958932518959045410e-01
7.958773970603942871e-01
7.958613634109497070e-01
7.958455085754394531e-01
7.958296537399291992e-01
7.958136796951293945e-01
7.957977652549743652e-01
7.957819104194641113e-01
7.957659363746643066e-01
7.957502007484436035e-01
7.957344055175781250e-01
7.957186102867126465e-01
7.957028150558471680e-01
7.956868410110473633e-01
7.956710457801818848e-01
7.956553101539611816e-01
7.956395745277404785e-01
7.956237196922302246e-01
7.956080436706542969e-01
7.955923676490783691e-01
7.955765724182128906e-01
7.955608963966369629e-01
7.955451607704162598e-01
7.955294251441955566e-01
7.955139279365539551e-01
7.954982519149780273e-01
7.954825758934020996e-01
7.954668998718261719e-01
7.954512238502502441e-01
7.954355478286743164e-01
7.954200506210327148e-01
7.954043745994567871e-01
7.953887581825256348e-01
7.953731417655944824e-01
7.953577041625976562e-01
7.953420281410217285e-01
7.953265905380249023e-01
7.953109145164489746e-01
7.952955365180969238e-01
7.952799201011657715e-01
7.952643632888793945e-01
7.952489256858825684e-01
7.952333688735961914e-01
7.952179908752441406e-01
7.952023744583129883e-01
7.951869964599609375e-01
7.951716184616088867e-01
7.951560616493225098e-01
7.951406836509704590e-01
7.951251268386840820e-01
7.951098084449768066e-01
7.950944304466247559e-01
7.950790524482727051e-01
7.950635552406311035e-01
7.950482368469238281e-01
7.950329184532165527e-01
7.950174212455749512e-01
7.950021624565124512e-01
7.949867248535156250e-01
7.949714660644531250e-01
7.949561476707458496e-01
7.949408292770385742e-01
7.949255108833312988e-01
7.949100732803344727e-01
7.948948144912719727e-01
7.948795557022094727e-01
7.948642969131469727e-01
7.948489785194396973e-01
7.948337197303771973e-01
7.948184609413146973e-01
7.948032021522521973e-01
7.947880029678344727e-01
7.947726845741271973e-01
7.947574257850646973e-01
7.947424054145812988e-01
7.947272062301635742e-01
7.947120070457458496e-01
7.946968078613281250e-01
7.946814894676208496e-01
7.946663498878479004e-01
7.946510910987854004e-01
7.946361303329467773e-01
7.946208715438842773e-01
7.946057319641113281e-01
7.945905327796936035e-01
7.945753335952758789e-01
7.945603132247924805e-01
7.945451140403747559e-01
7.945299744606018066e-01
7.945148348808288574e-01
7.944998145103454590e-01
7.944846749305725098e-01
7.944697141647338867e-01
7.944545149803161621e-01
7.944394350051879883e-01
7.944244146347045898e-01
7.944092154502868652e-01
7.943943142890930176e-01
7.943791747093200684e-01
7.943640947341918945e-01
7.943491339683532715e-01
7.943339943885803223e-01
7.943190932273864746e-01
7.943039536476135254e-01
7.942889928817749023e-01
7.942739129066467285e-01
7.942590117454528809e-01
7.942439317703247070e-01
7.942289710044860840e-01
7.942138314247131348e-01
7.941989302635192871e-01
7.941839098930358887e-01
7.941690087318420410e-01
7.941541075706481934e-01
7.941389679908752441e-01
7.941241264343261719e-01
7.941092252731323242e-01
7.940941452980041504e-01
7.940792441368103027e-01
7.940643429756164551e-01
7.940493822097778320e-01
7.940344810485839844e-01
7.940195798873901367e-01
7.940045595169067383e-01
7.939896583557128906e-01
7.939748167991638184e-01
7.939599752426147461e-01
7.939449548721313477e-01
7.939300537109375000e-01
7.939152121543884277e-01
7.939003705978393555e-01
7.938854098320007324e-01
7.938705086708068848e-01
7.938556671142578125e-01
7.938408255577087402e-01
7.938259840011596680e-01
7.938110232353210449e-01
7.937961220741271973e-01
7.937813401222229004e-01
7.937664985656738281e-01
7.937517166137695312e-01
7.937368750572204590e-01
7.937220335006713867e-01
7.937070727348327637e-01
7.936924099922180176e-01
7.936774492263793945e-01
7.936626076698303223e-01
7.936478257179260254e-01
7.936329841613769531e-01
7.936182022094726562e-01
7.936034202575683594e-01
7.935886383056640625e-01
7.935737967491149902e-01
7.935590147972106934e-01
7.935442328453063965e-01
7.935294508934020996e-01
7.935146689414978027e-01
7.934998869895935059e-01
7.934851050376892090e-01
7.934703230857849121e-01
7.934555411338806152e-01
7.934407591819763184e-01
7.934259772300720215e-01
7.934111952781677246e-01
7.933964729309082031e-01
7.933817505836486816e-01
7.933669090270996094e-01
7.933521866798400879e-01
7.933374643325805664e-01
7.933226227760314941e-01
7.933079004287719727e-01
7.932931780815124512e-01
7.932785749435424805e-01
7.932636141777038574e-01
7.932490706443786621e-01
7.932342886924743652e-01
7.932195067405700684e-01
7.932047843933105469e-01
7.931900620460510254e-01
7.931753396987915039e-01
7.931606173515319824e-01
7.931460142135620117e-01
7.931312322616577148e-01
7.931165099143981934e-01
7.931018471717834473e-01
7.930870652198791504e-01
7.930722832679748535e-01
7.930575609207153320e-01
7.930430173873901367e-01
7.930282950401306152e-01
7.930135726928710938e-01
7.929988503456115723e-01
7.929841279983520508e-01
7.929695844650268555e-01
7.929548025131225586e-01
7.929401397705078125e-01
7.929254770278930664e-01
7.929106950759887695e-01
7.928960919380187988e-01
7.928814291954040527e-01
7.928667664527893066e-01
7.928519845008850098e-01
7.928373217582702637e-01
7.928227782249450684e-01
7.928079962730407715e-01
7.927933335304260254e-01
7.927785515785217285e-01
7.927638888359069824e-01
7.927493453025817871e-01
7.927346825599670410e-01
7.927199006080627441e-01
7.927053570747375488e-01
7.926906943321228027e-01
7.926760315895080566e-01
7.926612496376037598e-01
7.926465868949890137e-01
7.926320433616638184e-01
7.926173806190490723e-01
7.926027178764343262e-01
7.925881147384643555e-01
7.925733923912048340e-01
7.925587296485900879e-01
7.925441861152648926e-01
7.925295233726501465e-01
7.925148606300354004e-01
7.925001382827758789e-01
7.924856543540954590e-01
7.924708724021911621e-01
7.924562096595764160e-01
7.924414873123168945e-01
7.924270033836364746e-01
7.924122810363769531e-01
7.923975586891174316e-01
7.923830151557922363e-01
7.923683524131774902e-01
7.923536896705627441e-01
7.923391461372375488e-01
7.923244833946228027e-01
7.923097610473632812e-01
7.922952771186828613e-01
7.922805547714233398e-01
7.922658920288085938e-01
7.922511696815490723e-01
7.922365069389343262e-01
7.922219634056091309e-01
7.922073006629943848e-01
7.921925783157348633e-01
7.921780943870544434e-01
7.921633720397949219e-01
7.921487092971801758e-01
7.921341657638549805e-01
7.921195030212402344e-01
7.921047806739807129e-01
7.920903563499450684e-01
7.920755743980407715e-01
7.920609116554260254e-01
7.920464277267456055e-01
7.920317053794860840e-01
7.920170426368713379e-01
7.920024991035461426e-01
7.919878363609313965e-01
7.919731140136718750e-01
7.919584512710571289e-01
7.919439077377319336e-01
7.919292449951171875e-01
7.919145226478576660e-01
7.919000983238220215e-01
7.918853163719177246e-01
7.918706536293029785e-01
7.918559908866882324e-01
7.918414473533630371e-01
7.918267846107482910e-01
7.918121218681335449e-01
7.917975783348083496e-01
7.917829155921936035e-01
7.917681932449340820e-01
7.917537093162536621e-01
7.917389273643493652e-01
7.917242646217346191e-01
7.917097806930541992e-01
7.916951179504394531e-01
7.916803956031799316e-01
7.916656732559204102e-01
7.916511893272399902e-01
7.916365265846252441e-01
7.916218042373657227e-01
7.916073203086853027e-01
7.915925979614257812e-01
7.915778756141662598e-01
7.915633916854858398e-01
7.915486693382263184e-01
7.915340065956115723e-01
7.915193438529968262e-01
7.915048003196716309e-01
7.914900183677673340e-01
7.914754152297973633e-01
7.914609313011169434e-01
7.914461493492126465e-01
7.914314866065979004e-01
7.914167046546936035e-01
7.914022207260131836e-01
7.913874983787536621e-01
7.913728356361389160e-01
7.913581728935241699e-01
7.913436293601989746e-01
7.913289666175842285e-01
7.913142442703247070e-01
7.912996411323547363e-01
7.912849783897399902e-01
7.912703156471252441e-01
7.912555336952209473e-01
7.912410497665405273e-01
7.912263274192810059e-01
7.912116646766662598e-01
7.911970019340515137e-01
7.911823987960815430e-01
7.911677360534667969e-01
7.911530137062072754e-01
7.911382317543029785e-01
7.911237478256225586e-01
7.911090254783630371e-01
7.910943627357482910e-01
7.910795807838439941e-01
7.910650968551635742e-01
7.910503745079040527e-01
7.910356521606445312e-01
7.910209298133850098e-01
7.910062670707702637e-01
7.909917235374450684e-01
7.909769415855407715e-01
7.909622788429260254e-01
7.909474968910217285e-01
7.909330129623413086e-01
7.909182906150817871e-01
7.909035682678222656e-01
7.908889055252075195e-01
7.908741235733032227e-01
7.908595800399780273e-01
7.908448576927185059e-01
7.908301353454589844e-01
7.908154129981994629e-01
7.908006310462951660e-01
7.907859086990356445e-01
7.907713651657104492e-01
7.907566428184509277e-01
7.907419204711914062e-01
7.907272577285766602e-01
7.907125353813171387e-01
7.906979322433471680e-01
7.906832098960876465e-01
7.906684279441833496e-01
7.906537652015686035e-01
7.906390428543090820e-01
7.906242609024047852e-01
7.906097173690795898e-01
7.905949950218200684e-01
7.905802130699157715e-01
7.905654907226562500e-01
7.905507683753967285e-01
7.905360460281372070e-01
7.905214428901672363e-01
7.905065417289733887e-01
7.904919385910034180e-01
7.904772162437438965e-01
7.904624342918395996e-01
7.904477715492248535e-01
7.904329895973205566e-01
7.904182076454162598e-01
7.904035449028015137e-01
7.903889417648315430e-01
7.903741598129272461e-01
7.903594374656677246e-01
7.903447151184082031e-01
7.903299331665039062e-01
7.903152108192443848e-01
7.903003692626953125e-01
7.902856469154357910e-01
7.902709245681762695e-01
7.902563214302062988e-01
7.902414202690124512e-01
7.902268171310424805e-01
7.902120947837829590e-01
7.901972532272338867e-01
7.901825308799743652e-01
7.901677489280700684e-01
7.901530265808105469e-01
7.901381850242614746e-01
7.901234626770019531e-01
7.901087403297424316e-01
7.900939583778381348e-01
7.900791764259338379e-01
7.900643944740295410e-01
7.900496125221252441e-01
7.900348305702209473e-01
7.900201082229614258e-01
7.900053262710571289e-01
7.899904847145080566e-01
7.899757623672485352e-01
7.899610400199890137e-01
7.899461388587951660e-01
7.899316549301147461e-01
7.899168133735656738e-01
7.899019122123718262e-01
7.898872494697570801e-01
7.898722887039184570e-01
7.898575067520141602e-01
7.898427844047546387e-01
7.898278832435607910e-01
7.898131608963012695e-01
7.897985577583312988e-01
7.897835969924926758e-01
7.897688150405883789e-01
7.897539734840393066e-01
7.897391915321350098e-01
7.897244095802307129e-01
7.897095680236816406e-01
7.896948456764221191e-01
7.896800637245178223e-01
7.896652221679687500e-01
7.896504998207092285e-01
7.896355986595153809e-01
7.896208167076110840e-01
7.896060347557067871e-01
7.895912528038024902e-01
7.895764708518981934e-01
7.895616888999938965e-01
7.895467877388000488e-01
7.895318865776062012e-01
7.895172238349914551e-01
7.895022630691528320e-01
7.894874811172485352e-01
7.894726395606994629e-01
7.894577980041503906e-01
7.894430160522460938e-01
7.894281744956970215e-01
7.894133925437927246e-01
7.893983721733093262e-01
7.893837094306945801e-01
7.893687486648559570e-01
7.893539667129516602e-01
7.893391251564025879e-01
7.893242835998535156e-01
7.893095016479492188e-01
7.892946600914001465e-01
7.892798781394958496e-01
7.892650365829467773e-01
7.892501950263977051e-01
7.892352342605590820e-01
7.892203927040100098e-01
7.892055511474609375e-01
7.891907095909118652e-01
7.891759276390075684e-01
7.891609072685241699e-01
7.891460061073303223e-01
7.891311645507812500e-01
7.891163229942321777e-01
7.891015410423278809e-01
7.890866994857788086e-01
7.890718579292297363e-01
7.890568971633911133e-01
7.890420556068420410e-01
7.890271544456481934e-01
7.890123128890991211e-01
7.889974713325500488e-01
7.889825105667114258e-01
7.889676094055175781e-01
7.889527678489685059e-01
7.889379262924194336e-01
7.889230847358703613e-01
7.889081239700317383e-01
7.888932228088378906e-01
7.888783812522888184e-01
7.888633608818054199e-01
7.888484597206115723e-01
7.888336181640625000e-01
7.888187766075134277e-01
7.888039350509643555e-01
7.887889146804809570e-01
7.887740731239318848e-01
7.887591719627380371e-01
7.887441515922546387e-01
7.887292504310607910e-01
7.887144684791564941e-01
7.886995673179626465e-01
7.886846661567687988e-01
7.886696457862854004e-01
7.886548638343811035e-01
7.886399626731872559e-01
7.886249423027038574e-01
7.886100411415100098e-01
7.885951995849609375e-01
7.885803580284118652e-01
7.885652780532836914e-01
7.885504364967346191e-01
7.885355353355407715e-01
7.885204553604125977e-01
7.885056138038635254e-01
7.884907722473144531e-01
7.884758114814758301e-01
7.884608507156372070e-01
7.884458899497985840e-01
7.884310483932495117e-01
7.884160876274108887e-01
7.884011268615722656e-01
7.883862853050231934e-01
7.883712649345397949e-01
7.883563041687011719e-01
7.883414030075073242e-01
7.883263230323791504e-01
7.883115410804748535e-01
7.882966399192810059e-01
7.882816195487976074e-01
7.882667183876037598e-01
7.882518172264099121e-01
7.882366776466369629e-01
7.882217764854431152e-01
7.882069945335388184e-01
7.881919145584106445e-01
7.881769537925720215e-01
7.881621122360229492e-01
7.881470322608947754e-01
7.881321310997009277e-01
7.881172895431518555e-01
7.881022095680236816e-01
7.880873084068298340e-01
7.880724072456359863e-01
7.880573272705078125e-01
7.880422472953796387e-01
7.880273461341857910e-01
7.880125045776367188e-01
7.879974246025085449e-01
7.879825234413146973e-01
7.879675626754760742e-01
7.879525423049926758e-01
7.879375815391540527e-01
7.879226803779602051e-01
7.879076004028320312e-01
7.878926992416381836e-01
7.878776192665100098e-01
7.878627181053161621e-01
7.878476977348327637e-01
7.878327965736389160e-01
7.878178358078002930e-01
7.878027558326721191e-01
7.877878546714782715e-01
7.877727746963500977e-01
7.877579331398010254e-01
7.877429723739624023e-01
7.877278923988342285e-01
7.877129912376403809e-01
7.876978516578674316e-01
7.876830101013183594e-01
7.876680493354797363e-01
7.876529693603515625e-01
7.876380681991577148e-01
7.876230478286743164e-01
7.876080274581909180e-01
7.875929474830627441e-01
7.875780463218688965e-01
7.875629067420959473e-01
7.875480055809020996e-01
7.875329852104187012e-01
7.875180840492248535e-01
7.875030636787414551e-01
7.874879837036132812e-01
7.874729037284851074e-01
7.874580025672912598e-01
7.874431014060974121e-01
7.874279618263244629e-01
7.874130010604858398e-01
7.873979806900024414e-01
7.873830199241638184e-01
7.873679995536804199e-01
7.873529791831970215e-01
7.873378992080688477e-01
7.873230576515197754e-01
7.873080968856811523e-01
7.872929573059082031e-01
7.872778177261352539e-01
7.872629761695861816e-01
7.872478365898132324e-01
7.872329354286193848e-01
7.872179746627807617e-01
7.872028946876525879e-01
7.871877551078796387e-01
7.871728539466857910e-01
7.871578931808471680e-01
7.871428132057189941e-01
7.871278524398803711e-01
7.871127724647521973e-01
7.870978713035583496e-01
7.870827317237854004e-01
7.870677709579467773e-01
7.870526909828186035e-01
7.870377302169799805e-01
7.870226502418518066e-01
7.870076894760131836e-01
7.869926095008850098e-01
7.869777083396911621e-01
7.869626283645629883e-01
7.869476675987243652e-01
7.869325280189514160e-01
7.869176268577575684e-01
7.869024872779846191e-01
7.868875861167907715e-01
7.868724465370178223e-01
7.868574261665344238e-01
7.868424057960510254e-01
7.868274450302124023e-01
7.868123650550842285e-01
7.867974638938903809e-01
7.867822647094726562e-01
7.867673635482788086e-01
7.867522835731506348e-01
7.867373228073120117e-01
7.867221832275390625e-01
7.867072820663452148e-01
7.866922020912170410e-01
7.866771817207336426e-01
7.866621017456054688e-01
7.866470217704772949e-01
7.866321206092834473e-01
7.866169214248657227e-01
7.866019606590270996e-01
7.865869402885437012e-01
7.865719199180603027e-01
7.865570187568664551e-01
7.865419387817382812e-01
7.865267395973205566e-01
7.865118384361267090e-01
7.864969372749328613e-01
7.864817976951599121e-01
7.864667177200317383e-01
7.864517569541931152e-01
7.864366173744201660e-01
7.864217162132263184e-01
7.864065766334533691e-01
7.863916158676147461e-01
7.863765358924865723e-01
7.863615751266479492e-01
7.863464951515197754e-01
7.863315343856811523e-01
7.863164544105529785e-01
7.863014936447143555e-01
7.862864136695861816e-01
7.862712740898132324e-01
7.862563133239746094e-01
7.862414121627807617e-01
7.862263321876525879e-01
7.862113714218139648e-01
7.861961722373962402e-01
7.861810922622680664e-01
7.861661911010742188e-01
7.861511111259460449e-01
7.861360907554626465e-01
7.861211895942687988e-01
7.861061096191406250e-01
7.860909104347229004e-01
7.860760092735290527e-01
7.860609292984008789e-01
7.860459685325622559e-01
7.860308289527893066e-01
7.860159277915954590e-01
7.860007882118225098e-01
7.859858870506286621e-01
7.859708070755004883e-01
7.859558463096618652e-01
7.859407663345336914e-01
7.859258055686950684e-01
7.859107255935668945e-01
7.858957648277282715e-01
7.858806252479553223e-01
7.858657836914062500e-01
7.858506441116333008e-01
7.858356833457946777e-01
7.858205437660217285e-01
7.858056426048278809e-01
7.857905626296997070e-01
7.857756018638610840e-01
7.857605218887329102e-01
7.857455611228942871e-01
7.857304215431213379e-01
7.857155799865722656e-01
7.857003808021545410e-01
7.856854796409606934e-01
7.856704592704772949e-01
7.856554388999938965e-01
7.856403589248657227e-01
7.856253981590270996e-01
7.856103181838989258e-01
7.855954170227050781e-01
7.855805158615112305e-01
7.855653762817382812e-01
7.855502963066101074e-01
7.855353951454162598e-01
7.855204343795776367e-01
7.855053544044494629e-01
7.854903936386108398e-01
7.854753136634826660e-01
7.854604125022888184e-01
7.854452729225158691e-01
7.854304313659667969e-01
7.854152917861938477e-01
7.854003310203552246e-01
7.853852510452270508e-01
7.853704094886779785e-01
7.853554487228393555e-01
7.853403091430664062e-01
7.853254079818725586e-01
7.853103280067443848e-01
7.852954268455505371e-01
7.852802872657775879e-01
7.852653861045837402e-01
7.852505445480346680e-01
7.852354049682617188e-01
7.852205634117126465e-01
7.852054238319396973e-01
7.851905226707458496e-01
7.851754426956176758e-01
7.851605415344238281e-01
7.851455807685852051e-01
7.851305603981018066e-01
7.851155996322631836e-01
7.851005792617797852e-01
7.850856781005859375e-01
7.850705981254577637e-01
7.850556969642639160e-01
7.850406765937805176e-01
7.850257158279418945e-01
7.850108146667480469e-01
7.849958539009094238e-01
7.849808335304260254e-01
7.849659323692321777e-01
7.849508523941040039e-01
7.849360108375549316e-01
7.849211096763610840e-01
7.849059700965881348e-01
7.848910689353942871e-01
7.848760485649108887e-01
7.848610877990722656e-01
7.848462462425231934e-01
7.848311662673950195e-01
7.848162055015563965e-01
7.848013639450073242e-01
7.847862839698791504e-01
7.847713828086853027e-01
7.847564816474914551e-01
7.847414612770080566e-01
7.847265601158142090e-01
7.847116589546203613e-01
7.846966385841369629e-01
7.846817374229431152e-01
7.846668958663940430e-01
7.846518158912658691e-01
7.846369147300720215e-01
7.846220731735229492e-01
7.846069931983947754e-01
7.845921516418457031e-01
7.845773100852966309e-01
7.845622301101684570e-01
7.845473885536193848e-01
7.845324873924255371e-01
7.845176458358764648e-01
7.845025658607482910e-01
7.844876646995544434e-01
7.844728231430053711e-01
7.844578027725219727e-01
7.844429016113281250e-01
7.844280600547790527e-01
7.844131588935852051e-01
7.843981385231018066e-01
7.843833565711975098e-01
7.843684554100036621e-01
7.843534350395202637e-01
7.843385338783264160e-01
7.843236327171325684e-01
7.843088507652282715e-01
7.842939496040344238e-01
7.842789888381958008e-01
7.842641472816467285e-01
7.842492461204528809e-01
7.842344045639038086e-01
7.842193841934204102e-01
7.842045426368713379e-01
7.841897010803222656e-01
7.841748595237731934e-01
7.841598391532897949e-01
7.841449975967407227e-01
7.841301560401916504e-01
7.841152548789978027e-01
7.841004729270935059e-01
7.840856313705444336e-01
7.840707898139953613e-01
7.840557694435119629e-01
7.840409874916076660e-01
7.840261459350585938e-01
7.840113043785095215e-01
7.839964628219604492e-01
7.839816808700561523e-01
7.839666604995727539e-01
7.839518189430236816e-01
7.839370369911193848e-01
7.839221954345703125e-01
7.839074730873107910e-01
7.838925719261169434e-01
7.838777303695678711e-01
7.838629484176635742e-01
7.838479876518249512e-01
7.838331460952758789e-01
7.838183045387268066e-01
7.838035225868225098e-01
7.837887406349182129e-01
7.837739586830139160e-01
7.837591171264648438e-01
7.837442755699157715e-01
7.837294936180114746e-01
7.837147116661071777e-01
7.836999297142028809e-01
7.836851477622985840e-01
7.836703658103942871e-01
7.836553454399108887e-01
7.836407423019409180e-01
7.836257815361022949e-01
7.836111187934875488e-01
7.835963964462280273e-01
7.835815548896789551e-01
7.835666537284851074e-01
7.835520505905151367e-01
7.835372686386108398e-01
7.835224270820617676e-01
7.835077047348022461e-01
7.834929227828979492e-01
7.834781408309936523e-01
7.834634184837341309e-01
7.834486365318298340e-01
7.834338545799255371e-01
7.834190726280212402e-01
7.834042906761169434e-01
7.833895087242126465e-01
7.833747863769531250e-01
7.833600640296936035e-01
7.833452820777893066e-01
7.833305001258850098e-01
7.833158373832702637e-01
7.833011746406555176e-01
7.832865118980407715e-01
7.832716703414916992e-01
7.832569479942321777e-01
7.832422256469726562e-01
7.832275032997131348e-01
7.832127213478088379e-01
7.831981778144836426e-01
7.831832766532897949e-01
7.831687331199645996e-01
7.831539511680603027e-01
7.831391692161560059e-01
7.831245064735412598e-01
7.831097245216369629e-01
7.830952405929565430e-01
7.830805182456970215e-01
7.830657958984375000e-01
7.830510735511779785e-01
7.830363512039184570e-01
7.830218076705932617e-01
7.830070853233337402e-01
7.829924225807189941e-01
7.829776406288146973e-01
7.829629778861999512e-01
7.829484343528747559e-01
7.829337716102600098e-01
7.829190492630004883e-01
7.829045653343200684e-01
7.828897833824157715e-01
7.828751206398010254e-01
7.828605771064758301e-01
7.828459143638610840e-01
7.828311920166015625e-01
7.828165292739868164e-01
7.828020453453063965e-01
7.827873826026916504e-01
7.827728390693664551e-01
7.827581763267517090e-01
7.827435135841369629e-01
7.827289700508117676e-01
7.827143669128417969e-01
7.826996445655822754e-01
7.826851010322570801e-01
7.826704382896423340e-01
7.826558947563171387e-01
7.826413512229919434e-01
7.826266884803771973e-01
7.826122045516967773e-01
7.825975418090820312e-01
7.825830578804016113e-01
7.825683951377868652e-01
7.825537919998168945e-01
7.825393080711364746e-01
7.825246453285217285e-01
7.825102210044860840e-01
7.824955582618713379e-01
7.824811339378356934e-01
7.824664711952209473e-01
7.824520468711853027e-01
7.824373841285705566e-01
7.824229001998901367e-01
7.824082970619201660e-01
7.823938727378845215e-01
7.823792695999145508e-01
7.823647856712341309e-01
7.823501825332641602e-01
7.823356986045837402e-01
7.823213338851928711e-01
7.823067307472229004e-01
7.822923064231872559e-01
7.822776436805725098e-01
7.822632789611816406e-01
7.822486758232116699e-01
7.822342514991760254e-01
7.822198271751403809e-01
7.822052240371704102e-01
7.821908593177795410e-01
7.821763753890991211e-01
7.821618318557739258e-01
7.821474671363830566e-01
7.821330428123474121e-01
7.821184396743774414e-01
7.821039557456970215e-01
7.820895910263061523e-01
7.820750474929809570e-01
7.820606827735900879e-01
7.820462584495544434e-01
7.820318341255187988e-01
7.820172905921936035e-01
7.820029854774475098e-01
7.819885611534118652e-01
7.819740176200866699e-01
7.819597125053405762e-01
7.819452881813049316e-01
7.819309234619140625e-01
7.819165587425231934e-01
7.819021940231323242e-01
7.818876504898071289e-01
7.818732857704162598e-01
7.818589210510253906e-01
7.818446159362792969e-01
7.818302512168884277e-01
7.818158864974975586e-01
7.818013429641723633e-01
7.817869782447814941e-01
7.817726731300354004e-01
7.817583680152893066e-01
7.817440629005432129e-01
7.817296385765075684e-01
7.817153930664062500e-01
7.817010283470153809e-01
7.816867232322692871e-01
7.816724181175231934e-01
7.816581130027770996e-01
7.816436886787414551e-01
7.816295027732849121e-01
7.816151380538940430e-01
7.816007733345031738e-01
7.815865278244018555e-01
7.815722227096557617e-01
7.815579175949096680e-01
7.815436720848083496e-01
7.815293669700622559e-01
7.815150618553161621e-01
7.815007567405700684e-01
7.814865112304687500e-01
7.814722061157226562e-01
7.814579606056213379e-01
7.814436554908752441e-01
7.814294099807739258e-01
7.814151644706726074e-01
7.814010381698608398e-01
7.813867330551147461e-01
7.813724875450134277e-01
7.813581824302673340e-01
7.813439369201660156e-01
7.813296914100646973e-01
7.813154458999633789e-01
7.813013792037963867e-01
7.812871336936950684e-01
7.812728881835937500e-01
7.812587022781372070e-01
7.812446355819702148e-01
7.812303304672241211e-01
7.812160849571228027e-01
7.812018990516662598e-01
7.811878919601440430e-01
7.811736464500427246e-01
7.811594605445861816e-01
7.811452746391296387e-01
7.811312079429626465e-01
7.811170220375061035e-01
7.811029553413391113e-01
7.810887098312377930e-01
7.810745835304260254e-01
7.810603976249694824e-01
7.810463309288024902e-01
7.810321450233459473e-01
7.810181975364685059e-01
7.810040116310119629e-01
7.809900045394897461e-01
7.809758186340332031e-01
7.809616327285766602e-01
7.809476256370544434e-01
7.809334397315979004e-01
7.809194326400756836e-01
7.809053063392639160e-01
7.808913588523864746e-01
7.808771729469299316e-01
7.808629870414733887e-01
7.808490395545959473e-01
7.808350920677185059e-01
7.808209061622619629e-01
7.808069586753845215e-01
7.807927727699279785e-01
7.807788252830505371e-01
7.807649374008178711e-01
7.807507514953613281e-01
7.807368636131286621e-01
7.807226777076721191e-01
7.807087898254394531e-01
7.806947827339172363e-01
7.806807160377502441e-01
7.806667685508728027e-01
7.806528210639953613e-01
7.806388139724731445e-01
7.806248068809509277e-01
7.806109189987182617e-01
7.805968523025512695e-01
7.805829644203186035e-01
7.805689573287963867e-01
7.805551290512084961e-01
7.805410623550415039e-01
7.805271148681640625e-01
7.805132269859313965e-01
7.804993391036987305e-01
7.804852724075317383e-01
7.804713845252990723e-01
7.804574370384216309e-01
7.804436683654785156e-01
7.804297804832458496e-01
7.804157137870788574e-01
7.804017663002014160e-01
7.803879380226135254e-01
7.803741097450256348e-01
7.803602218627929688e-01
7.803463935852050781e-01
7.803325057029724121e-01
7.803186774253845215e-01
7.803048491477966309e-01
7.802909612655639648e-01
7.802771329879760742e-01
7.802633047103881836e-01
7.802494764328002930e-01
7.802356481552124023e-01
7.802218198776245117e-01
7.802078127861022949e-01
7.801941633224487305e-01
7.801803946495056152e-01
7.801665663719177246e-01
7.801527380943298340e-01
7.801389694213867188e-01
7.801252007484436035e-01
7.801113724708557129e-01
7.800975441932678223e-01
7.800837755203247070e-01
7.800701260566711426e-01
7.800561785697937012e-01
7.800425291061401367e-01
7.800288200378417969e-01
7.800150513648986816e-01
7.800012230873107910e-01
7.799875140190124512e-01
7.799739241600036621e-01
7.799601554870605469e-01
7.799463868141174316e-01
7.799327969551086426e-01
7.799190878868103027e-01
7.799053788185119629e-01
7.798915505409240723e-01
7.798778414726257324e-01
7.798643112182617188e-01
7.798505425453186035e-01
7.798370122909545898e-01
7.798233628273010254e-01
7.798095941543579102e-01
7.797960638999938965e-01
7.797822952270507812e-01
7.797687649726867676e-01
7.797550559043884277e-01
7.797414660453796387e-01
7.797278761863708496e-01
7.797141671180725098e-01
7.797006964683532715e-01
7.796869874000549316e-01
7.796734571456909180e-01
7.796598076820373535e-01
7.796462774276733398e-01
7.796326279640197754e-01
7.796191573143005371e-01
7.796054482460021973e-01
7.795919775962829590e-01
7.795783281326293945e-01
7.795648574829101562e-01
7.795513272285461426e-01
7.795377373695373535e-01
7.795242667198181152e-01
7.795106768608093262e-01
7.794970870018005371e-01
7.794836759567260742e-01
7.794700860977172852e-01
7.794566750526428223e-01
7.794431447982788086e-01
7.794295549392700195e-01
7.794161438941955566e-01
7.794026732444763184e-01
7.793892621994018555e-01
7.793756723403930664e-01
7.793622612953186035e-01
7.793487906455993652e-01
7.793353796005249023e-01
7.793217897415161133e-01
7.793083786964416504e-01
7.792950272560119629e-01
7.792816162109375000e-01
7.792682051658630371e-01
7.792548537254333496e-01
7.792414426803588867e-01
7.792280912399291992e-01
7.792145013809204102e-01
7.792011499404907227e-01
7.791877985000610352e-01
7.791743874549865723e-01
7.791610360145568848e-01
7.791476845741271973e-01
7.791343331336975098e-01
7.791209816932678223e-01
7.791076302528381348e-01
7.790942788124084473e-01
7.790809273719787598e-01
7.790675759315490723e-01
7.790542840957641602e-01
7.790411114692687988e-01
7.790275812149047852e-01
7.790144085884094238e-01
7.790011763572692871e-01
7.789878249168395996e-01
7.789744734764099121e-01
7.789612412452697754e-01
7.789478898048400879e-01
7.789346575736999512e-01
7.789215445518493652e-01
7.789082527160644531e-01
7.788949012756347656e-01
7.788816094398498535e-01
7.788684964179992676e-01
7.788553237915039062e-01
7.788420319557189941e-01
7.788287997245788574e-01
7.788156270980834961e-01
7.788023948669433594e-01
7.787891626358032227e-01
7.787761092185974121e-01
7.787628769874572754e-01
7.787495851516723633e-01
7.787365317344665527e-01
7.787232995033264160e-01
7.787101864814758301e-01
7.786970138549804688e-01
7.786838412284851074e-01
7.786707282066345215e-01
7.786575555801391602e-01
7.786445021629333496e-01
7.786312699317932129e-01
7.786182761192321777e-01
7.786051034927368164e-01
7.785921096801757812e-01
7.785789370536804199e-01
7.785658836364746094e-01
7.785528898239135742e-01
7.785397171974182129e-01
7.785266637802124023e-01
7.785135507583618164e-01
7.785005569458007812e-01
7.784876227378845215e-01
7.784743905067443848e-01
7.784613966941833496e-01
7.784484624862670898e-01
7.784352898597717285e-01
7.784223556518554688e-01
7.784094214439392090e-01
7.783962488174438477e-01
7.783833146095275879e-01
7.783703804016113281e-01
7.783574461936950684e-01
7.783443331718444824e-01
7.783313393592834473e-01
7.783184647560119629e-01
7.783055305480957031e-01
7.782925963401794434e-01
7.782796621322631836e-01
7.782667279243469238e-01
7.782536745071411133e-01
7.782407402992248535e-01
7.782278656959533691e-01
7.782149910926818848e-01
7.782021164894104004e-01
7.781891822814941406e-01
7.781763076782226562e-01
7.781634330749511719e-01
7.781505584716796875e-01
7.781376242637634277e-01
7.781248092651367188e-01
7.781119942665100098e-01
7.780990600585937500e-01
7.780862450599670410e-01
7.780734300613403320e-01
7.780604958534240723e-01
7.780477404594421387e-01
7.780350446701049805e-01
7.780221700668334961e-01
7.780094146728515625e-01
7.779965996742248535e-01
7.779837250709533691e-01
7.779709100723266602e-01
7.779583334922790527e-01
7.779454588890075684e-01
7.779326438903808594e-01
7.779198884963989258e-01
7.779073119163513184e-01
7.778944373130798340e-01
7.778816819190979004e-01
7.778691053390502930e-01
7.778563499450683594e-01
7.778434753417968750e-01
7.778307199478149414e-01
7.778182029724121094e-01
7.778054475784301758e-01
7.777928709983825684e-01
7.777801156044006348e-01
7.777675390243530273e-01
7.777547240257263184e-01
7.777420282363891602e-01
7.777294516563415527e-01
7.777166962623596191e-01
7.777041792869567871e-01
7.776914238929748535e-01
7.776789069175720215e-01
7.776662111282348633e-01
7.776536345481872559e-01
7.776409387588500977e-01
7.776284813880920410e-01
7.776159644126892090e-01
7.776032686233520508e-01
7.775907516479492188e-01
7.775782346725463867e-01
7.775655388832092285e-01
7.775530815124511719e-01
7.775405645370483398e-01
7.775278687477111816e-01
7.775154709815979004e-01
7.775029540061950684e-01
7.774904370307922363e-01
7.774778008460998535e-01
7.774653434753417969e-01
7.774528861045837402e-01
7.774404287338256836e-01
7.774278521537780762e-01
7.774153351783752441e-01
7.774028778076171875e-01
7.773905396461486816e-01
7.773780226707458496e-01
7.773656249046325684e-01
7.773532271385192871e-01
7.773407101631164551e-01
7.773283123970031738e-01
7.773157358169555664e-01
7.773033380508422852e-01
7.772911190986633301e-01
7.772787213325500488e-01
7.772663235664367676e-01
7.772537469863891602e-01
7.772413492202758789e-01
7.772291302680969238e-01
7.772167921066284180e-01
7.772044539451599121e-01
7.771920561790466309e-01
7.771796584129333496e-01
7.771673202514648438e-01
7.771549820899963379e-01
7.771425843238830566e-01
7.771303057670593262e-01
7.771181464195251465e-01
7.771057486534118652e-01
7.770933508872985840e-01
7.770810723304748535e-01
7.770689725875854492e-01
7.770565748214721680e-01
7.770442962646484375e-01
7.770320177078247070e-01
7.770198583602905273e-01
7.770075798034667969e-01
7.769953012466430664e-01
7.769831418991088867e-01
7.769708633422851562e-01
7.769585847854614258e-01
7.769464850425720215e-01
7.769342660903930664e-01
7.769221663475036621e-01
7.769098281860351562e-01
7.768978476524353027e-01
7.768855094909667969e-01
7.768734097480773926e-01
7.768611907958984375e-01
7.768489718437194824e-01
7.768368721008300781e-01
7.768247723579406738e-01
7.768126130104064941e-01
7.768005728721618652e-01
7.767883539199829102e-01
7.767763137817382812e-01
7.767640948295593262e-01
7.767520546913146973e-01
7.767400145530700684e-01
7.767280340194702148e-01
7.767158746719360352e-01
7.767038345336914062e-01
7.766917943954467773e-01
7.766796350479125977e-01
7.766676545143127441e-01
7.766556739807128906e-01
7.766436338424682617e-01
7.766317129135131836e-01
7.766195535659790039e-01
7.766074538230895996e-01
7.765955328941345215e-01
7.765836119651794434e-01
7.765714526176452637e-01
7.765596508979797363e-01
7.765475511550903320e-01
7.765358090400695801e-01
7.765236496925354004e-01
7.765117287635803223e-01
7.764998078346252441e-01
7.764878869056701660e-01
7.764759063720703125e-01
7.764640450477600098e-01
7.764521241188049316e-01
7.764402031898498535e-01
7.764282822608947754e-01
7.764163613319396973e-01
7.764045000076293945e-01
7.763927578926086426e-01
7.763807177543640137e-01
7.763690352439880371e-01
7.763571143150329590e-01
7.763453125953674316e-01
7.763333916664123535e-01
7.763215303421020508e-01
7.763098478317260742e-01
7.762979865074157715e-01
7.762861847877502441e-01
7.762743234634399414e-01
7.762624621391296387e-01
7.762507796287536621e-01
7.762389779090881348e-01
7.762271761894226074e-01
7.762154936790466309e-01
7.762036919593811035e-01
7.761920690536499023e-01
7.761802077293395996e-01
7.761684060096740723e-01
7.761567831039428711e-01
7.761450409889221191e-01
7.761333584785461426e-01
7.761216163635253906e-01
7.761100530624389648e-01
7.760981917381286621e-01
7.760864496231079102e-01
7.760748863220214844e-01
7.760630846023559570e-01
7.760515213012695312e-01
7.760399580001831055e-01
7.760282158851623535e-01
7.760166525840759277e-01
7.760049104690551758e-01
7.759932875633239746e-01
7.759818434715270996e-01
7.759700417518615723e-01
7.759584784507751465e-01
7.759467959403991699e-01
7.759353518486022949e-01
7.759237885475158691e-01
7.759122252464294434e-01
7.759007215499877930e-01
7.758890390396118164e-01
7.758775353431701660e-01
7.758659720420837402e-01
7.758545279502868652e-01
7.758428454399108887e-01
7.758312821388244629e-01
7.758198380470275879e-01
7.758083939552307129e-01
7.757968902587890625e-01
7.757853865623474121e-01
7.757739424705505371e-01
7.757624983787536621e-01
7.757510542869567871e-01
7.757395505905151367e-01
7.757281661033630371e-01
7.757166624069213867e-01
7.757052779197692871e-01
7.756937742233276367e-01
7.756823897361755371e-01
7.756709456443786621e-01
7.756595015525817871e-01
7.756480574607849121e-01
7.756366133689880371e-01
7.756252884864807129e-01
7.756138443946838379e-01
7.756026983261108398e-01
7.755913138389587402e-01
7.755798697471618652e-01
7.755685448646545410e-01
7.755571007728576660e-01
7.755458950996398926e-01
7.755345702171325684e-01
7.755231857299804688e-01
7.755118012428283691e-01
7.755004763603210449e-01
7.754892706871032715e-01
7.754779458045959473e-01
7.754667401313781738e-01
7.754554748535156250e-01
7.754441499710083008e-01
7.754329442977905273e-01
7.754216790199279785e-01
7.754102945327758789e-01
7.753992080688476562e-01
7.753879427909851074e-01
7.753767371177673340e-01
7.753656506538391113e-01
7.753543257713317871e-01
7.753430604934692383e-01
7.753319740295410156e-01
7.753206491470336914e-01
7.753096222877502441e-01
7.752985358238220215e-01
7.752872705459594727e-01
7.752761244773864746e-01
7.752649188041687012e-01
7.752538323402404785e-01
7.752427458763122559e-01
7.752317190170288086e-01
7.752204537391662598e-01
7.752093672752380371e-01
7.751983404159545898e-01
7.751873135566711426e-01
7.751761078834533691e-01
7.751650214195251465e-01
7.751540541648864746e-01
7.751428484916687012e-01
7.751317620277404785e-01
7.751207351684570312e-01
7.751098275184631348e-01
7.750988006591796875e-01
7.750877141952514648e-01
7.750768065452575684e-01
7.750656008720397949e-01
7.750548124313354492e-01
7.750435471534729004e-01
7.750326395034790039e-01
7.750216722488403320e-01
7.750107049942016602e-01
7.749997377395629883e-01
7.749887704849243164e-01
7.749778628349304199e-01
7.749670147895812988e-01
7.749561071395874023e-01
7.749451398849487305e-01
7.749342322349548340e-01
7.749232649803161621e-01
7.749124169349670410e-01
7.749014496803283691e-01
7.748907208442687988e-01
7.748798131942749023e-01
7.748688459396362305e-01
7.748579978942871094e-01
7.748470902442932129e-01
7.748361825942993164e-01
7.748255133628845215e-01
7.748145461082458496e-01
7.748036980628967285e-01
7.747928500175476074e-01
7.747821211814880371e-01
7.747712731361389160e-01
7.747606039047241211e-01
7.747496962547302246e-01
7.747391462326049805e-01
7.747282385826110840e-01
7.747173905372619629e-01
7.747067213058471680e-01
7.746959328651428223e-01
7.746852636337280273e-01
7.746744751930236816e-01
7.746635675430297852e-01
7.746530175209045410e-01
7.746423482894897461e-01
7.746315002441406250e-01
7.746208310127258301e-01
7.746101021766662598e-01
7.745994925498962402e-01
7.745887637138366699e-01
7.745780944824218750e-01
7.745675444602966309e-01
7.745566964149475098e-01
7.745462059974670410e-01
7.745355963706970215e-01
7.745250463485717773e-01
7.745142579078674316e-01
7.745037078857421875e-01
7.744930982589721680e-01
7.744825482368469238e-01
7.744718194007873535e-01
7.744612693786621094e-01
7.744507193565368652e-01
7.744402289390563965e-01
7.744295001029968262e-01
7.744190096855163574e-01
7.744084000587463379e-01
7.743979096412658691e-01
7.743874192237854004e-01
7.743768692016601562e-01
7.743663787841796875e-01
7.743558883666992188e-01
7.743453383445739746e-01
7.743348479270935059e-01
7.743244171142578125e-01
7.743139266967773438e-01
7.743034362792968750e-01
7.742929458618164062e-01
7.742825150489807129e-01
7.742720246315002441e-01
7.742615938186645508e-01
7.742511034011840820e-01
7.742408514022827148e-01
7.742304205894470215e-01
7.742199301719665527e-01
7.742096185684204102e-01
7.741991281509399414e-01
7.741888165473937988e-01
7.741784453392028809e-01
7.741680145263671875e-01
7.741575837135314941e-01
7.741473913192749023e-01
7.741369605064392090e-01
7.741265892982482910e-01
7.741163969039916992e-01
7.741059660911560059e-01
7.740955948829650879e-01
7.740854024887084961e-01
7.740750312805175781e-01
7.740646600723266602e-01
7.740544676780700684e-01
7.740441560745239258e-01
7.740339636802673340e-01
7.740235924720764160e-01
7.740134000778198242e-01
7.740030884742736816e-01
7.739929556846618652e-01
7.739825844764709473e-01
7.739723920822143555e-01
7.739621400833129883e-01
7.739520072937011719e-01
7.739416360855102539e-01
7.739315629005432129e-01
7.739214301109313965e-01
7.739112973213195801e-01
7.739010453224182129e-01
7.738908529281616211e-01
7.738806009292602539e-01
7.738705277442932129e-01
7.738603949546813965e-01
7.738503217697143555e-01
7.738400697708129883e-01
7.738299965858459473e-01
7.738198637962341309e-01
7.738097906112670898e-01
7.737997174263000488e-01
7.737895846366882324e-01
7.737794518470764160e-01
