1.783155500888824463e-01
1.730062961578369141e-01
1.674578785896301270e-01
1.615827381610870361e-01
1.552763283252716064e-01
1.484400629997253418e-01
1.410244703292846680e-01
1.330846548080444336e-01
1.248254776000976562e-01
1.166009008884429932e-01
1.088406145572662354e-01
1.019291877746582031e-01
9.610414505004882812e-02
9.142351150512695312e-02
8.780261874198913574e-02
8.507916331291198730e-02
8.307117223739624023e-02
8.161133527755737305e-02
8.056122064590454102e-02
7.981261610984802246e-02
7.928246259689331055e-02
7.890549302101135254e-02
7.862666249275207520e-02
7.839253544807434082e-02
7.814320921897888184e-02
7.780399918556213379e-02
7.727783918380737305e-02
7.644388079643249512e-02
7.517105340957641602e-02
7.335770130157470703e-02
7.099908590316772461e-02
6.825146079063415527e-02
6.542870402336120605e-02
6.289586424827575684e-02
6.092613935470581055e-02
5.962386727333068848e-02
5.894717574119567871e-02
5.877614021301269531e-02
5.896922945976257324e-02
5.938997864723205566e-02
5.990681052207946777e-02
6.037235260009765625e-02
6.058514118194580078e-02
6.023937463760375977e-02
5.891671776771545410e-02
5.626809597015380859e-02
5.248498916625976562e-02
4.853814840316772461e-02
4.547101259231567383e-02
4.360309243202209473e-02
4.266899824142456055e-02
4.229313135147094727e-02
4.220482707023620605e-02
4.224926233291625977e-02
4.234740138053894043e-02
4.246088862419128418e-02
4.257285594940185547e-02
4.267627000808715820e-02
4.276898503303527832e-02
4.285123944282531738e-02
4.292401671409606934e-02
4.298892617225646973e-02
4.304739832878112793e-02
4.310125112533569336e-02
4.315194487571716309e-02
4.320132732391357422e-02
4.325085878372192383e-02
4.330259561538696289e-02
4.335829615592956543e-02
4.342034459114074707e-02
4.349133372306823730e-02
4.357424378395080566e-02
4.367271065711975098e-02
4.379126429557800293e-02
4.393491148948669434e-02
4.411023855209350586e-02
4.432463645935058594e-02
4.458707571029663086e-02
4.490801692008972168e-02
4.529929161071777344e-02
4.577410221099853516e-02
4.634672403335571289e-02
4.703173041343688965e-02
4.784274101257324219e-02
4.879140853881835938e-02
4.988497495651245117e-02
5.112475156784057617e-02
5.250409245491027832e-02
5.400666594505310059e-02
5.560716986656188965e-02
5.727165937423706055e-02
5.896109342575073242e-02
6.063440442085266113e-02
6.225308775901794434e-02
6.378439068794250488e-02
6.520366668701171875e-02
6.649535894393920898e-02
6.765276193618774414e-02
6.867626309394836426e-02
6.957203149795532227e-02
7.034984230995178223e-02
7.102164626121520996e-02
7.160040736198425293e-02
7.209858298301696777e-02
7.252815365791320801e-02
7.290008664131164551e-02
7.322400808334350586e-02
7.350832223892211914e-02
7.376039028167724609e-02
7.398641109466552734e-02
7.419157028198242188e-02
7.438042759895324707e-02
7.455676794052124023e-02
7.472372055053710938e-02
7.488411664962768555e-02
7.504034042358398438e-02
7.519429922103881836e-02
7.534798979759216309e-02
7.550296187400817871e-02
7.566070556640625000e-02
7.582265138626098633e-02
7.599011063575744629e-02
7.616454362869262695e-02
7.634717226028442383e-02
7.653927803039550781e-02
7.674235105514526367e-02
7.695794105529785156e-02
7.718753814697265625e-02
7.743287086486816406e-02
7.769572734832763672e-02
7.797825336456298828e-02
7.828262448310852051e-02
7.861131429672241211e-02
7.896706461906433105e-02
7.935291528701782227e-02
7.977223396301269531e-02
8.022886514663696289e-02
8.072695136070251465e-02
8.127138018608093262e-02
8.186736702919006348e-02
8.252096176147460938e-02
8.323892951011657715e-02
8.402875065803527832e-02
8.489906787872314453e-02
8.585938811302185059e-02
8.692061901092529297e-02
8.809500932693481445e-02
8.939623832702636719e-02
9.083983302116394043e-02
9.244331717491149902e-02
9.422612190246582031e-02
9.621047973632812500e-02
9.842106699943542480e-02
1.008853614330291748e-01
1.036342382431030273e-01
1.067016422748565674e-01
1.101251542568206787e-01
1.139459311962127686e-01
1.182084083557128906e-01
1.229605972766876221e-01
1.282530128955841064e-01
1.341379582881927490e-01
1.406686604022979736e-01
1.478975415229797363e-01
1.558735370635986328e-01
1.646398007869720459e-01
1.742305457592010498e-01
1.846664249897003174e-01
1.959520876407623291e-01
2.080712914466857910e-01
2.209842503070831299e-01
2.346252799034118652e-01
2.489022314548492432e-01
2.636972665786743164e-01
2.788709402084350586e-01
2.942672967910766602e-01
3.097210824489593506e-01
3.250660002231597900e-01
3.401436507701873779e-01
3.548108041286468506e-01
3.689467906951904297e-01
3.824579417705535889e-01
3.952791094779968262e-01
4.073740839958190918e-01
4.187328219413757324e-01
4.293683171272277832e-01
4.393106102943420410e-01
4.486032426357269287e-01
4.572978019714355469e-01
4.654498696327209473e-01
4.731158912181854248e-01
4.803503155708312988e-01
4.872033894062042236e-01
4.937207102775573730e-01
4.999414384365081787e-01
5.058985352516174316e-01
5.116180777549743652e-01
5.171195864677429199e-01
5.224164128303527832e-01
5.275163054466247559e-01
5.324224829673767090e-01
5.371343493461608887e-01
5.416491031646728516e-01
5.459626913070678711e-01
5.500711202621459961e-01
5.539718866348266602e-01
5.576642155647277832e-01
5.611507296562194824e-01
5.644369125366210938e-01
5.675321817398071289e-01
5.704490542411804199e-01
5.732032656669616699e-01
5.758132934570312500e-01
5.782994031906127930e-01
5.806832909584045410e-01
5.829870700836181641e-01
5.852324962615966797e-01
5.874403119087219238e-01
5.896295905113220215e-01
5.918174386024475098e-01
5.940181016921997070e-01
5.962431430816650391e-01
5.985010862350463867e-01
6.007968783378601074e-01
6.031330823898315430e-01
6.055087447166442871e-01
6.079201698303222656e-01
6.103615164756774902e-01
6.128245592117309570e-01
6.152994036674499512e-01
6.177746057510375977e-01
6.202380061149597168e-01
6.226767897605895996e-01
6.250779032707214355e-01
6.274287700653076172e-01
6.297172904014587402e-01
6.319321990013122559e-01
6.340634822845458984e-01
6.361024975776672363e-01
6.380419731140136719e-01
6.398762464523315430e-01
6.416012644767761230e-01
6.432141065597534180e-01
6.447138786315917969e-01
6.461005210876464844e-01
6.473751664161682129e-01
6.485402584075927734e-01
6.495988368988037109e-01
6.505545377731323242e-01
6.514118313789367676e-01
6.521753072738647461e-01
6.528497934341430664e-01
6.534405946731567383e-01
6.539525985717773438e-01
6.543909311294555664e-01
6.547604203224182129e-01
6.550660133361816406e-01
6.553120613098144531e-01
6.555030345916748047e-01
6.556428670883178711e-01
6.557356715202331543e-01
