1.375504136085510254e-01
1.375508010387420654e-01
1.375512182712554932e-01
1.375516355037689209e-01
1.375520825386047363e-01
1.375525593757629395e-01
1.375530362129211426e-01
1.375535130500793457e-01
1.375540196895599365e-01
1.375544965267181396e-01
1.375550329685211182e-01
1.375555396080017090e-01
1.375561356544494629e-01
1.375567018985748291e-01
1.375572979450225830e-01
1.375578939914703369e-01
1.375585496425628662e-01
1.375592052936553955e-01
1.375598907470703125e-01
1.375606060028076172e-01
1.375613212585449219e-01
1.375620663166046143e-01
1.375628709793090820e-01
1.375636458396911621e-01
1.375645399093627930e-01
1.375654339790344238e-01
1.375663578510284424e-01
1.375672519207000732e-01
1.375682950019836426e-01
1.375693380832672119e-01
1.375704407691955566e-01
1.375715732574462891e-01
1.375727653503417969e-01
1.375740468502044678e-01
1.375754177570343018e-01
1.375767588615417480e-01
1.375782489776611328e-01
1.375797986984252930e-01
1.375814080238342285e-01
1.375831365585327148e-01
1.375849545001983643e-01
1.375868916511535645e-01
1.375890076160430908e-01
1.375911831855773926e-01
1.375935375690460205e-01
1.375960409641265869e-01
1.375987529754638672e-01
1.376016736030578613e-01
1.376048922538757324e-01
1.376082301139831543e-01
1.376120448112487793e-01
1.376160681247711182e-01
1.376205384731292725e-01
1.376253962516784668e-01
1.376308500766754150e-01
1.376367509365081787e-01
1.376434266567230225e-01
1.376508474349975586e-01
1.376592814922332764e-01
1.376687884330749512e-01
1.376796364784240723e-01
1.376921236515045166e-01
1.377066075801849365e-01
1.377234756946563721e-01
1.377435624599456787e-01
1.377675235271453857e-01
1.377967596054077148e-01
1.378329694271087646e-01
1.378790140151977539e-01
1.379390656948089600e-01
1.380201876163482666e-01
1.381342709064483643e-01
1.383027136325836182e-01
1.385650932788848877e-01
1.389996409416198730e-01
1.397661566734313965e-01
1.412041187286376953e-01
1.440390348434448242e-01
1.497287452220916748e-01
1.605330109596252441e-01
1.774724721908569336e-01
1.959953308105468750e-01
2.089833617210388184e-01
2.151502370834350586e-01
2.170049846172332764e-01
2.159661650657653809e-01
2.109007537364959717e-01
1.979785263538360596e-01
1.746352910995483398e-01
1.491111218929290771e-01
1.331461966037750244e-01
1.274783313274383545e-01
1.292956173419952393e-01
1.394454538822174072e-01
1.595568656921386719e-01
1.822668015956878662e-01
1.971601247787475586e-01
2.042224407196044922e-01
2.074644267559051514e-01
2.093283534049987793e-01
2.108387947082519531e-01
2.124130427837371826e-01
2.142517268657684326e-01
2.164838612079620361e-01
2.192179560661315918e-01
2.225595116615295410e-01
2.266191542148590088e-01
2.315189838409423828e-01
2.374024689197540283e-01
2.444435060024261475e-01
2.528513669967651367e-01
2.628571987152099609e-01
2.746746540069580078e-01
2.884421646595001221e-01
3.042011857032775879e-01
3.219817578792572021e-01
3.419362306594848633e-01
3.642005324363708496e-01
3.883460462093353271e-01
4.132452309131622314e-01
4.381105899810791016e-01
4.631465077400207520e-01
4.885523021221160889e-01
5.138330459594726562e-01
5.378087162971496582e-01
5.591297149658203125e-01
5.773863196372985840e-01
5.927980542182922363e-01
6.054617762565612793e-01
6.155060529708862305e-01
6.233499050140380859e-01
6.296292543411254883e-01
6.350495815277099609e-01
6.403114199638366699e-01
6.460812687873840332e-01
6.529506444931030273e-01
6.613470315933227539e-01
6.713899374008178711e-01
6.827656030654907227e-01
6.947801113128662109e-01
7.066823244094848633e-01
7.180287837982177734e-01
7.286735773086547852e-01
7.383733391761779785e-01
7.467216849327087402e-01
7.536369562149047852e-01
7.595260739326477051e-01
7.649828791618347168e-01
7.705946564674377441e-01
7.768321037292480469e-01
7.838541269302368164e-01
7.915542125701904297e-01
7.998672127723693848e-01
8.088527917861938477e-01
8.183662891387939453e-01
8.278422355651855469e-01
8.367611169815063477e-01
8.450533151626586914e-01
8.527257442474365234e-01
8.596267104148864746e-01
8.657565116882324219e-01
8.713457584381103516e-01
8.766757249832153320e-01
8.819525241851806641e-01
8.872512578964233398e-01
8.926198482513427734e-01
8.981609344482421875e-01
9.039328098297119141e-01
9.098980426788330078e-01
9.159803390502929688e-01
9.220736026763916016e-01
9.280366301536560059e-01
9.337050914764404297e-01
9.389569759368896484e-01
9.437787532806396484e-01
9.481334686279296875e-01
9.518982172012329102e-01
9.550210237503051758e-01
9.575688242912292480e-01
9.596124887466430664e-01
9.611760377883911133e-01
9.622763395309448242e-01
9.629432559013366699e-01
9.632340669631958008e-01
9.632626771926879883e-01
9.631781578063964844e-01
9.630978107452392578e-01
9.630771875381469727e-01
9.631361961364746094e-01
9.632953405380249023e-01
9.635952711105346680e-01
9.640950560569763184e-01
9.648289084434509277e-01
9.657251238822937012e-01
9.665807485580444336e-01
9.671908617019653320e-01
9.674685597419738770e-01
9.674009084701538086e-01
9.669704437255859375e-01
9.661931991577148438e-01
9.651916623115539551e-01
9.640985727310180664e-01
9.629741907119750977e-01
9.619355201721191406e-01
9.611922502517700195e-01
9.609017372131347656e-01
9.611119031906127930e-01
9.618202447891235352e-01
9.629857540130615234e-01
9.644590616226196289e-01
9.659677147865295410e-01
9.672505855560302734e-01
9.681833982467651367e-01
9.687396883964538574e-01
9.688633680343627930e-01
9.683824777603149414e-01
9.670962095260620117e-01
9.652063846588134766e-01
9.633930921554565430e-01
9.620515704154968262e-01
9.611153602600097656e-01
9.603995084762573242e-01
9.597668647766113281e-01
9.591430425643920898e-01
9.584977626800537109e-01
9.578315019607543945e-01
9.571684002876281738e-01
9.565529823303222656e-01
9.560490846633911133e-01
9.557410478591918945e-01
9.557324647903442383e-01
9.561247825622558594e-01
9.569412469863891602e-01
9.580158591270446777e-01
9.590188264846801758e-01
9.596800208091735840e-01
9.598917961120605469e-01
9.595428109169006348e-01
9.583214521408081055e-01
9.559564590454101562e-01
9.531611204147338867e-01
9.512656927108764648e-01
9.506003260612487793e-01
9.510236978530883789e-01
9.527242183685302734e-01
9.553667306900024414e-01
9.574422240257263184e-01
9.583021402359008789e-01
9.582977294921875000e-01
9.576432704925537109e-01
9.563300609588623047e-01
9.544777870178222656e-01
9.525053501129150391e-01
9.507777690887451172e-01
9.492531418800354004e-01
9.475926160812377930e-01
9.454409480094909668e-01
9.426779150962829590e-01
9.395397901535034180e-01
9.364420175552368164e-01
9.336547851562500000e-01
