-3.316271603107452393e-01
-3.306235969066619873e-01
-3.295102417469024658e-01
-3.282721638679504395e-01
-3.268925249576568604e-01
-3.253513872623443604e-01
-3.236266076564788818e-01
-3.216922879219055176e-01
-3.195191323757171631e-01
-3.170739412307739258e-01
-3.143186867237091064e-01
-3.112112283706665039e-01
-3.077045977115631104e-01
-3.037463724613189697e-01
-2.992803752422332764e-01
-2.942457199096679688e-01
-2.885791659355163574e-01
-2.822158038616180420e-01
-2.750910520553588867e-01
-2.671449780464172363e-01
-2.583230733871459961e-01
-2.485836148262023926e-01
-2.378990650177001953e-01
-2.262616306543350220e-01
-2.136861830949783325e-01
-2.002156376838684082e-01
-1.859148889780044556e-01
-1.708773970603942871e-01
-1.552135348320007324e-01
-1.390488743782043457e-01
-1.225119680166244507e-01
-1.057296842336654663e-01
-8.881337940692901611e-02
-7.185757160186767578e-02
-5.493517220020294189e-02
-3.809718787670135498e-02
-2.137241512537002563e-02
-4.775442183017730713e-03
1.168866455554962158e-02
2.802553027868270874e-02
4.424154758453369141e-02
6.034290790557861328e-02
7.633587718009948730e-02
9.222206473350524902e-02
1.080010682344436646e-01
1.236672550439834595e-01
1.392077505588531494e-01
1.546004265546798706e-01
1.698119342327117920e-01
1.847929507493972778e-01
1.994796395301818848e-01
2.137924432754516602e-01
2.276376485824584961e-01
2.409172356128692627e-01
2.535319030284881592e-01
2.653921246528625488e-01
2.764233052730560303e-01
2.865732312202453613e-01
2.958114743232727051e-01
3.041312694549560547e-01
3.115435242652893066e-01
3.180746734142303467e-01
3.237599432468414307e-01
3.286384940147399902e-01
3.327484428882598877e-01
3.361226320266723633e-01
3.387859165668487549e-01
3.407518565654754639e-01
3.420202732086181641e-01
3.425755798816680908e-01
3.423844575881958008e-01
3.413938581943511963e-01
3.395298421382904053e-01
3.366963565349578857e-01
3.327754139900207520e-01
3.276304900646209717e-01
3.211114704608917236e-01
3.130661845207214355e-01
3.033578693866729736e-01
2.918840348720550537e-01
2.786029279232025146e-01
2.635507285594940186e-01
2.468506991863250732e-01
2.287089526653289795e-01
2.093875706195831299e-01
1.891743540763854980e-01
1.683521270751953125e-01
1.471718549728393555e-01
1.258445829153060913e-01
1.045419871807098389e-01
8.340406417846679688e-02
6.255149841308593750e-02
4.209488630294799805e-02
2.214477956295013428e-02
2.816021442413330078e-03
-1.576360873878002167e-02
-3.345138579607009888e-02
-5.008063837885856628e-02
-6.545904278755187988e-02
-7.936313003301620483e-02
-9.153778851032257080e-02
-1.017052680253982544e-01
-1.095784753561019897e-01
-1.148880869150161743e-01
-1.174148470163345337e-01
-1.170195341110229492e-01
-1.136585026979446411e-01
-1.073786914348602295e-01
-9.828910976648330688e-02
-8.652655035257339478e-02
-7.222060114145278931e-02
-5.547975376248359680e-02
-3.639423102140426636e-02
-1.505315303802490234e-02
8.426271378993988037e-03
3.387212753295898438e-02
6.102957576513290405e-02
8.955256640911102295e-02
1.190058887004852295e-01
1.488862633705139160e-01
1.786665469408035278e-01
2.078453302383422852e-01
2.359997928142547607e-01
2.628239989280700684e-01
2.881511151790618896e-01
3.119448721408843994e-01
3.342745602130889893e-01
3.552719354629516602e-01
3.750875890254974365e-01
3.938544988632202148e-01
4.116624891757965088e-01
4.285549223423004150e-01
4.445368051528930664e-01
4.595928490161895752e-01
4.737059772014617920e-01
4.868699014186859131e-01
4.990949332714080811e-01
5.104074478149414062e-01
5.208474397659301758e-01
5.304647684097290039e-01
5.393160581588745117e-01
5.474617481231689453e-01
5.549651384353637695e-01
5.618903636932373047e-01
5.683012008666992188e-01
5.742602348327636719e-01
5.798281431198120117e-01
5.850633382797241211e-01
5.900210142135620117e-01
5.947539806365966797e-01
5.993112325668334961e-01
6.037389039993286133e-01
6.080796718597412109e-01
6.123727560043334961e-01
6.166536808013916016e-01
6.209542751312255859e-01
6.253021955490112305e-01
6.297203302383422852e-01
6.342266798019409180e-01
6.388335227966308594e-01
6.435462236404418945e-01
6.483632326126098633e-01
6.532747745513916016e-01
6.582623720169067383e-01
6.632995605468750000e-01
6.683503389358520508e-01
6.733709573745727539e-01
6.783102750778198242e-01
6.831125020980834961e-01
6.877173185348510742e-01
6.920642852783203125e-01
6.960929632186889648e-01
6.997467279434204102e-01
7.029721736907958984e-01
7.057218551635742188e-01
7.079529762268066406e-01
7.096281051635742188e-01
7.107142210006713867e-01
7.111828327178955078e-01
7.110108137130737305e-01
7.101820707321166992e-01
7.086896896362304688e-01
7.065398693084716797e-01
7.037558555603027344e-01
7.003806829452514648e-01
6.964796781539916992e-01
6.921393871307373047e-01
6.874635219573974609e-01
6.825678348541259766e-01
6.775714159011840820e-01
6.725879907608032227e-01
6.677194833755493164e-01
6.630499362945556641e-01
6.586432456970214844e-01
6.545426845550537109e-01
6.507724523544311523e-01
6.473405361175537109e-01
6.442419290542602539e-01
6.414624452590942383e-01
6.389808654785156250e-01
6.367720365524291992e-01
6.348080635070800781e-01
6.330600976943969727e-01
6.314983367919921875e-01
6.300928592681884766e-01
6.288119554519653320e-01
6.276228427886962891e-01
6.264884471893310547e-01
6.253666877746582031e-01
6.242055892944335938e-01
6.229401826858520508e-01
6.214854717254638672e-01
6.197291612625122070e-01
6.175216436386108398e-01
6.146659851074218750e-01
6.109110116958618164e-01
6.059523820877075195e-01
5.994582176208496094e-01
5.911310911178588867e-01
5.808225870132446289e-01
5.686757564544677734e-01
5.552325248718261719e-01
5.413960218429565430e-01
5.282095670700073242e-01
5.165446996688842773e-01
5.068846940994262695e-01
4.992969334125518799e-01
4.935542047023773193e-01
4.892903268337249756e-01
4.861224591732025146e-01
4.837144911289215088e-01
4.817999303340911865e-01
4.801798760890960693e-01
4.787125289440155029e-01
4.773000180721282959e-01
4.758760631084442139e-01
4.743956029415130615e-01
4.728247821331024170e-01
4.711332023143768311e-01
4.692842662334442139e-01
4.672282636165618896e-01
4.648936688899993896e-01
4.621805250644683838e-01
4.589537084102630615e-01
4.550416171550750732e-01
4.502387046813964844e-01
4.443230330944061279e-01
4.370892941951751709e-01
4.284068048000335693e-01
4.182880520820617676e-01
4.069542884826660156e-01
3.948501348495483398e-01
3.825847208499908447e-01
3.708034753799438477e-01
3.600450456142425537e-01
3.506450951099395752e-01
3.427211344242095947e-01
3.362151980400085449e-01
3.309652805328369141e-01
3.267662823200225830e-01
3.234144151210784912e-01
