5.429866723716259003e-05
5.628215149044990540e-05
5.824270192533731461e-05
6.018020212650299072e-05
6.209488492459058762e-05
6.398756522685289383e-05
6.585870869457721710e-05
6.770773325115442276e-05
6.953568663448095322e-05
7.134268525987863541e-05
7.312907837331295013e-05
7.489533163607120514e-05
7.664225995540618896e-05
7.836916483938694000e-05
8.007709402590990067e-05
8.176651317626237869e-05
8.343777153640985489e-05
8.509121835231781006e-05
8.672685362398624420e-05
8.834572508931159973e-05
8.994794916361570358e-05
9.153399150818586349e-05
9.310396853834390640e-05
9.465869516134262085e-05
9.619852062314748764e-05
9.772391058504581451e-05
9.923463221639394760e-05
1.007321989163756371e-04
1.022160286083817482e-04
1.036871690303087234e-04
1.051456201821565628e-04
1.065923133864998817e-04
1.080272486433386803e-04
1.094507751986384392e-04
1.108638243749737740e-04
1.122663961723446846e-04
1.136588398367166519e-04
1.150418538600206375e-04
1.164157874882221222e-04
1.177807571366429329e-04
1.191378105431795120e-04
1.204864820465445518e-04
1.218279357999563217e-04
1.231622882187366486e-04
1.244900049641728401e-04
1.258108532056212425e-04
1.271264627575874329e-04
1.284363679587841034e-04
1.297412673011422157e-04
1.310412771999835968e-04
1.323370961472392082e-04
1.336290733888745308e-04
1.349174417555332184e-04
1.362028997391462326e-04
1.374854473397135735e-04
1.387654338032007217e-04
1.400439068675041199e-04
1.413202844560146332e-04
1.425956143066287041e-04
1.438703620806336403e-04
1.451442949473857880e-04
1.464184606447815895e-04
1.476928591728210449e-04
1.489678397774696350e-04
1.502437517046928406e-04
1.515214098617434502e-04
1.528005814179778099e-04
1.540821976959705353e-04
1.553662586957216263e-04
1.566533464938402176e-04
1.579434610903263092e-04
1.592373009771108627e-04
1.605352154001593590e-04
1.618375536054372787e-04
1.631447812542319298e-04
1.644568983465433121e-04
1.657747197896242142e-04
1.670984784141182899e-04
1.684282906353473663e-04
1.697650877758860588e-04
1.711084041744470596e-04
1.724595203995704651e-04
1.738179707899689674e-04
1.751848030835390091e-04
1.765600172802805901e-04
1.779443118721246719e-04
1.793378032743930817e-04
1.807409571483731270e-04
1.821541227400302887e-04
1.835776492953300476e-04
1.850121770985424519e-04
1.864577061496675014e-04
1.879151095636188984e-04
1.893841545097529888e-04
1.908658305183053017e-04
1.923600793816149235e-04
1.938675995916128159e-04
1.953887403942644596e-04
1.969239092431962490e-04
1.984735717996954918e-04
2.000379026867449284e-04
2.016174839809536934e-04
2.032128395512700081e-04
2.048242604359984398e-04
2.064520958811044693e-04
2.080969279631972313e-04
2.097592223435640335e-04
2.114392118528485298e-04
2.131375367753207684e-04
2.148544881492853165e-04
2.165907062590122223e-04
2.183465403504669666e-04
2.201223396696150303e-04
2.219186280854046345e-04
2.237359876744449139e-04
2.255748258903622627e-04
2.274356083944439888e-04
2.293188008479773998e-04
2.312248107045888901e-04
2.331544528715312481e-04
2.351077273488044739e-04
2.370854490436613560e-04
2.390880254097282887e-04
2.411160385236144066e-04
2.431699540466070175e-04
2.452501212246716022e-04
2.473574131727218628e-04
2.494919463060796261e-04
2.516546519473195076e-04
2.538455300964415073e-04
2.560655702836811543e-04
2.583153545856475830e-04
2.605949412100017071e-04
2.629053196869790554e-04
2.652468392625451088e-04
2.676201402209699154e-04
2.700256300158798695e-04
2.724640071392059326e-04
2.749356790445744991e-04
2.774412860162556171e-04
2.799814101308584213e-04
2.825565752573311329e-04
2.851673634722828865e-04
2.878143568523228168e-04
2.904979046434164047e-04
2.932188799604773521e-04
2.959776902571320534e-04
2.987749758176505566e-04
3.016110858879983425e-04
3.044866607524454594e-04
3.074022824876010418e-04
3.103585331700742245e-04
3.133557620458304882e-04
3.163949004374444485e-04
3.194761229678988457e-04
3.225999535061419010e-04
3.257672651670873165e-04
3.289781161583960056e-04
3.322333795949816704e-04
3.355333465151488781e-04
3.388783661648631096e-04
3.422691952437162399e-04
3.457061247900128365e-04
3.491896204650402069e-04
3.527201479300856590e-04
3.562980564311146736e-04
3.599236952140927315e-04
3.635977045632898808e-04
3.673200844787061214e-04
3.710915334522724152e-04
3.749120514839887619e-04
3.787820460274815559e-04
3.827018663287162781e-04
3.866715705953538418e-04
3.906916244886815548e-04
3.947620280086994171e-04
3.988830139860510826e-04
4.030547570437192917e-04
4.072771989740431309e-04
4.115506890229880810e-04
4.158748197369277477e-04
4.202499985694885254e-04
4.246758762747049332e-04
4.291526274755597115e-04
4.336798447184264660e-04
4.382575280033051968e-04
4.428856191225349903e-04
4.475634777918457985e-04
4.522911622188985348e-04
4.570680903270840645e-04
4.618939710780978203e-04
4.667683388106524944e-04
4.716907278634607792e-04
4.766605561599135399e-04
4.816772416234016418e-04
4.867398529313504696e-04
4.918481572531163692e-04
4.970011068508028984e-04
5.021978868171572685e-04
5.074376822449266911e-04
5.127195618115365505e-04
5.180426524020731449e-04
5.234054988250136375e-04
5.288075772114098072e-04
5.342472577467560768e-04
5.397234344854950905e-04
5.452350014820694923e-04
5.507806781679391861e-04
5.563587183132767677e-04
5.619680159725248814e-04
5.676068249158561230e-04
5.732739227823913097e-04
5.789675633423030376e-04
5.846862331964075565e-04
5.904280114918947220e-04
5.961914430372416973e-04
6.019747233949601650e-04
6.077755824662744999e-04
6.135928560979664326e-04
6.194245070219039917e-04
6.252682651393115520e-04
6.311225588433444500e-04
6.369854672811925411e-04
6.428545457310974598e-04
6.487283972091972828e-04
6.546047516167163849e-04
6.604813970625400543e-04
6.663564126938581467e-04
6.722279940731823444e-04
6.780936964787542820e-04
6.839518900960683823e-04
6.898002466186881065e-04
6.956367287784814835e-04
7.014593575149774551e-04
7.072663865983486176e-04
7.130552548915147781e-04
7.188245654106140137e-04
7.245719898492097855e-04
7.302962476387619972e-04
7.359947776421904564e-04
7.416659500449895859e-04
7.473083096556365490e-04
7.529191207140684128e-04
7.584977429360151291e-04
7.640421390533447266e-04
7.695503882132470608e-04
7.750215008854866028e-04
7.804536726325750351e-04
7.858453900553286076e-04
7.911954307928681374e-04
7.965022232383489609e-04
8.017645450308918953e-04
8.069811156019568443e-04
8.121513528749346733e-04
8.172733942046761513e-04
8.223469485528767109e-04
8.273703861050307751e-04
8.323432411998510361e-04
8.372644660994410515e-04
8.421333041042089462e-04
8.469492313452064991e-04
