8.751941495575010777e-04
8.797910413704812527e-04
8.890984463505446911e-04
9.031558292917907238e-04
9.193245787173509598e-04
9.332079789601266384e-04
9.417932014912366867e-04
9.452609228901565075e-04
9.470779914408922195e-04
9.537662263028323650e-04
9.693086030893027782e-04
9.878404671326279640e-04
1.002110890112817287e-03
1.011646934784948826e-03
1.019089249894022942e-03
1.026853569783270359e-03
1.036692992784082890e-03
1.049822662025690079e-03
1.066526281647384167e-03
1.085468684323132038e-03
1.103893388062715530e-03
1.119348919019103050e-03
1.131392549723386765e-03
1.142116612754762173e-03
1.156225684098899364e-03
1.176712801679968834e-03
1.196421217173337936e-03
1.210019574500620365e-03
1.218983088620007038e-03
1.225849962793290615e-03
1.231788890436291695e-03
1.237440505065023899e-03
1.244318671524524689e-03
1.256513758562505245e-03
1.275131246075034142e-03
1.289331936277449131e-03
1.296082162298262119e-03
1.301949145272374153e-03
1.316595356911420822e-03
1.346301985904574394e-03
1.369839301332831383e-03
1.381859998218715191e-03
1.391841797158122063e-03
1.403926173225045204e-03
1.418886124156415462e-03
1.435623154975473881e-03
1.452437369152903557e-03
1.471319235861301422e-03
1.500749844126403332e-03
1.524901133961975574e-03
1.534206559881567955e-03
1.540170400403439999e-03
1.548491301946341991e-03
1.562144840136170387e-03
1.578468712978065014e-03
1.590247615240514278e-03
1.596697256900370121e-03
1.600728952325880527e-03
1.604092307388782501e-03
1.607537851668894291e-03
1.611464889720082283e-03
1.615986693650484085e-03
1.620832132175564766e-03
1.625604694709181786e-03
1.630196580663323402e-03
1.634899177588522434e-03
1.640256494283676147e-03
1.646721153520047665e-03
1.654175925068557262e-03
1.661692047491669655e-03
1.668122946284711361e-03
1.672966871410608292e-03
1.676480984315276146e-03
1.679241308011114597e-03
1.681821420788764954e-03
1.684646587818861008e-03
1.687853480689227581e-03
1.691211247816681862e-03
1.694312784820795059e-03
1.696951454505324364e-03
1.699207467027008533e-03
1.701224362477660179e-03
1.703083049505949020e-03
1.704828697256743908e-03
1.706481096334755421e-03
1.708034193143248558e-03
1.709476229734718800e-03
1.710789976641535759e-03
1.711982884444296360e-03
1.713072648271918297e-03
1.714098849333822727e-03
1.715110149234533310e-03
1.716176629997789860e-03
1.717378851026296616e-03
1.718824845738708973e-03
1.720635569654405117e-03
1.722908345982432365e-03
1.725635025650262833e-03
1.728609437122941017e-03
1.731503289192914963e-03
1.734065124765038490e-03
1.736234058625996113e-03
1.738081453368067741e-03
1.739716157317161560e-03
1.741238054819405079e-03
1.742722350172698498e-03
1.744221197441220284e-03
1.745765213854610920e-03
1.747364993207156658e-03
1.749007380567491055e-03
1.750668277963995934e-03
1.752306590788066387e-03
1.753883785568177700e-03
1.755369594320654869e-03
1.756752259097993374e-03
1.758040511049330235e-03
1.759268459863960743e-03
1.760474639013409615e-03
1.761699561029672623e-03
1.762973610311746597e-03
1.764316810294985771e-03
1.765726483426988125e-03
1.767198904417455196e-03
1.768713700585067272e-03
1.770248287357389927e-03
1.771781709976494312e-03
1.773292780853807926e-03
1.774769742041826248e-03
1.776204677298665047e-03
1.777589321136474609e-03
1.778925885446369648e-03
1.780214952304959297e-03
1.781461876817047596e-03
1.782671432010829449e-03
1.783848740160465240e-03
1.785000436939299107e-03
1.786129898391664028e-03
1.787243061698973179e-03
1.788343535736203194e-03
1.789433532394468784e-03
1.790518872439861298e-03
1.791599905118346214e-03
1.792678027413785458e-03
1.793757663108408451e-03
1.794838113710284233e-03
1.795921707525849342e-03
1.797008444555103779e-03
1.798099488951265812e-03
1.799195306375622749e-03
1.800295198336243629e-03
