3.922181203961372375e-04
3.910930827260017395e-04
3.899584989994764328e-04
3.888146020472049713e-04
3.876613918691873550e-04
3.864991012960672379e-04
3.853272646665573120e-04
3.841468133032321930e-04
3.829568158835172653e-04
3.817582037299871445e-04
3.805505111813545227e-04
3.793339710682630539e-04
3.781088162213563919e-04
3.768750466406345367e-04
3.756321966648101807e-04
3.743809647858142853e-04
3.731211181730031967e-04
3.718533553183078766e-04
3.705767448991537094e-04
3.692924510687589645e-04
3.679997753351926804e-04
3.666991833597421646e-04
3.653904423117637634e-04
3.640744835138320923e-04
3.627508413046598434e-04
3.614192828536033630e-04
3.600800409913063049e-04
3.587340470403432846e-04
3.573803696781396866e-04
3.560204058885574341e-04
3.546527586877346039e-04
3.532790578901767731e-04
3.518979065120220184e-04
3.505107015371322632e-04
3.491167444735765457e-04
3.477174323052167892e-04
3.463113680481910706e-04
3.448994830250740051e-04
3.434817772358655930e-04
3.420589491724967957e-04
3.406300675123929977e-04
3.391962964087724686e-04
3.377569373697042465e-04
3.363133873790502548e-04
3.348651807755231857e-04
3.334118518978357315e-04
3.319543320685625076e-04
3.304921556264162064e-04
3.290267195552587509e-04
3.275570925325155258e-04
3.260835073888301849e-04
3.246066626161336899e-04
3.231270238757133484e-04
3.216434270143508911e-04
3.201572690159082413e-04
3.186690155416727066e-04
3.171779680997133255e-04
3.156841266900300980e-04
3.141888882964849472e-04
3.126913215965032578e-04
3.111921250820159912e-04
3.096912987530231476e-04
3.081890754401683807e-04
3.066863864660263062e-04
3.051825333386659622e-04
3.036786802113056183e-04
3.021736629307270050e-04
3.006684128195047379e-04
2.991631627082824707e-04
2.976586110889911652e-04
2.961540594696998596e-04
2.946502063423395157e-04
2.931468188762664795e-04
2.916450612246990204e-04
2.901442348957061768e-04
2.886448055505752563e-04
2.871474716812372208e-04
2.856515347957611084e-04
2.841576933860778809e-04
2.826666459441184998e-04
2.811776939779520035e-04
2.796915359795093536e-04
2.782084047794342041e-04
2.767280675470829010e-04
2.752509899437427521e-04
2.737774048000574112e-04
2.723082434386014938e-04
2.708421088755130768e-04
2.693806309252977371e-04
2.679231110960245132e-04
2.664704807102680206e-04
2.650222741067409515e-04
2.635787241160869598e-04
2.621398307383060455e-04
2.607069909572601318e-04
2.592788077890872955e-04
2.578571438789367676e-04
2.564408350735902786e-04
2.550303470343351364e-04
2.536256797611713409e-04
2.522277645766735077e-04
2.508361358195543289e-04
2.494512591511011124e-04
2.480729017406702042e-04
2.467015292495489120e-04
2.453373745083808899e-04
2.439804375171661377e-04
2.426304854452610016e-04
2.412884496152400970e-04
2.399543300271034241e-04
2.386278938502073288e-04
2.373089082539081573e-04
2.359985373914241791e-04
2.346958499401807785e-04
2.334017772227525711e-04
2.321163192391395569e-04
2.308392431586980820e-04
2.295714803040027618e-04
2.283118665218353271e-04
2.270617987960577011e-04
2.258198801428079605e-04
2.245879732072353363e-04
2.233651466667652130e-04
2.221509348601102829e-04
2.209472004324197769e-04
2.197523135691881180e-04
2.185676712542772293e-04
2.173925749957561493e-04
2.162272576242685318e-04
2.150717191398143768e-04
2.139264252036809921e-04
2.127906773239374161e-04
2.116656396538019180e-04
2.105506137013435364e-04
2.094458322972059250e-04
2.083515282720327377e-04
2.072674687951803207e-04
2.061938866972923279e-04
2.051310148090124130e-04
2.040788531303405762e-04
2.030369359999895096e-04
2.020057290792465210e-04
2.009856980293989182e-04
1.999761443585157394e-04
1.989775337278842926e-04
1.979894004762172699e-04
1.970119774341583252e-04
1.960471272468566895e-04
1.950915902853012085e-04
1.941476948559284210e-04
1.932140439748764038e-04
1.922920346260070801e-04
1.913812011480331421e-04
1.904815435409545898e-04
1.895925961434841156e-04
1.887152902781963348e-04
1.878486946225166321e-04
1.869937404990196228e-04
1.861494965851306915e-04
1.853168942034244537e-04
1.844954676926136017e-04
1.836847513914108276e-04
1.828852109611034393e-04
1.820973120629787445e-04
1.813205890357494354e-04
1.805545762181282043e-04
1.798002049326896667e-04
1.790574751794338226e-04
1.783249899744987488e-04
1.776050776243209839e-04
1.768954098224639893e-04
1.761964522302150726e-04
1.755100674927234650e-04
1.748339273035526276e-04
1.741689629852771759e-04
1.735151745378971100e-04
1.728730276226997375e-04
1.722415909171104431e-04
1.716213300824165344e-04
1.710131764411926270e-04
1.704148016870021820e-04
1.698276028037071228e-04
1.692520454525947571e-04
1.686876639723777771e-04
1.681339927017688751e-04
1.675910316407680511e-04
1.670592464506626129e-04
1.665391027927398682e-04
1.660292036831378937e-04
1.655300147831439972e-04
1.650420017540454865e-04
1.645651645958423615e-04
1.640995033085346222e-04
1.636445522308349609e-04
1.632003113627433777e-04
1.627663150429725647e-04
1.623434945940971375e-04
1.619313843548297882e-04
1.615304499864578247e-04
1.611402258276939392e-04
1.607602462172508240e-04
1.603914424777030945e-04
1.600328832864761353e-04
1.596850343048572540e-04
1.593483611941337585e-04
1.590223982930183411e-04
1.587062142789363861e-04
1.584007404744625092e-04
1.581055112183094025e-04
1.578209921717643738e-04
1.575467176735401154e-04
1.572845503687858582e-04
1.570312306284904480e-04
1.567890867590904236e-04
1.565567217767238617e-04
1.563346013426780701e-04
1.561231911182403564e-04
1.559220254421234131e-04
1.557315699756145477e-04
1.555508933961391449e-04
1.553804613649845123e-04
1.552202738821506500e-04
1.550707966089248657e-04
1.549315638840198517e-04
1.548021100461483002e-04
1.546829007565975189e-04
1.545734703540802002e-04
1.544738188385963440e-04
1.543848775327205658e-04
1.543061807751655579e-04
1.542372629046440125e-04
1.541781239211559296e-04
1.541292294859886169e-04
1.540901139378547668e-04
1.540612429380416870e-04
1.540421508252620697e-04
1.540328375995159149e-04
1.540337689220905304e-04
1.540444791316986084e-04
1.540649682283401489e-04
1.540952362120151520e-04
1.541348174214363098e-04
1.541846431791782379e-04
1.542437821626663208e-04
1.543131656944751740e-04
1.543923281133174896e-04
1.544808037579059601e-04
1.545795239508152008e-04
1.546875573694705963e-04
1.548049040138721466e-04
1.549315638840198517e-04
1.550675369799137115e-04
1.552137546241283417e-04
1.553692854940891266e-04
1.555341295897960663e-04
1.557082869112491608e-04
1.558917574584484100e-04
1.560854725539684296e-04
1.562880352139472961e-04
1.564999110996723175e-04
1.567206345498561859e-04
