3.086963668465614319e-02
3.072300925850868225e-02
3.057331219315528870e-02
3.042053803801536560e-02
3.026461973786354065e-02
3.010557591915130615e-02
2.994336187839508057e-02
2.977795898914337158e-02
2.960936352610588074e-02
2.943754568696022034e-02
2.926248684525489807e-02
2.908417396247386932e-02
2.890261448919773102e-02
2.871777489781379700e-02
2.852967008948326111e-02
2.833829075098037720e-02
2.814366109669208527e-02
2.794578298926353455e-02
2.774467319250106812e-02
2.754036523401737213e-02
2.733289822936058044e-02
2.712230384349822998e-02
2.690864540636539459e-02
2.669198997318744659e-02
2.647240646183490753e-02
2.624997869133949280e-02
2.602481469511985779e-02
2.579702064394950867e-02
2.556672319769859314e-02
2.533406391739845276e-02
2.509918622672557831e-02
2.486226707696914673e-02
2.462349086999893188e-02
2.438304573297500610e-02
2.414114773273468018e-02
2.389802783727645874e-02
2.365392632782459259e-02
2.340909466147422791e-02
2.316379919648170471e-02
2.291834354400634766e-02
2.267299965023994446e-02
2.242808416485786438e-02
2.218393050134181976e-02
2.194086089730262756e-02
2.169921807944774628e-02
2.145936340093612671e-02
2.122165635228157043e-02
2.098647132515907288e-02
2.075418457388877869e-02
2.052521333098411560e-02
2.029991149902343750e-02
2.007871679961681366e-02
1.986203901469707489e-02
1.965029723942279816e-02
1.944392919540405273e-02
1.924334652721881866e-02
1.904901862144470215e-02
1.886137761175632477e-02
1.868090219795703888e-02
1.850803941488265991e-02
1.834326609969139099e-02
1.818707212805747986e-02
1.803994178771972656e-02
1.790235564112663269e-02
1.777483522891998291e-02
1.765787973999977112e-02
1.755200326442718506e-02
1.745773293077945709e-02
1.737557724118232727e-02
1.730608381330966949e-02
1.724977046251296997e-02
1.720717549324035645e-02
1.717883348464965820e-02
1.716527342796325684e-02
1.716703176498413086e-02
1.718461886048316956e-02
1.721855811774730682e-02
1.726934686303138733e-02
1.733746938407421112e-02
1.742340438067913055e-02
1.752758212387561798e-02
1.765042170882225037e-02
1.779230311512947083e-02
1.795354485511779785e-02
1.813444308936595917e-02
1.833519339561462402e-02
1.855593174695968628e-02
1.879671029746532440e-02
1.905746385455131531e-02
1.933797821402549744e-02
1.963793858885765076e-02
1.995681226253509521e-02
2.029386535286903381e-02
2.064813300967216492e-02
2.101835235953330994e-02
2.140292525291442871e-02
2.179987356066703796e-02
2.220675162971019745e-02
2.262060903012752533e-02
2.303784340620040894e-02
2.345417253673076630e-02
2.386449836194515228e-02
2.426279149949550629e-02
2.464201487600803375e-02
2.499403059482574463e-02
2.530952915549278259e-02
2.557805553078651428e-02
2.578812837600708008e-02
2.592752501368522644e-02
2.598373219370841980e-02
2.594472654163837433e-02
2.580000273883342743e-02
2.554186433553695679e-02
2.516685426235198975e-02
2.467708289623260498e-02
2.408112026751041412e-02
2.339408546686172485e-02
2.263683080673217773e-02
2.183390595018863678e-02
2.101120166480541229e-02
2.019303292036056519e-02
1.940008066594600677e-02
1.864788308739662170e-02
1.794642023742198944e-02
1.730057410895824432e-02
1.671100780367851257e-02
1.617534831166267395e-02
1.568932458758354187e-02
1.524770818650722504e-02
1.484505273401737213e-02
1.447611488401889801e-02
1.413615513592958450e-02
1.382107380777597427e-02
1.352737657725811005e-02
1.325214561074972153e-02
1.299298461526632309e-02
1.274786982685327530e-02
1.251512020826339722e-02
1.229328662157058716e-02
1.208110526204109192e-02
1.187743898481130600e-02
1.168127916753292084e-02
1.149167865514755249e-02
1.130778621882200241e-02
1.112880185246467590e-02
1.095401681959629059e-02
1.078278850764036179e-02
1.061455439776182175e-02
1.044886000454425812e-02
1.028531882911920547e-02
1.012365520000457764e-02
9.963675402104854584e-03
9.805297479033470154e-03
9.648516774177551270e-03
9.493432007730007172e-03
9.340194053947925568e-03
9.189042262732982635e-03
9.040260687470436096e-03
8.894202299416065216e-03
8.751226589083671570e-03
8.611731231212615967e-03
8.476114831864833832e-03
8.344784379005432129e-03
8.218120783567428589e-03
8.096499368548393250e-03
7.980255410075187683e-03
7.869700901210308075e-03
7.765093818306922913e-03
7.666660472750663757e-03
7.574595510959625244e-03
7.489036768674850464e-03
7.410092744976282120e-03
7.337823975831270218e-03
7.272271905094385147e-03
7.213431410491466522e-03
7.161285262554883957e-03
7.115790154784917831e-03
7.076881825923919678e-03
7.044488098472356796e-03
7.018527481704950333e-03
6.998900324106216431e-03
6.985507905483245850e-03
6.978265941143035889e-03
6.977065932005643845e-03
6.981802172958850861e-03
6.992388051003217697e-03
7.008719723671674728e-03
7.030694745481014252e-03
7.058217190206050873e-03
7.091185078024864197e-03
7.129486184567213058e-03
7.173010613769292831e-03
7.221631705760955811e-03
7.275217212736606598e-03
7.333604618906974792e-03
7.396626286208629608e-03
7.464082911610603333e-03
7.535762153565883636e-03
7.611414417624473572e-03
7.690753322094678879e-03
7.773480378091335297e-03
7.859231904149055481e-03
7.947635836899280548e-03
8.038264699280261993e-03
8.130649104714393616e-03
8.224323391914367676e-03
8.318739011883735657e-03
8.413361385464668274e-03
8.507601916790008545e-03
8.600885048508644104e-03
8.692631497979164124e-03
8.782254531979560852e-03
8.869227021932601929e-03
8.953061886131763458e-03
9.033362381160259247e-03
9.109839797019958496e-03
9.182380512356758118e-03
9.251075796782970428e-03
9.316287934780120850e-03
9.378739632666110992e-03
9.439608082175254822e-03
9.500592947006225586e-03
9.564056061208248138e-03
9.633133187890052795e-03
9.711802005767822266e-03
9.804927743971347809e-03
9.918207302689552307e-03
1.005792617797851562e-02
1.023047976195812225e-02
1.044155843555927277e-02
1.069500483572483063e-02
1.099142804741859436e-02
1.132684014737606049e-02
1.169182360172271729e-02
1.207167003303766251e-02
1.244778465479612350e-02
1.280020922422409058e-02
1.311055105179548264e-02
1.336450595408678055e-02
1.355319283902645111e-02
1.367328874766826630e-02
1.372617017477750778e-02
1.371649093925952911e-02
1.365083828568458557e-02
1.353657059371471405e-02
1.338098011910915375e-02
1.319084875285625458e-02
1.297215092927217484e-02
1.273008715361356735e-02
1.246901229023933411e-02
1.219259109348058701e-02
1.190383639186620712e-02
1.160531025379896164e-02
1.129910629242658615e-02
1.098700426518917084e-02
1.067049242556095123e-02
1.035086251795291901e-02
1.002920605242252350e-02
9.706480428576469421e-03
9.383538737893104553e-03
9.061122313141822815e-03
