7.006120681762695312e-02
6.813600659370422363e-02
6.617900729179382324e-02
6.416985392570495605e-02
6.207564473152160645e-02
5.984675884246826172e-02
5.741649866104125977e-02
5.471074581146240234e-02
5.168196558952331543e-02
4.836952686309814453e-02
4.495638608932495117e-02
4.174032807350158691e-02
3.898704051971435547e-02
3.677633404731750488e-02
3.497907519340515137e-02
3.334197402000427246e-02
3.159382939338684082e-02
2.956250309944152832e-02
2.730488777160644531e-02
2.512475848197937012e-02
2.336952090263366699e-02
2.219954133033752441e-02
2.156943082809448242e-02
2.134487032890319824e-02
2.139359712600708008e-02
2.161681652069091797e-02
2.194926142692565918e-02
2.235057950019836426e-02
2.279722690582275391e-02
2.327623963356018066e-02
2.378186583518981934e-02
2.431252598762512207e-02
2.486881613731384277e-02
2.545064687728881836e-02
2.605444192886352539e-02
2.666914463043212891e-02
2.727371454238891602e-02
2.783736586570739746e-02
2.832531929016113281e-02
2.870771288871765137e-02
2.896830439567565918e-02
2.910068631172180176e-02
2.908983826637268066e-02
2.887177467346191406e-02
2.827572822570800781e-02
2.701798081398010254e-02
2.495920658111572266e-02
2.253624796867370605e-02
2.048972249031066895e-02
1.911780238151550293e-02
1.827922463417053223e-02
1.775476336479187012e-02
1.739341020584106445e-02
1.711383461952209473e-02
1.688063144683837891e-02
1.668739318847656250e-02
1.654395461082458496e-02
1.646548509597778320e-02
1.646202802658081055e-02
1.653352379798889160e-02
1.667121052742004395e-02
1.686042547225952148e-02
1.708492636680603027e-02
1.732879877090454102e-02
1.757758855819702148e-02
1.781904697418212891e-02
1.804298162460327148e-02
1.824033260345458984e-02
1.840209960937500000e-02
1.851668953895568848e-02
1.856628060340881348e-02
1.852393150329589844e-02
1.835489273071289062e-02
1.803463697433471680e-02
1.759028434753417969e-02
1.712751388549804688e-02
1.677164435386657715e-02
1.657313108444213867e-02
1.650467514991760254e-02
1.651680469512939453e-02
1.657178997993469238e-02
1.664787530899047852e-02
1.673352718353271484e-02
1.682373881340026855e-02
1.691740751266479492e-02
1.701626181602478027e-02
1.712551712989807129e-02
1.725476980209350586e-02
1.741936802864074707e-02
1.764234900474548340e-02
1.795190572738647461e-02
1.837423443794250488e-02
1.892563700675964355e-02
1.963287591934204102e-02
2.056124806404113770e-02
2.171468734741210938e-02
2.288722991943359375e-02
2.380016446113586426e-02
2.433606982231140137e-02
2.454271912574768066e-02
2.452608942985534668e-02
2.438655495643615723e-02
2.420356869697570801e-02
2.404126524925231934e-02
2.396008372306823730e-02
2.402886748313903809e-02
2.432450652122497559e-02
2.488946914672851562e-02
2.563637495040893555e-02
2.631971240043640137e-02
2.670300006866455078e-02
2.670881152153015137e-02
2.637398242950439453e-02
2.575924992561340332e-02
2.492126822471618652e-02
2.392771840095520020e-02
2.286976575851440430e-02
2.184534072875976562e-02
2.092128992080688477e-02
2.011233568191528320e-02
1.939216256141662598e-02
1.872178912162780762e-02
1.807382702827453613e-02
1.744645833969116211e-02
1.685780286788940430e-02
1.632508635520935059e-02
1.585170626640319824e-02
1.543024182319641113e-02
1.505288481712341309e-02
1.471513509750366211e-02
1.441562175750732422e-02
1.415345072746276855e-02
1.392659544944763184e-02
1.373025774955749512e-02
1.355749368667602539e-02
1.339870691299438477e-02
1.324284076690673828e-02
1.307821273803710938e-02
1.289403438568115234e-02
1.268196105957031250e-02
1.243743300437927246e-02
1.216000318527221680e-02
1.185289025306701660e-02
1.152172684669494629e-02
1.117298007011413574e-02
1.081410050392150879e-02
1.045259833335876465e-02
1.009696722030639648e-02
9.756803512573242188e-03
9.443581104278564453e-03
9.168505668640136719e-03
8.941441774368286133e-03
8.767992258071899414e-03
8.648157119750976562e-03
8.576840162277221680e-03
8.544862270355224609e-03
8.541911840438842773e-03
8.558452129364013672e-03
8.585870265960693359e-03
8.617311716079711914e-03
8.646309375762939453e-03
8.666843175888061523e-03
8.671343326568603516e-03
8.650124073028564453e-03
8.591592311859130859e-03
8.485406637191772461e-03
8.328258991241455078e-03
8.128911256790161133e-03
7.906913757324218750e-03
7.685303688049316406e-03
7.482290267944335938e-03
7.308989763259887695e-03
7.171511650085449219e-03
7.073342800140380859e-03
7.014840841293334961e-03
6.991654634475708008e-03
6.995052099227905273e-03
7.014960050582885742e-03
7.042974233627319336e-03
7.073402404785156250e-03
7.102370262145996094e-03
7.127225399017333984e-03
7.145851850509643555e-03
7.154345512390136719e-03
7.141441106796264648e-03
7.081091403961181641e-03
6.941527128219604492e-03
6.740778684616088867e-03
6.559669971466064453e-03
6.447046995162963867e-03
6.396144628524780273e-03
6.389617919921875000e-03
6.421178579330444336e-03
6.496757268905639648e-03
6.633251905441284180e-03
6.848096847534179688e-03
7.133543491363525391e-03
7.432878017425537109e-03
7.677137851715087891e-03
7.843434810638427734e-03
7.951885461807250977e-03
8.031964302062988281e-03
8.107811212539672852e-03
8.194237947463989258e-03
8.293837308883666992e-03
8.394092321395874023e-03
8.476167917251586914e-03
8.529841899871826172e-03
8.558183908462524414e-03
8.570015430450439453e-03
8.573293685913085938e-03
8.576065301895141602e-03
8.592784404754638672e-03
8.666604757308959961e-03
8.912652730941772461e-03
9.385645389556884766e-03
9.699374437332153320e-03
9.726554155349731445e-03
9.538918733596801758e-03
9.081691503524780273e-03
8.537381887435913086e-03
8.404314517974853516e-03
8.616924285888671875e-03
8.918046951293945312e-03
9.153932332992553711e-03
9.308010339736938477e-03
9.412467479705810547e-03
9.500473737716674805e-03
9.601920843124389648e-03
9.751409292221069336e-03
9.999603033065795898e-03
1.042130589485168457e-02
1.109036803245544434e-02
1.196360588073730469e-02
1.278817653656005859e-02
1.334038376808166504e-02
1.363384723663330078e-02
1.376873254776000977e-02
1.379814743995666504e-02
1.371303200721740723e-02
1.347389817237854004e-02
1.311865448951721191e-02
1.282486319541931152e-02
1.269102096557617188e-02
1.266106963157653809e-02
1.266923546791076660e-02
1.268532872200012207e-02
1.269248127937316895e-02
1.264902949333190918e-02
1.240187883377075195e-02
1.179108023643493652e-02
1.112872362136840820e-02
1.040473580360412598e-02
9.753972291946411133e-03
9.536027908325195312e-03
9.754359722137451172e-03
1.051157712936401367e-02
1.206758618354797363e-02
1.431173086166381836e-02
1.655712723731994629e-02
1.835989952087402344e-02
