4.608156159520149231e-04
4.927814006805419922e-04
5.256282165646553040e-04
5.593448877334594727e-04
5.939444527029991150e-04
6.294297054409980774e-04
6.657885387539863586e-04
7.030265405774116516e-04
7.411409169435501099e-04
7.801307365298271179e-04
8.199857547879219055e-04
8.607087656855583191e-04
9.022764861583709717e-04
9.446935728192329407e-04
9.879339486360549927e-04
1.032000407576560974e-03
1.076876185834407806e-03
1.122538000345230103e-03
1.168984919786453247e-03
1.216192729771137238e-03
1.264140009880065918e-03
1.312809996306896210e-03
1.362183131277561188e-03
1.412236131727695465e-03
1.462944783270359039e-03
1.514283940196037292e-03
1.566237770020961761e-03
1.618771813809871674e-03
1.671857200562953949e-03
1.725471578538417816e-03
1.779587008059024811e-03
1.834174618124961853e-03
1.889211125671863556e-03
1.944654621183872223e-03
2.000487409532070160e-03
2.056673169136047363e-03
2.113188616931438446e-03
2.170006744563579559e-03
2.227094955742359161e-03
2.284429967403411865e-03
2.341982908546924591e-03
2.399737946689128876e-03
2.457662485539913177e-03
2.515743486583232880e-03
2.573960460722446442e-03
2.632294781506061554e-03
2.690736204385757446e-03
2.749275416135787964e-03
2.807911485433578491e-03
2.866624854505062103e-03
2.925418317317962646e-03
2.984315156936645508e-03
3.043300472199916840e-03
3.102407790720462799e-03
3.161645494401454926e-03
3.221056424081325531e-03
3.280656412243843079e-03
3.340496681630611420e-03
3.400614485144615173e-03
3.461076878011226654e-03
3.521940670907497406e-03
3.583280369639396667e-03
3.645181655883789062e-03
3.707740455865859985e-03
3.771058283746242523e-03
3.835252486169338226e-03
3.900459036231040955e-03
3.966809250414371490e-03
4.034468904137611389e-03
4.103599116206169128e-03
4.174393601715564728e-03
4.247060045599937439e-03
4.321801476180553436e-03
4.398864693939685822e-03
4.478489048779010773e-03
4.560956731438636780e-03
4.646542482078075409e-03
4.735561087727546692e-03
4.828327335417270660e-03
4.925178829580545425e-03
5.026477389037609100e-03
5.132586695253849030e-03
5.243870429694652557e-03
5.360737442970275879e-03
5.483583547174930573e-03
5.612814798951148987e-03
5.748811643570661545e-03
5.892000626772642136e-03
6.042747758328914642e-03
6.201439537107944489e-03
6.368415430188179016e-03
6.544010713696479797e-03
6.728496402502059937e-03
6.922124419361352921e-03
7.125074975192546844e-03
7.337483577430248260e-03
7.559411227703094482e-03
7.790843490511178970e-03
8.031699806451797485e-03
8.281821385025978088e-03
8.540945127606391907e-03
8.808743208646774292e-03
9.084807708859443665e-03
9.368661791086196899e-03
9.659742936491966248e-03
9.957445785403251648e-03
1.026110909879207611e-02
1.057002507150173187e-02
1.088345237076282501e-02
1.120064966380596161e-02
1.152082532644271851e-02
1.184322964400053024e-02
1.216706726700067520e-02
1.249157078564167023e-02
1.281598117202520370e-02
1.313956547528505325e-02
1.346159074455499649e-02
1.378137897700071335e-02
1.409826055169105530e-02
1.441163010895252228e-02
1.472091116011142731e-02
1.502560637891292572e-02
1.532526314258575439e-02
1.561952661722898483e-02
1.590809226036071777e-02
1.619076542556285858e-02
1.646742224693298340e-02
1.673801615834236145e-02
1.700259931385517120e-02
1.726128906011581421e-02
1.751427352428436279e-02
1.776180416345596313e-02
1.800419576466083527e-02
1.824178919196128845e-02
1.847496815025806427e-02
1.870414614677429199e-02
1.892973855137825012e-02
1.915216445922851562e-02
1.937185972929000854e-02
1.958921365439891815e-02
1.980463415384292603e-02
2.001846581697463989e-02
2.023106068372726440e-02
2.044270560145378113e-02
2.065366879105567932e-02
2.086417749524116516e-02
2.107441611588001251e-02
2.128453180193901062e-02
2.149463072419166565e-02
2.170478180050849915e-02
2.191502228379249573e-02
2.212535589933395386e-02
2.233574539422988892e-02
2.254614606499671936e-02
2.275647595524787903e-02
2.296664938330650330e-02
2.317655086517333984e-02
2.338607609272003174e-02
2.359509468078613281e-02
2.380350790917873383e-02
2.401118725538253784e-02
2.421803772449493408e-02
2.442396432161331177e-02
2.462890744209289551e-02
2.483279630541801453e-02
2.503562346100807190e-02
2.523735910654067993e-02
2.543805167078971863e-02
2.563773840665817261e-02
2.583649754524230957e-02
2.603445202112197876e-02
2.623173408210277557e-02
2.642851322889328003e-02
2.662499621510505676e-02
2.682141214609146118e-02
2.701801434159278870e-02
2.721508964896202087e-02
2.741295471787452698e-02
2.761193178594112396e-02
2.781239524483680725e-02
2.801471389830112457e-02
2.821929007768630981e-02
2.842655032873153687e-02
2.863692119717597961e-02
2.885086461901664734e-02
2.906883880496025085e-02
2.929132804274559021e-02
2.951881662011146545e-02
2.975179627537727356e-02
2.999075502157211304e-02
3.023618087172508240e-02
3.048854321241378784e-02
3.074829652905464172e-02
3.101586177945137024e-02
3.129161149263381958e-02
3.157585114240646362e-02
3.186880424618721008e-02
3.217057138681411743e-02
3.248114511370658875e-02
3.280032053589820862e-02
3.312771022319793701e-02
3.346267342567443848e-02
3.380432352423667908e-02
3.415149450302124023e-02
3.450271114706993103e-02
3.485625237226486206e-02
3.521014377474784851e-02
3.556232154369354248e-02
3.591069579124450684e-02
3.625341504812240601e-02
3.658905252814292908e-02
3.691695630550384521e-02
3.723746538162231445e-02
3.755226358771324158e-02
3.786440193653106689e-02
3.817842528223991394e-02
3.850012645125389099e-02
3.883610293269157410e-02
3.919321298599243164e-02
3.957781568169593811e-02
3.999507054686546326e-02
4.044827446341514587e-02
4.093860089778900146e-02
4.146486148238182068e-02
4.202379286289215088e-02
4.261039197444915771e-02
4.321854189038276672e-02
4.384151846170425415e-02
4.447264969348907471e-02
4.510576277971267700e-02
4.573555663228034973e-02
4.635778069496154785e-02
4.696942120790481567e-02
4.756870865821838379e-02
4.815505445003509521e-02
4.872896149754524231e-02
4.929200559854507446e-02
4.984654486179351807e-02
5.039577186107635498e-02
5.094354599714279175e-02
5.149422585964202881e-02
5.205270648002624512e-02
5.262420699000358582e-02
5.321431159973144531e-02
5.382874608039855957e-02
5.447337776422500610e-02
5.515403300523757935e-02
5.587636306881904602e-02
5.664566159248352051e-02
5.746668577194213867e-02
5.834338814020156860e-02
5.927865207195281982e-02
6.027404591441154480e-02
6.132965534925460815e-02
6.244380399584770203e-02
6.361294537782669067e-02
6.483159214258193970e-02
6.609246134757995605e-02
6.738661229610443115e-02
6.870370358228683472e-02
7.003252953290939331e-02
