2.868082374334335327e-04
3.148559480905532837e-04
3.432780504226684570e-04
3.720857203006744385e-04
4.012938588857650757e-04
4.308857023715972900e-04
4.608929157257080078e-04
4.913043230772018433e-04
5.221217870712280273e-04
5.533657968044281006e-04
5.850289016962051392e-04
6.171353161334991455e-04
6.496682763099670410e-04
6.826519966125488281e-04
7.160846143960952759e-04
7.499624043703079224e-04
7.843095809221267700e-04
8.191242814064025879e-04
8.544046431779861450e-04
8.901748806238174438e-04
9.264256805181503296e-04
9.631700813770294189e-04
1.000422984361648560e-03
1.038171350955963135e-03
1.076430082321166992e-03
1.115217804908752441e-03
1.154528930783271790e-03
1.194365322589874268e-03
1.234753057360649109e-03
1.275680959224700928e-03
1.317173242568969727e-03
1.359216868877410889e-03
1.401836052536964417e-03
1.445023342967033386e-03
1.488801091909408569e-03
1.533159986138343811e-03
1.578122377395629883e-03
1.623691990971565247e-03
1.669876277446746826e-03
1.716684550046920776e-03
1.764131709933280945e-03
1.812199130654335022e-03
1.860927790403366089e-03
1.910300925374031067e-03
1.960348337888717651e-03
2.011062577366828918e-03
2.062462270259857178e-03
2.114562317728996277e-03
2.167353406548500061e-03
2.220857888460159302e-03
2.275085076689720154e-03
2.330057322978973389e-03
2.385759726166725159e-03
2.442222088575363159e-03
2.499457448720932007e-03
2.557471394538879395e-03
2.616280689835548401e-03
2.675903961062431335e-03
2.736339345574378967e-03
2.797625958919525146e-03
2.859776839613914490e-03
2.922797575592994690e-03
2.986717969179153442e-03
3.051562234759330750e-03
3.117347136139869690e-03
3.184098750352859497e-03
3.251846879720687866e-03
3.320626914501190186e-03
3.390470519661903381e-03
3.461409360170364380e-03
3.533486276865005493e-03
3.606757149100303650e-03
3.681255504488945007e-03
3.757052123546600342e-03
3.834197297692298889e-03
3.912772983312606812e-03
3.992849960923194885e-03
4.074519500136375427e-03
4.157880321145057678e-03
4.243034869432449341e-03
4.330113530158996582e-03
4.419248551130294800e-03
4.510598257184028625e-03
4.604334011673927307e-03
4.700651392340660095e-03
4.799773916602134705e-03
4.901923239231109619e-03
5.007395520806312561e-03
5.116464570164680481e-03
5.229482427239418030e-03
5.346812307834625244e-03
5.468841642141342163e-03
5.596023052930831909e-03
5.728825926780700684e-03
5.867764353752136230e-03
6.013380363583564758e-03
6.166236475110054016e-03
6.326919421553611755e-03
6.496038287878036499e-03
6.674177944660186768e-03
6.861893460154533386e-03
7.059706375002861023e-03
7.268063724040985107e-03
7.487302646040916443e-03
7.717628031969070435e-03
7.959088310599327087e-03
8.211527019739151001e-03
8.474599570035934448e-03
8.747695013880729675e-03
9.030012413859367371e-03
9.320484474301338196e-03
9.617896750569343567e-03
9.920852258801460266e-03
1.022785343229770660e-02
1.053736172616481781e-02
1.084785163402557373e-02
1.115788705646991730e-02
1.146614365279674530e-02
1.177146844565868378e-02
1.207294315099716187e-02
1.236981991678476334e-02
1.266160514205694199e-02
1.294798776507377625e-02
1.322885788977146149e-02
1.350425370037555695e-02
1.377436146140098572e-02
1.403945125639438629e-02
1.429987791925668716e-02
1.455604471266269684e-02
1.480836328119039536e-02
1.505726575851440430e-02
1.530316751450300217e-02
1.554645970463752747e-02
1.578750461339950562e-02
1.602661237120628357e-02
1.626407168805599213e-02
1.650012843310832977e-02
1.673495396971702576e-02
1.696873083710670471e-02
1.720155030488967896e-02
1.743350364267826080e-02
1.766462624073028564e-02
1.789494231343269348e-02
1.812443882226943970e-02
1.835307478904724121e-02
1.858080551028251648e-02
1.880756393074989319e-02
1.903328299522399902e-02
1.925786584615707397e-02
1.948123052716255188e-02
1.970328390598297119e-02
1.992394588887691498e-02
2.014312520623207092e-02
2.036074921488761902e-02
2.057674154639244080e-02
2.079104818403720856e-02
2.100361697375774384e-02
2.121442556381225586e-02
2.142343297600746155e-02
2.163064293563365936e-02
2.183606475591659546e-02
2.203971147537231445e-02
2.224162593483924866e-02
2.244186401367187500e-02
2.264048904180526733e-02
2.283758670091629028e-02
2.303324453532695770e-02
2.322758920490741730e-02
2.342073619365692139e-02
2.361281961202621460e-02
2.380399405956268311e-02
2.399440854787826538e-02
2.418425306677818298e-02
2.437368966639041901e-02
2.456291392445564270e-02
2.475212141871452332e-02
2.494151517748832703e-02
2.513130754232406616e-02
2.532171085476875305e-02
2.551294118165969849e-02
2.570522949099540710e-02
2.589879371225833893e-02
2.609386667609214783e-02
2.629067003726959229e-02
2.648944221436977386e-02
2.669038996100425720e-02
2.689375542104244232e-02
2.709975093603134155e-02
2.730858884751796722e-02
2.752048335969448090e-02
2.773564308881759644e-02
2.795425243675708771e-02
2.817650884389877319e-02
2.840258553624153137e-02
2.863265387713909149e-02
2.886686660349369049e-02
2.910536900162696838e-02
2.934829890727996826e-02
2.959577552974224091e-02
2.984790690243244171e-02
3.010477870702743530e-02
3.036649152636528015e-02
3.063309937715530396e-02
3.090468235313892365e-02
3.118128143250942230e-02
3.146295994520187378e-02
3.174973651766777039e-02
3.204167634248733521e-02
3.233880177140235901e-02
3.264117985963821411e-02
3.294885903596878052e-02
3.326192125678062439e-02
3.358044847846031189e-02
3.390456736087799072e-02
3.423442319035530090e-02
3.457019850611686707e-02
3.491212427616119385e-02
3.526046127080917358e-02
3.561555221676826477e-02
3.597775474190711975e-02
3.634754568338394165e-02
3.672541305422782898e-02
3.711193799972534180e-02
3.750776499509811401e-02
3.791360557079315186e-02
3.833022713661193848e-02
3.875847533345222473e-02
3.919922560453414917e-02
3.965339809656143188e-02
4.012192785739898682e-02
4.060577973723411560e-02
4.110587388277053833e-02
4.162311181426048279e-02
4.215829074382781982e-02
4.271213337779045105e-02
4.328519850969314575e-02
4.387788474559783936e-02
4.449034482240676880e-02
4.512250795960426331e-02
4.577396064996719360e-02
4.644398018717765808e-02
4.713153839111328125e-02
4.783516377210617065e-02
4.855305701494216919e-02
4.928305000066757202e-02
5.002263188362121582e-02
5.076894164085388184e-02
5.151892453432083130e-02
5.226925760507583618e-02
5.301653966307640076e-02
5.375729501247406006e-02
5.448812246322631836e-02
5.520566552877426147e-02
5.590680986642837524e-02
5.658866465091705322e-02
5.724869668483734131e-02
5.788465589284896851e-02
5.849475413560867310e-02
5.907749384641647339e-02
5.963190644979476929e-02
6.015725433826446533e-02
