1.874268054962158203e-04
2.025067806243896484e-04
2.265274524688720703e-04
2.596080303192138672e-04
2.972781658172607422e-04
3.332197666168212891e-04
3.665685653686523438e-04
3.992021083831787109e-04
4.327297210693359375e-04
4.669725894927978516e-04
5.008876323699951172e-04
5.336105823516845703e-04
5.649328231811523438e-04
5.952417850494384766e-04
6.249248981475830078e-04
6.542503833770751953e-04
6.833076477050781250e-04
7.117688655853271484e-04
7.395446300506591797e-04
7.666051387786865234e-04
7.930099964141845703e-04
8.190572261810302734e-04
8.452236652374267578e-04
8.718073368072509766e-04
8.994638919830322266e-04
9.285509586334228516e-04
9.596943855285644531e-04
9.929537773132324219e-04
1.028895378112792969e-03
1.067489385604858398e-03
1.108676195144653320e-03
1.152336597442626953e-03
1.198261976242065430e-03
1.246184110641479492e-03
1.295953989028930664e-03
1.347512006759643555e-03
1.401185989379882812e-03
1.457184553146362305e-03
1.516103744506835938e-03
1.578390598297119141e-03
1.644194126129150391e-03
1.713126897811889648e-03
1.783996820449829102e-03
1.855403184890747070e-03
1.925528049468994141e-03
1.992881298065185547e-03
2.056330442428588867e-03
2.115637063980102539e-03
2.171039581298828125e-03
2.223163843154907227e-03
2.273082733154296875e-03
2.321571111679077148e-03
2.369672060012817383e-03
2.417892217636108398e-03
2.466768026351928711e-03
2.516627311706542969e-03
2.567529678344726562e-03
2.619594335556030273e-03
2.672880887985229492e-03
2.727508544921875000e-03
2.783268690109252930e-03
2.840578556060791016e-03
2.899259328842163086e-03
2.959758043289184570e-03
3.022015094757080078e-03
3.086119890213012695e-03
3.152251243591308594e-03
3.220409154891967773e-03
3.290235996246337891e-03
3.362149000167846680e-03
3.435581922531127930e-03
3.510385751724243164e-03
3.586173057556152344e-03
3.662765026092529297e-03
3.739714622497558594e-03
3.816694021224975586e-03
3.893673419952392578e-03
3.970533609390258789e-03
4.047513008117675781e-03
4.125028848648071289e-03
4.203975200653076172e-03
4.285007715225219727e-03
4.368782043457031250e-03
4.455715417861938477e-03
4.545837640762329102e-03
4.638761281967163086e-03
4.734247922897338867e-03
4.832059144973754883e-03
4.932790994644165039e-03
5.037277936935424805e-03
5.146771669387817383e-03
5.263000726699829102e-03
5.387365818023681641e-03
5.521357059478759766e-03
5.665838718414306641e-03
5.821436643600463867e-03
5.988180637359619141e-03
6.165713071823120117e-03
6.353229284286499023e-03
6.549656391143798828e-03
6.753861904144287109e-03
6.964534521102905273e-03
7.180839776992797852e-03
7.402360439300537109e-03
7.629126310348510742e-03
7.862061262130737305e-03
8.102983236312866211e-03
8.354216814041137695e-03
8.618652820587158203e-03
8.898228406906127930e-03
9.193599224090576172e-03
9.503036737442016602e-03
9.821802377700805664e-03
1.014405488967895508e-02
1.046401262283325195e-02
1.077777147293090820e-02
1.108390092849731445e-02
1.138260960578918457e-02
1.167532801628112793e-02
1.196306943893432617e-02
1.224660873413085938e-02
1.252603530883789062e-02
1.280125975608825684e-02
1.307222247123718262e-02
1.333874464035034180e-02
1.360118389129638672e-02
1.386001706123352051e-02
1.411566138267517090e-02
1.436892151832580566e-02
1.462039351463317871e-02
1.487064361572265625e-02
1.512020826339721680e-02
1.536935567855834961e-02
1.561829447746276855e-02
1.586720347404479980e-02
1.611590385437011719e-02
1.636442542076110840e-02
1.661258935928344727e-02
1.686015725135803223e-02
1.710674166679382324e-02
1.735201478004455566e-02
1.759558916091918945e-02
1.783671975135803223e-02
1.807478070259094238e-02
1.830902695655822754e-02
1.853883266448974609e-02
1.876366138458251953e-02
1.898300647735595703e-02
1.919686794281005859e-02
1.940551400184631348e-02
1.960939168930053711e-02
1.980933547019958496e-02
2.000647783279418945e-02
2.020189166069030762e-02
2.039670944213867188e-02
2.059212327003479004e-02
2.078899741172790527e-02
2.098813652992248535e-02
2.118995785713195801e-02
2.139467000961303711e-02
2.160215377807617188e-02
2.181208133697509766e-02
2.202385663986206055e-02
2.223667502403259277e-02
2.244973182678222656e-02
2.266213297843933105e-02
2.287295460700988770e-02
2.308145165443420410e-02
2.328699827194213867e-02
2.348923683166503906e-02
2.368792891502380371e-02
2.388325333595275879e-02
2.407547831535339355e-02
2.426511049270629883e-02
2.445304393768310547e-02
2.464014291763305664e-02
2.482739090919494629e-02
2.501583099365234375e-02
2.520632743835449219e-02
2.539962530136108398e-02
2.559611201286315918e-02
2.579587697982788086e-02
2.599850296974182129e-02
2.620312571525573730e-02
2.640867233276367188e-02
2.661395072937011719e-02
2.681761980056762695e-02
2.701881527900695801e-02
2.721697092056274414e-02
2.741226553916931152e-02
2.760535478591918945e-02
2.779775857925415039e-02
2.799150347709655762e-02
2.818885445594787598e-02
2.839228510856628418e-02
2.860397100448608398e-02
2.882558107376098633e-02
2.905794978141784668e-02
2.930104732513427734e-02
2.955365180969238281e-02
2.981385588645935059e-02
3.007954359054565430e-02
3.034889698028564453e-02
3.062105178833007812e-02
3.089690208435058594e-02
3.117868304252624512e-02
3.146979212760925293e-02
3.177312016487121582e-02
3.208893537521362305e-02
3.241387009620666504e-02
3.274163603782653809e-02
3.306615352630615234e-02
3.338545560836791992e-02
3.370362520217895508e-02
3.402933478355407715e-02
3.437122702598571777e-02
3.473332524299621582e-02
3.511220216751098633e-02
3.549820184707641602e-02
3.588041663169860840e-02
3.625151515007019043e-02
3.661072254180908203e-02
3.696367144584655762e-02
3.731861710548400879e-02
3.768345713615417480e-02
3.806334733963012695e-02
3.845977783203125000e-02
3.887134790420532227e-02
3.929594159126281738e-02
3.973320126533508301e-02
4.018548130989074707e-02
4.065811634063720703e-02
4.115813970565795898e-02
4.169264435768127441e-02
4.226645827293395996e-02
4.288083314895629883e-02
4.353219270706176758e-02
4.421257972717285156e-02
4.491072893142700195e-02
4.561507701873779297e-02
4.631555080413818359e-02
4.700663685798645020e-02
4.768797755241394043e-02
4.836407303810119629e-02
4.904276132583618164e-02
4.973220825195312500e-02
5.043771862983703613e-02
5.115985870361328125e-02
5.189236998558044434e-02
5.262377858161926270e-02
5.333989858627319336e-02
5.402746796607971191e-02
5.467879772186279297e-02
5.529528856277465820e-02
5.588966608047485352e-02
5.648711323738098145e-02
5.712464451789855957e-02
5.784776806831359863e-02
5.870190262794494629e-02
5.972009897232055664e-02
6.090775132179260254e-02
