9.995137453079223633e-01
9.994932413101196289e-01
9.994711875915527344e-01
9.994474649429321289e-01
9.994219541549682617e-01
9.993946552276611328e-01
9.993653297424316406e-01
9.993338584899902344e-01
9.993002414703369141e-01
9.992642998695373535e-01
9.992259740829467773e-01
9.991850256919860840e-01
9.991415143013000488e-01
9.990951418876647949e-01
9.990458488464355469e-01
9.989936947822570801e-01
9.989384412765502930e-01
9.988800287246704102e-01
9.988183379173278809e-01
9.987534284591674805e-01
9.986852407455444336e-01
9.986136555671691895e-01
9.985386729240417480e-01
9.984604120254516602e-01
9.983788728713989258e-01
9.982941150665283203e-01
9.982062578201293945e-01
9.981153011322021484e-01
9.980214834213256836e-01
9.979248642921447754e-01
9.978256821632385254e-01
9.977240562438964844e-01
9.976201057434082031e-01
9.975141286849975586e-01
9.974063634872436523e-01
9.972968697547912598e-01
9.971860647201538086e-01
9.970738887786865234e-01
9.969607591629028320e-01
9.968467950820922852e-01
9.967321753501892090e-01
9.966170191764831543e-01
9.965014457702636719e-01
9.963856935501098633e-01
9.962698221206665039e-01
9.961538910865783691e-01
9.960379004478454590e-01
9.959220886230468750e-01
9.958063364028930664e-01
9.956907629966735840e-01
9.955753087997436523e-01
9.954599142074584961e-01
9.953446984291076660e-01
9.952296018600463867e-01
9.951143264770507812e-01
9.949991703033447266e-01
9.948838949203491211e-01
9.947683811187744141e-01
9.946525692939758301e-01
9.945365190505981445e-01
9.944198131561279297e-01
9.943027496337890625e-01
9.941848516464233398e-01
9.940662384033203125e-01
9.939466714859008789e-01
9.938260316848754883e-01
9.937041401863098145e-01
9.935808181762695312e-01
9.934560060501098633e-01
9.933292865753173828e-01
9.932006597518920898e-01
9.930696487426757812e-01
9.929360151290893555e-01
9.927995800971984863e-01
9.926598668098449707e-01
9.925165176391601562e-01
9.923690557479858398e-01
9.922171831130981445e-01
9.920600652694702148e-01
9.918973445892333984e-01
9.917283654212951660e-01
9.915524721145629883e-01
9.913688898086547852e-01
9.911769628524780273e-01
9.909756183624267578e-01
9.907642602920532227e-01
9.905417561531066895e-01
9.903073310852050781e-01
9.900597929954528809e-01
9.897984266281127930e-01
9.895220994949340820e-01
9.892297983169555664e-01
9.889206886291503906e-01
9.885936975479125977e-01
9.882482886314392090e-01
9.878835678100585938e-01
9.874988794326782227e-01
9.870940446853637695e-01
9.866684675216674805e-01
9.862224459648132324e-01
9.857557415962219238e-01
9.852689504623413086e-01
9.847626090049743652e-01
9.842375516891479492e-01
9.836947917938232422e-01
9.831354618072509766e-01
9.825612306594848633e-01
9.819734096527099609e-01
9.813740849494934082e-01
9.807648658752441406e-01
9.801474809646606445e-01
9.795241355895996094e-01
9.788966178894042969e-01
9.782664775848388672e-01
9.776357412338256836e-01
9.770057797431945801e-01
9.763781428337097168e-01
9.757542014122009277e-01
9.751349687576293945e-01
9.745215773582458496e-01
9.739148616790771484e-01
9.733153581619262695e-01
9.727236628532409668e-01
9.721402525901794434e-01
9.715653657913208008e-01
9.709992408752441406e-01
9.704417586326599121e-01
9.698930978775024414e-01
9.693531394004821777e-01
9.688216447830200195e-01
9.682985544204711914e-01
9.677835702896118164e-01
9.672765135765075684e-01
9.667769074440002441e-01
9.662845134735107422e-01
9.657988548278808594e-01
9.653196334838867188e-01
9.648464918136596680e-01
9.643789529800415039e-01
9.639165401458740234e-01
9.634588360786437988e-01
9.630054235458374023e-01
9.625558257102966309e-01
9.621095657348632812e-01
9.616663455963134766e-01
9.612255096435546875e-01
9.607867002487182617e-01
9.603497385978698730e-01
9.599140882492065430e-01
9.594794511795043945e-01
9.590456485748291016e-01
9.586123228073120117e-01
9.581794738769531250e-01
9.577468633651733398e-01
9.573146104812622070e-01
9.568825960159301758e-01
9.564510583877563477e-01
9.560202360153198242e-01
9.555901288986206055e-01
9.551613330841064453e-01
9.547339677810668945e-01
9.543086290359497070e-01
9.538855552673339844e-01
9.534652233123779297e-01
9.530481100082397461e-01
9.526343941688537598e-01
9.522246122360229492e-01
9.518188238143920898e-01
9.514172077178955078e-01
9.510196447372436523e-01
9.506261348724365234e-01
9.502363204956054688e-01
9.498498439788818359e-01
9.494661092758178711e-01
9.490844011306762695e-01
9.487038254737854004e-01
9.483233690261840820e-01
9.479420781135559082e-01
9.475587606430053711e-01
9.471722841262817383e-01
9.467815160751342773e-01
9.463852643966674805e-01
9.459823966026306152e-01
9.455720782279968262e-01
9.451532363891601562e-01
9.447251558303833008e-01
9.442872405052185059e-01
9.438390135765075684e-01
9.433801174163818359e-01
9.429104328155517578e-01
9.424299001693725586e-01
9.419386386871337891e-01
9.414367675781250000e-01
9.409245848655700684e-01
9.404024481773376465e-01
9.398707747459411621e-01
9.393298625946044922e-01
9.387801289558410645e-01
9.382218718528747559e-01
9.376555085182189941e-01
9.370812177658081055e-01
9.364992380142211914e-01
9.359097480773925781e-01
9.353127479553222656e-01
9.347081780433654785e-01
9.340959191322326660e-01
9.334757328033447266e-01
9.328473210334777832e-01
9.322102069854736328e-01
9.315637350082397461e-01
9.309072494506835938e-01
9.302399754524230957e-01
9.295607805252075195e-01
9.288687109947204590e-01
9.281624555587768555e-01
9.274405241012573242e-01
9.267017841339111328e-01
9.259445071220397949e-01
9.251669645309448242e-01
9.243680238723754883e-01
9.235455989837646484e-01
9.226986169815063477e-01
9.218254089355468750e-01
9.209249615669250488e-01
9.199963808059692383e-01
9.190388917922973633e-01
9.180521965026855469e-01
9.170364141464233398e-01
9.159919023513793945e-01
9.149194955825805664e-01
9.138200283050537109e-01
9.126950502395629883e-01
9.115462303161621094e-01
9.103751778602600098e-01
9.091836810111999512e-01
9.079735279083251953e-01
9.067461490631103516e-01
9.055030941963195801e-01
9.042453765869140625e-01
9.029735326766967773e-01
9.016880989074707031e-01
9.003883600234985352e-01
8.990738391876220703e-01
8.977431058883666992e-01
8.963943719863891602e-01
8.950250148773193359e-01
8.936320543289184570e-01
8.922117948532104492e-01
8.907598853111267090e-01
8.892713785171508789e-01
8.877406716346740723e-01
8.861613273620605469e-01
8.845264315605163574e-01
8.828280568122863770e-01
8.810577988624572754e-01
8.792063593864440918e-01
8.772639036178588867e-01
8.752195239067077637e-01
8.730621337890625000e-01
8.707799911499023438e-01
8.683605194091796875e-01
