8.623832844574780276e-01
8.607774193548387576e-01
8.587903225806451379e-01
8.565131964809383769e-01
8.543724340175953280e-01
8.523942815249266891e-01
8.503721407624633688e-01
8.483504398826979820e-01
8.470394428152492328e-01
8.459837243401759910e-01
8.439813782991202329e-01
8.416246334310850674e-01
8.395595307917889105e-01
8.371521994134897282e-01
8.351362170087976988e-01
8.334822580645161461e-01
8.324151026392961894e-01
8.305546920821114121e-01
8.279806451612903295e-01
8.258894428152492306e-01
8.242000000000000437e-01
8.230461876832844137e-01
8.212255131964809607e-01
8.197998533724339953e-01
8.177643695014662484e-01
8.154973607038122907e-01
8.136982404692082449e-01
8.118510263929619164e-01
8.109387096774193227e-01
8.090957478005864623e-01
8.080568914956012261e-01
8.065159824046921333e-01
8.046469208211143309e-01
8.033269794721407120e-01
8.016617302052786442e-01
8.005195014662757069e-01
7.993651026392961656e-01
7.986486803519061706e-01
7.975989736070381309e-01
7.963941348973606615e-01
7.954086510263929100e-01
7.941964809384164381e-01
7.933988269794721715e-01
7.924834310850440433e-01
7.918409090909090953e-01
7.910678885630498813e-01
7.902565982404692324e-01
7.892796187683284170e-01
7.883517595307918402e-01
7.875976539589443215e-01
7.867570381231671073e-01
7.862939882697946858e-01
7.855875366568915164e-01
7.847112903225806901e-01
7.839997067448680745e-01
7.832489736070381570e-01
7.826255131964809930e-01
7.821343108504398289e-01
7.817129032258064436e-01
7.811881231671554682e-01
7.806445747800586643e-01
7.801803519061583092e-01
7.796497067448679985e-01
7.792218475073313666e-01
7.788146627565982749e-01
7.785187683284457982e-01
7.780208211143695429e-01
7.774268328445748111e-01
7.768586510263929545e-01
7.763530791788856300e-01
7.759409090909090700e-01
7.755747800586509921e-01
7.753184750733137509e-01
7.750885630498534073e-01
7.747114369501466591e-01
7.743315249266862210e-01
7.739442815249266694e-01
7.735739002932551234e-01
7.732356304985337214e-01
7.729857771260997268e-01
7.725850439882697707e-01
7.721843108504399256e-01
7.717590909090908946e-01
7.713841642228739248e-01
7.710545454545454369e-01
7.707079178885630766e-01
7.704989736070381179e-01
7.701966275659823946e-01
7.697356304985337738e-01
7.694099706744867984e-01
7.690335777126099392e-01
7.685739002932551189e-01
7.683458944281524872e-01
7.681262463343108138e-01
7.677384164222873508e-01
7.673684750733137383e-01
7.669381231671553723e-01
7.665740469208210950e-01
7.662353372434017595e-01
7.659882697947214547e-01
7.657324046920821470e-01
7.653447214076246619e-01
7.649768328445747390e-01
7.645129032258064505e-01
7.641299120234603670e-01
7.638115835777126161e-01
7.635458944281524607e-01
7.633406158357771698e-01
7.629970674486803439e-01
7.626133431085043712e-01
7.621964809384164097e-01
7.618549853372433844e-01
7.614978005865102872e-01
7.612485337243402039e-01
7.610239002932551733e-01
7.606508797653959153e-01
7.603054252199413776e-01
7.598744868035191002e-01
7.594973607038123520e-01
7.587372434017595202e-01
7.585170087976539355e-01
7.583149560117301569e-01
7.579736070381232205e-01
7.576173020527858792e-01
7.572265395894428597e-01
7.567744868035191086e-01
7.564645161290322051e-01
7.562130498533724543e-01
7.560087976539588972e-01
7.556347507331377944e-01
7.552898826979471680e-01
7.549385630498534061e-01
7.546309384164222589e-01
7.543202346041055772e-01
7.541171554252199538e-01
7.539390029325513387e-01
7.536662756598240254e-01
7.533787390029325071e-01
7.530605571847507340e-01
7.527882697947213542e-01
7.524956011730205008e-01
7.523168621700879743e-01
7.521533724340175864e-01
7.518774193548387608e-01
7.516019061583577576e-01
7.513265395894428433e-01
7.510973607038122779e-01
7.508702346041056241e-01
7.507165689149559729e-01
7.505919354838709312e-01
