2.119594335556030273e+00
2.104758501052856445e+00
2.087003469467163086e+00
2.068423986434936523e+00
2.053196907043457031e+00
2.047194957733154297e+00
2.055339336395263672e+00
2.075561523437500000e+00
2.097090005874633789e+00
2.111472129821777344e+00
2.123729228973388672e+00
2.148678302764892578e+00
2.205265045166015625e+00
2.315581083297729492e+00
2.487038373947143555e+00
2.673043966293334961e+00
2.849415063858032227e+00
2.997917652130126953e+00
3.072156667709350586e+00
3.088024377822875977e+00
3.064480304718017578e+00
3.031645774841308594e+00
2.983915805816650391e+00
2.915113210678100586e+00
2.810976505279541016e+00
2.679798841476440430e+00
2.544167757034301758e+00
2.396770238876342773e+00
2.262466907501220703e+00
2.133212089538574219e+00
2.021295547485351562e+00
1.944772124290466309e+00
1.900171518325805664e+00
1.870272517204284668e+00
1.855566382408142090e+00
1.851135134696960449e+00
1.852163672447204590e+00
1.856351971626281738e+00
1.861622214317321777e+00
1.864903211593627930e+00
1.863420128822326660e+00
1.858549475669860840e+00
1.860929608345031738e+00
1.894717454910278320e+00
1.961519002914428711e+00
2.003542423248291016e+00
2.029039144515991211e+00
2.059122085571289062e+00
2.091125488281250000e+00
2.121879577636718750e+00
2.150685071945190430e+00
2.176958084106445312e+00
2.198372602462768555e+00
2.212469339370727539e+00
2.216790199279785156e+00
2.211303472518920898e+00
2.198308944702148438e+00
2.180664300918579102e+00
2.160362482070922852e+00
2.138478040695190430e+00
2.116082191467285156e+00
2.094480037689208984e+00
2.074978828430175781e+00
2.058408737182617188e+00
2.045644044876098633e+00
2.037433862686157227e+00
2.035089731216430664e+00
2.041063785552978516e+00
2.059318780899047852e+00
2.095203399658203125e+00
2.152090787887573242e+00
2.220795154571533203e+00
2.268078327178955078e+00
2.281140327453613281e+00
2.283774375915527344e+00
2.271299839019775391e+00
2.243623256683349609e+00
2.208125591278076172e+00
2.189708709716796875e+00
2.208425283432006836e+00
2.245069503784179688e+00
2.284243583679199219e+00
2.329095125198364258e+00
2.397024154663085938e+00
2.506718635559082031e+00
2.644587278366088867e+00
2.742280483245849609e+00
2.776642560958862305e+00
2.766640186309814453e+00
2.699317455291748047e+00
2.591235637664794922e+00
2.445249319076538086e+00
2.313262701034545898e+00
2.236460685729980469e+00
2.233446359634399414e+00
2.248704910278320312e+00
2.269004106521606445e+00
2.296692848205566406e+00
2.320070505142211914e+00
2.337922334671020508e+00
2.347207069396972656e+00
2.342326879501342773e+00
2.316984176635742188e+00
2.267026901245117188e+00
2.199595451354980469e+00
2.133615732192993164e+00
2.085879564285278320e+00
2.066767930984497070e+00
2.070678710937500000e+00
2.086025953292846680e+00
2.109919071197509766e+00
2.142129182815551758e+00
2.177128314971923828e+00
2.202409744262695312e+00
2.209505558013916016e+00
2.202649593353271484e+00
2.189041852951049805e+00
2.174294471740722656e+00
2.156622409820556641e+00
2.134165525436401367e+00
2.109015941619873047e+00
2.084910631179809570e+00
2.067101955413818359e+00
2.055040597915649414e+00
2.047952413558959961e+00
2.048545360565185547e+00
2.056421041488647461e+00
2.067468881607055664e+00
2.077786922454833984e+00
2.084663152694702148e+00
2.086326837539672852e+00
2.081090927124023438e+00
2.068141460418701172e+00
2.047614812850952148e+00
2.021491765975952148e+00
1.994055509567260742e+00
1.970685720443725586e+00
1.955808281898498535e+00
1.950256466865539551e+00
1.953087449073791504e+00
1.967568039894104004e+00
1.998878240585327148e+00
2.043001413345336914e+00
2.092143774032592773e+00
2.141397476196289062e+00
2.180451154708862305e+00
2.204595565795898438e+00
2.220007896423339844e+00
2.225290298461914062e+00
2.213401317596435547e+00
2.183028221130371094e+00
2.142725944519042969e+00
2.104987144470214844e+00
2.072859525680541992e+00
2.043098688125610352e+00
2.019634008407592773e+00
2.009853363037109375e+00
2.013324975967407227e+00
2.023986577987670898e+00
2.039335012435913086e+00
2.060719251632690430e+00
2.092556476593017578e+00
2.135345220565795898e+00
2.182202100753784180e+00
2.224291563034057617e+00
2.256836414337158203e+00
2.276958703994750977e+00
2.281261444091796875e+00
2.268146038055419922e+00
2.243947029113769531e+00
2.213329076766967773e+00
2.171720027923583984e+00
2.123630285263061523e+00
2.082334518432617188e+00
2.052186250686645508e+00
2.031459331512451172e+00
2.021884441375732422e+00
2.028339862823486328e+00
2.052025794982910156e+00
2.092024087905883789e+00
2.147865772247314453e+00
2.216753244400024414e+00
2.301962375640869141e+00
2.417926311492919922e+00
2.535427808761596680e+00
2.603921413421630859e+00
2.635273694992065430e+00
2.642846584320068359e+00
2.615300416946411133e+00
2.551552295684814453e+00
2.467379093170166016e+00
2.380307435989379883e+00
2.303271532058715820e+00
2.242975950241088867e+00
2.219067573547363281e+00
2.247937202453613281e+00
2.296634435653686523e+00
2.388591051101684570e+00
2.457180738449096680e+00
2.505021333694458008e+00
2.537949800491333008e+00
2.542451620101928711e+00
2.520461082458496094e+00
2.477440357208251953e+00
2.414868116378784180e+00
2.334467172622680664e+00
2.250224590301513672e+00
2.179465770721435547e+00
2.129042148590087891e+00
2.096522808074951172e+00
2.061554670333862305e+00
2.000106334686279297e+00
1.947209358215332031e+00
2.084587097167968750e+00
2.183669328689575195e+00
2.502454996109008789e+00
2.623576402664184570e+00
2.823964834213256836e+00
2.802237987518310547e+00
2.767416715621948242e+00
2.631164073944091797e+00
2.594771146774291992e+00
2.630978584289550781e+00
2.666618585586547852e+00
2.691279172897338867e+00
2.698762655258178711e+00
2.670116186141967773e+00
2.586177110671997070e+00
2.439231872558593750e+00
2.265142917633056641e+00
2.057541370391845703e+00
1.929809570312500000e+00
1.886621117591857910e+00
1.869534730911254883e+00
1.937684178352355957e+00
2.074888229370117188e+00
2.203894615173339844e+00
2.491408586502075195e+00
2.389625549316406250e+00
2.442955970764160156e+00
2.392832994461059570e+00
2.271604061126708984e+00
2.169641494750976562e+00
2.094799757003784180e+00
2.120225906372070312e+00
2.189941644668579102e+00
2.318281412124633789e+00
2.665895462036132812e+00
2.855791330337524414e+00
3.062427043914794922e+00
3.088797092437744141e+00
3.144835710525512695e+00
3.163942575454711914e+00
3.118386030197143555e+00
2.966115474700927734e+00
2.535561323165893555e+00
2.308925390243530273e+00
