1.464286446571350098e-01
1.464290320873260498e-01
1.464294493198394775e-01
1.464298218488693237e-01
1.464301943778991699e-01
1.464305520057678223e-01
1.464309543371200562e-01
1.464313417673110962e-01
1.464318037033081055e-01
1.464322656393051147e-01
1.464327573776245117e-01
1.464331448078155518e-01
1.464336961507797241e-01
1.464342027902603149e-01
1.464347243309020996e-01
1.464352905750274658e-01
1.464359015226364136e-01
1.464364528656005859e-01
1.464370191097259521e-01
1.464377343654632568e-01
1.464383602142333984e-01
1.464390605688095093e-01
1.464398801326751709e-01
1.464405953884124756e-01
1.464412063360214233e-01
1.464421153068542480e-01
1.464431136846542358e-01
1.464439481496810913e-01
1.464449018239974976e-01
1.464458703994750977e-01
1.464469730854034424e-01
1.464481800794601440e-01
1.464492678642272949e-01
1.464504599571228027e-01
1.464519202709197998e-01
1.464531868696212769e-01
1.464546620845794678e-01
1.464562416076660156e-01
1.464579403400421143e-01
1.464598476886749268e-01
1.464617252349853516e-01
1.464637368917465210e-01
1.464659124612808228e-01
1.464683413505554199e-01
1.464709788560867310e-01
1.464739143848419189e-01
1.464769244194030762e-01
1.464803367853164673e-01
1.464841961860656738e-01
1.464881747961044312e-01
1.464927494525909424e-01
1.464978754520416260e-01
1.465034931898117065e-01
1.465098112821578979e-01
1.465170830488204956e-01
1.465253233909606934e-01
1.465348452329635620e-01
1.465456187725067139e-01
1.465584337711334229e-01
1.465734094381332397e-01
1.465910673141479492e-01
1.466124951839447021e-01
1.466387063264846802e-01
1.466711759567260742e-01
1.467126011848449707e-01
1.467668414115905762e-01
1.468400359153747559e-01
1.469425708055496216e-01
1.470931172370910645e-01
1.473262161016464233e-01
1.477086544036865234e-01
1.483807414770126343e-01
1.496568918228149414e-01
1.523053497076034546e-01
1.583923995494842529e-01
1.731779575347900391e-01
1.938156932592391968e-01
1.981335729360580444e-01
2.039233595132827759e-01
2.075540572404861450e-01
2.107252776622772217e-01
2.163107842206954956e-01
2.224327176809310913e-01
2.134204804897308350e-01
1.799049377441406250e-01
1.490351110696792603e-01
1.363880336284637451e-01
1.294212937355041504e-01
1.312280744314193726e-01
1.388017237186431885e-01
1.640493124723434448e-01
1.911935508251190186e-01
1.999594420194625854e-01
2.033582180738449097e-01
2.075622826814651489e-01
2.101174741983413696e-01
2.136582732200622559e-01
2.165972888469696045e-01
2.190028280019760132e-01
2.212072461843490601e-01
2.235901951789855957e-01
2.264217436313629150e-01
2.299365252256393433e-01
2.343740165233612061e-01
2.399722635746002197e-01
2.469322383403778076e-01
2.553716003894805908e-01
2.652838826179504395e-01
2.765893042087554932e-01
2.893891334533691406e-01
3.041480481624603271e-01
3.212797641754150391e-01
3.406086266040802002e-01
3.615939021110534668e-01
3.839531838893890381e-01
4.075595736503601074e-01
4.314171373844146729e-01
4.548654258251190186e-01
4.781987965106964111e-01
5.013390183448791504e-01
5.235221385955810547e-01
5.437996387481689453e-01
5.622656345367431641e-01
5.791075825691223145e-01
5.941429138183593750e-01
6.071909666061401367e-01
6.185719966888427734e-01
6.287304759025573730e-01
6.377835869789123535e-01
6.457346677780151367e-01
6.528218388557434082e-01
6.595850586891174316e-01
6.667631268501281738e-01
6.751374006271362305e-01
6.852560639381408691e-01
6.969944834709167480e-01
7.093376517295837402e-01
7.210508584976196289e-01
7.316628694534301758e-01
7.414410710334777832e-01
7.507199048995971680e-01
7.595798373222351074e-01
7.679098248481750488e-01
7.755234241485595703e-01
7.823132276535034180e-01
7.884407043457031250e-01
7.943238019943237305e-01
8.004298210144042969e-01
8.071104884147644043e-01
8.145426511764526367e-01
8.227347731590270996e-01
8.315795063972473145e-01
8.408765196800231934e-01
8.503208160400390625e-01
8.595154285430908203e-01
8.680564761161804199e-01
8.757183551788330078e-01
8.825175166130065918e-01
8.885539770126342773e-01
8.939504623413085938e-01
8.989147543907165527e-01
9.036955833435058594e-01
9.084936976432800293e-01
9.134293794631958008e-01
9.185593724250793457e-01
9.239360094070434570e-01
9.296177625656127930e-01
9.356083869934082031e-01
9.418198466300964355e-01
9.479011893272399902e-01
9.530718326568603516e-01
9.569630622863769531e-01
9.598321914672851562e-01
9.619746208190917969e-01
9.635892510414123535e-01
9.648020267486572266e-01
9.657015800476074219e-01
9.663658738136291504e-01
9.668581485748291016e-01
9.672187566757202148e-01
9.674707055091857910e-01
9.676308631896972656e-01
9.677155613899230957e-01
9.677441120147705078e-01
9.677402973175048828e-01
9.677270650863647461e-01
9.677200317382812500e-01
9.677266478538513184e-01
9.677514433860778809e-01
9.677999019622802734e-01
9.678792357444763184e-01
9.679931998252868652e-01
9.681338071823120117e-01
9.682770371437072754e-01
9.683923721313476562e-01
9.684579968452453613e-01
9.684668183326721191e-01
9.684178233146667480e-01
9.683121442794799805e-01
9.681581854820251465e-01
9.679731130599975586e-01
9.677752256393432617e-01
9.675822257995605469e-01
9.674241542816162109e-01
9.673370122909545898e-01
9.673431515693664551e-01
9.674451351165771484e-01
9.676309823989868164e-01
9.678735136985778809e-01
9.681313037872314453e-01
9.683612585067749023e-01
9.685359001159667969e-01
9.686453342437744141e-01
9.686838388442993164e-01
9.686363935470581055e-01
9.684829711914062500e-01
9.682234525680541992e-01
9.679106473922729492e-01
9.676273465156555176e-01
9.674113988876342773e-01
9.672482609748840332e-01
9.671106338500976562e-01
9.669793248176574707e-01
9.668444395065307617e-01
9.667031764984130859e-01
9.665588736534118652e-01
9.664194583892822266e-01
9.662989974021911621e-01
9.662163257598876953e-01
9.661941528320312500e-01
9.662529230117797852e-01
9.663974046707153320e-01
9.666029214859008789e-01
9.668155312538146973e-01
9.669764041900634766e-01
9.670474529266357422e-01
9.670022130012512207e-01
9.668021798133850098e-01
9.664055109024047852e-01
9.658378958702087402e-01
9.652836322784423828e-01
9.649791121482849121e-01
9.649981856346130371e-01
9.653093218803405762e-01
9.658251404762268066e-01
9.663419127464294434e-01
9.666481614112854004e-01
9.667227864265441895e-01
9.666298627853393555e-01
9.663944840431213379e-01
9.660248756408691406e-01
9.655602574348449707e-01
9.650726318359375000e-01
9.645984768867492676e-01
9.640890359878540039e-01
9.634405374526977539e-01
9.625558853149414062e-01
