1.603694260120391846e-01
1.526772826910018921e-01
1.445017904043197632e-01
1.359241902828216553e-01
1.272399276494979858e-01
1.189087778329849243e-01
1.113224253058433533e-01
1.046263501048088074e-01
9.885467588901519775e-02
9.403158724308013916e-02
9.007297456264495850e-02
8.685633540153503418e-02
8.432893455028533936e-02
8.244302123785018921e-02
8.109612017869949341e-02
8.015872538089752197e-02
7.951442897319793701e-02
7.907361537218093872e-02
7.876884937286376953e-02
7.854505628347396851e-02
7.834866642951965332e-02
7.811754196882247925e-02
7.777171581983566284e-02
7.720571011304855347e-02
7.628810405731201172e-02
7.487928122282028198e-02
7.287920266389846802e-02
7.030258327722549438e-02
6.734085083007812500e-02
6.434234231710433960e-02
6.169178709387779236e-02
5.966841429471969604e-02
5.837726965546607971e-02
5.777016282081604004e-02
5.770869180560112000e-02
5.802630260586738586e-02
5.856620892882347107e-02
5.918486788868904114e-02
5.972694233059883118e-02
5.998111516237258911e-02
5.962889268994331360e-02
5.824873968958854675e-02
5.553255230188369751e-02
5.175362154841423035e-02
4.788407683372497559e-02
4.490357637405395508e-02
4.321165010333061218e-02
4.263800755143165588e-02
4.266117885708808899e-02
4.284413903951644897e-02
4.301929846405982971e-02
4.315848276019096375e-02
4.326797649264335632e-02
4.335645958781242371e-02
4.343013092875480652e-02
4.349269717931747437e-02
4.354675486683845520e-02
4.359416663646697998e-02
4.363640770316123962e-02
4.367475956678390503e-02
4.371039196848869324e-02
4.374445974826812744e-02
4.377812892198562622e-02
4.381256550550460815e-02
4.384905099868774414e-02
4.388906434178352356e-02
4.393419250845909119e-02
4.398649558424949646e-02
4.404823854565620422e-02
4.412221908569335938e-02
4.421197995543479919e-02
4.432170838117599487e-02
4.445657134056091309e-02
4.462300613522529602e-02
4.482866451144218445e-02
4.508293047547340393e-02
4.539694637060165405e-02
4.578374698758125305e-02
4.625841602683067322e-02
4.683778807520866394e-02
4.753968864679336548e-02
4.838185012340545654e-02
4.937995597720146179e-02
5.054485425353050232e-02
5.187946557998657227e-02
5.337496101856231689e-02
5.500867217779159546e-02
5.674359947443008423e-02
5.853105708956718445e-02
6.031621620059013367e-02
6.204545125365257263e-02
6.367336213588714600e-02
6.516733765602111816e-02
6.650915741920471191e-02
6.769387423992156982e-02
6.872639805078506470e-02
6.961814314126968384e-02
7.038393616676330566e-02
7.103969901800155640e-02
7.160127907991409302e-02
7.208311557769775391e-02
7.249809056520462036e-02
7.285773009061813354e-02
7.317188382148742676e-02
7.344885915517807007e-02
7.369580864906311035e-02
7.391877472400665283e-02
7.412271946668624878e-02
7.431194186210632324e-02
7.449010014533996582e-02
7.466018199920654297e-02
7.482481747865676880e-02
7.498638331890106201e-02
7.514671981334686279e-02
7.530768215656280518e-02
7.547092437744140625e-02
7.563788443803787231e-02
7.581000030040740967e-02
7.598864287137985229e-02
7.617530971765518188e-02
7.637137174606323242e-02
7.657814770936965942e-02
7.679718732833862305e-02
7.703024148941040039e-02
7.727900892496109009e-02
7.754532247781753540e-02
7.783119380474090576e-02
7.813899964094161987e-02
7.847125828266143799e-02
7.883074879646301270e-02
7.922057807445526123e-02
7.964425534009933472e-02
8.010563999414443970e-02
8.060918003320693970e-02
8.115974813699722290e-02
8.176297694444656372e-02
8.242513984441757202e-02
8.315333724021911621e-02
8.395568281412124634e-02
8.484123647212982178e-02
8.582036942243576050e-02
8.690479397773742676e-02
8.810785412788391113e-02
8.944469690322875977e-02
9.093232452869415283e-02
9.258993715047836304e-02
9.443917870521545410e-02
9.650396555662155151e-02
9.881091862916946411e-02
1.013890579342842102e-01
1.042692959308624268e-01
1.074841096997261047e-01
1.110664829611778259e-01
1.150486096739768982e-01
1.194604188203811646e-01
1.243276000022888184e-01
1.296700835227966309e-01
1.355004310607910156e-01
1.418228894472122192e-01
1.486344337463378906e-01
1.559280455112457275e-01
1.636981070041656494e-01
1.719480454921722412e-01
1.806970387697219849e-01
1.899782866239547729e-01
1.998293846845626831e-01
2.102763354778289795e-01
2.213207930326461792e-01
2.329372465610504150e-01
2.450797557830810547e-01
2.576906681060791016e-01
2.707045078277587891e-01
2.840465605258941650e-01
2.976285815238952637e-01
3.113474845886230469e-01
3.250876963138580322e-01
3.387270867824554443e-01
3.521427810192108154e-01
3.652174472808837891e-01
3.778450787067413330e-01
3.899364471435546875e-01
4.014250338077545166e-01
4.122696518898010254e-01
4.224555194377899170e-01
4.319927096366882324e-01
4.409132599830627441e-01
4.492679536342620850e-01
4.571222662925720215e-01
4.645503461360931396e-01
4.716289043426513672e-01
4.784305691719055176e-01
4.850179851055145264e-01
4.914380311965942383e-01
4.977156519889831543e-01
5.038492083549499512e-01
5.098092555999755859e-01
5.155445933341979980e-01
5.209953784942626953e-01
5.261070728302001953e-01
5.308403372764587402e-01
5.351747274398803711e-01
5.391066670417785645e-01
5.426467061042785645e-01
5.458152890205383301e-01
5.486398935317993164e-01
5.511510968208312988e-01
5.533794760704040527e-01
5.553529858589172363e-01
5.570994019508361816e-01
5.586481094360351562e-01
5.600278377532958984e-01
5.612654089927673340e-01
5.623843669891357422e-01
5.634052753448486328e-01
5.643458366394042969e-01
5.652210712432861328e-01
5.660441517829895020e-01
5.668254494667053223e-01
5.675737261772155762e-01
5.682958364486694336e-01
5.689966082572937012e-01
5.696800351142883301e-01
5.703482031822204590e-01
5.710022449493408203e-01
5.716425776481628418e-01
5.722686052322387695e-01
5.728796124458312988e-01
5.734742283821105957e-01
5.740510821342468262e-01
5.746084451675415039e-01
5.751451849937438965e-01
5.756597518920898438e-01
5.761510133743286133e-01
5.766180157661437988e-01
5.770601630210876465e-01
5.774767994880676270e-01
5.778680443763732910e-01
5.782337188720703125e-01
5.785739421844482422e-01
5.788894891738891602e-01
5.791807770729064941e-01
5.794485807418823242e-01
5.796938538551330566e-01
5.799175500869750977e-01
5.801206827163696289e-01
5.803043246269226074e-01
5.804696679115295410e-01
5.806177854537963867e-01
5.807498693466186523e-01
5.808666944503784180e-01
5.809696316719055176e-01
5.810596346855163574e-01
5.811375379562377930e-01
5.812043547630310059e-01
5.812609195709228516e-01
5.813079476356506348e-01
5.813463330268859863e-01
