5.657133879140019417e-04
5.884030833840370178e-04
6.087789079174399376e-04
6.309200543910264969e-04
6.546911899931728840e-04
6.796076777391135693e-04
7.037973264232277870e-04
7.279208512045443058e-04
7.517276098951697350e-04
7.771486416459083557e-04
8.028266602195799351e-04
8.268243400380015373e-04
8.496451773680746555e-04
8.756158058531582355e-04
9.067512000910937786e-04
9.397190297022461891e-04
9.692832245491445065e-04
9.985840879380702972e-04
1.030175248160958290e-03
1.068874262273311615e-03
1.120547647587954998e-03
1.180583261884748936e-03
1.239233301021158695e-03
1.288785249926149845e-03
1.331881736405193806e-03
1.372794387862086296e-03
1.420926069840788841e-03
1.500877086073160172e-03
1.616904861293733120e-03
1.722242217510938644e-03
1.790520153008401394e-03
1.842312398366630077e-03
1.886681769974529743e-03
1.924062264151871204e-03
1.965934643521904945e-03
2.011730102822184563e-03
2.051505260169506073e-03
2.088223351165652275e-03
2.137356670573353767e-03
2.214523963630199432e-03
2.299072686582803726e-03
2.362076193094253540e-03
2.404980594292283058e-03
2.441066782921552658e-03
2.487832913175225258e-03
2.546387957409024239e-03
2.603562315925955772e-03
2.653688425198197365e-03
2.702743280678987503e-03
2.758122282102704048e-03
2.819129265844821930e-03
2.879540203139185905e-03
2.946692751720547676e-03
3.019224852323532104e-03
3.076673950999975204e-03
3.134859725832939148e-03
3.197575220838189125e-03
3.256565658375620842e-03
3.328859340399503708e-03
3.417450003325939178e-03
3.514142939820885658e-03
3.600622760131955147e-03
3.661426249891519547e-03
3.717559855431318283e-03
3.786274231970310211e-03
3.858406562358140945e-03
3.930849488824605942e-03
4.010959994047880173e-03
4.092043265700340271e-03
4.174501635134220123e-03
4.262457601726055145e-03
4.350127186626195908e-03
4.439629614353179932e-03
4.538467619568109512e-03
4.641905426979064941e-03
4.731744062155485153e-03
4.839743021875619888e-03
4.971486516296863556e-03
5.080737639218568802e-03
5.169412586838006973e-03
5.260480102151632309e-03
5.377521738409996033e-03
5.515160039067268372e-03
5.664280150085687637e-03
5.821659695357084274e-03
5.941694136708974838e-03
6.031204480677843094e-03
6.182969547808170319e-03
6.411259528249502182e-03
6.655130069702863693e-03
6.912996992468833923e-03
7.166055031120777130e-03
7.399728521704673767e-03
7.621030788868665695e-03
7.810508366674184799e-03
8.029239252209663391e-03
8.286335505545139313e-03
8.554470725357532501e-03
8.835773915052413940e-03
9.089275263249874115e-03
9.354362264275550842e-03
9.637237526476383209e-03
9.932143613696098328e-03
1.023005601018667221e-02
1.056377217173576355e-02
1.091195922344923019e-02
1.124622672796249390e-02
1.153734419494867325e-02
1.177088730037212372e-02
1.204436086118221283e-02
1.234493125230073929e-02
1.267029810696840286e-02
1.297205314040184021e-02
1.329459808766841888e-02
1.362371072173118591e-02
1.392939873039722443e-02
1.422568596899509430e-02
1.447089388966560364e-02
1.477224752306938171e-02
1.507097668945789337e-02
1.536163687705993652e-02
1.558755710721015930e-02
1.579268835484981537e-02
1.600256375968456268e-02
1.620419509708881378e-02
1.645532622933387756e-02
1.672000810503959656e-02
1.698773354291915894e-02
1.723051071166992188e-02
1.741678640246391296e-02
1.760081015527248383e-02
1.778470538556575775e-02
1.802000962197780609e-02
1.825840398669242859e-02
1.849212497472763062e-02
1.870911568403244019e-02
1.887863129377365112e-02
1.905252039432525635e-02
1.924007013440132141e-02
1.947638578712940216e-02
1.967706531286239624e-02
1.988644711673259735e-02
2.008567750453948975e-02
2.022258378565311432e-02
2.036964148283004761e-02
2.054764330387115479e-02
2.077514864504337311e-02
2.100173197686672211e-02
2.119977958500385284e-02
2.139343507587909698e-02
2.157843671739101410e-02
2.177022397518157959e-02
2.196091227233409882e-02
2.215252444148063660e-02
2.233829535543918610e-02
2.256334759294986725e-02
2.279151603579521179e-02
2.294717729091644287e-02
2.306075952947139740e-02
2.318339981138706207e-02
2.336261048913002014e-02
2.356462553143501282e-02
2.374185621738433838e-02
2.391739189624786377e-02
2.411216869950294495e-02
2.433521486818790436e-02
2.455222606658935547e-02
2.475411258637905121e-02
2.497003786265850067e-02
2.521103248000144958e-02
2.544646337628364563e-02
2.561645582318305969e-02
2.576263248920440674e-02
2.593382075428962708e-02
2.610708773136138916e-02
2.628904767334461212e-02
2.651022933423519135e-02
2.675978466868400574e-02
2.696660533547401428e-02
2.711760625243186951e-02
2.728189900517463684e-02
2.747312188148498535e-02
2.766036614775657654e-02
2.784629911184310913e-02
2.805918641388416290e-02
2.832444012165069580e-02
2.863548696041107178e-02
2.895340323448181152e-02
2.926114574074745178e-02
2.955705113708972931e-02
2.983669005334377289e-02
3.014836832880973816e-02
3.051163814961910248e-02
3.084138594567775726e-02
3.112042136490345001e-02
3.143134713172912598e-02
3.174716234207153320e-02
3.205578029155731201e-02
3.243301808834075928e-02
3.286762535572052002e-02
3.327793627977371216e-02
3.363190591335296631e-02
3.396036848425865173e-02
3.432983160018920898e-02
3.474999591708183289e-02
3.517130389809608459e-02
3.557076305150985718e-02
3.586409613490104675e-02
3.608341887593269348e-02
3.631082177162170410e-02
3.653041273355484009e-02
3.672609105706214905e-02
3.683893010020256042e-02
3.693232312798500061e-02
3.704838082194328308e-02
3.718871250748634338e-02
3.733593970537185669e-02
3.743711486458778381e-02
3.753634542226791382e-02
3.766058012843132019e-02
3.782553225755691528e-02
3.794120624661445618e-02
3.801409900188446045e-02
3.808850422501564026e-02
3.814948722720146179e-02
3.820874541997909546e-02
3.826216235756874084e-02
3.833704441785812378e-02
3.839741274714469910e-02
3.842796385288238525e-02
3.845760226249694824e-02
3.846945986151695251e-02
3.848699480295181274e-02
3.848575055599212646e-02
3.851636126637458801e-02
3.852414712309837341e-02
3.852231800556182861e-02
3.850260749459266663e-02
3.850097209215164185e-02
3.850467130541801453e-02
3.849081322550773621e-02
3.847503289580345154e-02
3.845439106225967407e-02
3.846617415547370911e-02
3.843097761273384094e-02
3.840459510684013367e-02
3.840442001819610596e-02
3.837691992521286011e-02
3.832819685339927673e-02
3.829061239957809448e-02
3.827321156859397888e-02
3.820352256298065186e-02
3.817970305681228638e-02
3.810719400644302368e-02
3.802423179149627686e-02
3.799044713377952576e-02
3.788052499294281006e-02
