2.091902256011962891e+00
2.074895143508911133e+00
2.054438829421997070e+00
2.032767057418823242e+00
2.014303922653198242e+00
2.005222797393798828e+00
2.011169910430908203e+00
2.031962633132934570e+00
2.057848453521728516e+00
2.077721118927001953e+00
2.093635082244873047e+00
2.121408224105834961e+00
2.182355165481567383e+00
2.299203634262084961e+00
2.476100683212280273e+00
2.668771743774414062e+00
2.836590290069580078e+00
2.973378658294677734e+00
3.065953731536865234e+00
3.088339567184448242e+00
3.076735258102416992e+00
3.047911882400512695e+00
2.999011754989624023e+00
2.919695854187011719e+00
2.809285879135131836e+00
2.684002637863159180e+00
2.552098274230957031e+00
2.416417360305786133e+00
2.269362926483154297e+00
2.126933813095092773e+00
2.008490324020385742e+00
1.902837038040161133e+00
1.841778278350830078e+00
1.804153323173522949e+00
1.782014846801757812e+00
1.771690726280212402e+00
1.769675850868225098e+00
1.772601008415222168e+00
1.777810692787170410e+00
1.782386183738708496e+00
1.783089518547058105e+00
1.779771685600280762e+00
1.779890179634094238e+00
1.797951579093933105e+00
1.848337769508361816e+00
1.919644474983215332e+00
1.979012250900268555e+00
2.019126415252685547e+00
2.052656650543212891e+00
2.087294578552246094e+00
2.122949600219726562e+00
2.157538175582885742e+00
2.186506271362304688e+00
2.204768419265747070e+00
2.209140777587890625e+00
2.200949192047119141e+00
2.184360504150390625e+00
2.162842273712158203e+00
2.138350963592529297e+00
2.112146377563476562e+00
2.085703372955322266e+00
2.060736417770385742e+00
2.038600683212280273e+00
2.019733905792236328e+00
2.004579782485961914e+00
1.993937730789184570e+00
1.989448428153991699e+00
1.994078159332275391e+00
2.012511730194091797e+00
2.051028251647949219e+00
2.113677978515625000e+00
2.192677736282348633e+00
2.263150930404663086e+00
2.298233032226562500e+00
2.295912027359008789e+00
2.272866725921630859e+00
2.240132093429565430e+00
2.198399543762207031e+00
2.172999858856201172e+00
2.190114736557006836e+00
2.230302572250366211e+00
2.274178981781005859e+00
2.324745893478393555e+00
2.396849393844604492e+00
2.504799842834472656e+00
2.635471820831298828e+00
2.733492374420166016e+00
2.772124528884887695e+00
2.766055583953857422e+00
2.714463710784912109e+00
2.616590023040771484e+00
2.465626239776611328e+00
2.317531824111938477e+00
2.222365617752075195e+00
2.223665714263916016e+00
2.233795404434204102e+00
2.262893438339233398e+00
2.290710449218750000e+00
2.316951751708984375e+00
2.338681936264038086e+00
2.350857734680175781e+00
2.347841739654541016e+00
2.321914672851562500e+00
2.266552686691284180e+00
2.187136888504028320e+00
2.107792377471923828e+00
2.053846597671508789e+00
2.027406692504882812e+00
2.023397207260131836e+00
2.041553258895874023e+00
2.070992708206176758e+00
2.109101533889770508e+00
2.151940822601318359e+00
2.187936067581176758e+00
2.203356742858886719e+00
2.195438385009765625e+00
2.175953626632690430e+00
2.156048774719238281e+00
2.134232759475708008e+00
2.107541561126708984e+00
2.078118562698364258e+00
2.050171852111816406e+00
2.029191017150878906e+00
2.014918565750122070e+00
2.006007432937622070e+00
2.004916191101074219e+00
2.012393474578857422e+00
2.024942159652709961e+00
2.037858963012695312e+00
2.047312021255493164e+00
2.050757408142089844e+00
2.046049356460571289e+00
2.031977176666259766e+00
2.008712768554687500e+00
1.978548407554626465e+00
1.946134090423583984e+00
1.916963696479797363e+00
1.895500659942626953e+00
1.883440732955932617e+00
1.881237626075744629e+00
1.892610669136047363e+00
1.924502015113830566e+00
1.978185772895812988e+00
2.043069124221801758e+00
2.104849815368652344e+00
2.156229019165039062e+00
2.195660114288330078e+00
2.220202684402465820e+00
2.224123716354370117e+00
2.205671310424804688e+00
2.167745351791381836e+00
2.119213819503784180e+00
2.073818206787109375e+00
2.035890340805053711e+00
2.001720905303955078e+00
1.974782466888427734e+00
1.960670471191406250e+00
1.960289597511291504e+00
1.970066666603088379e+00
1.987467646598815918e+00
2.012661218643188477e+00
2.049198865890502930e+00
2.098203659057617188e+00
2.154353857040405273e+00
2.210507631301879883e+00
2.258167028427124023e+00
2.284875631332397461e+00
2.285328865051269531e+00
2.267116069793701172e+00
2.239663839340209961e+00
2.203809976577758789e+00
2.154166698455810547e+00
2.097057104110717773e+00
2.048116683959960938e+00
2.011403799057006836e+00
1.986554980278015137e+00
1.974345207214355469e+00
1.977700114250183105e+00
2.000597238540649414e+00
2.044597148895263672e+00
2.108064651489257812e+00
2.186982870101928711e+00
2.288386583328247070e+00
2.424137592315673828e+00
2.555954456329345703e+00
2.623493432998657227e+00
2.641588687896728516e+00
2.642501592636108398e+00
2.620845794677734375e+00
2.567831993103027344e+00
2.485836982727050781e+00
2.390601158142089844e+00
2.299750566482543945e+00
2.232176065444946289e+00
2.203448534011840820e+00
2.230439662933349609e+00
2.307886362075805664e+00
2.392200469970703125e+00
2.456920385360717773e+00
2.508368968963623047e+00
2.543410301208496094e+00
2.547394275665283203e+00
2.523128986358642578e+00
2.480073451995849609e+00
2.416236162185668945e+00
2.332177877426147461e+00
2.241585731506347656e+00
2.164554595947265625e+00
2.104630231857299805e+00
2.062429428100585938e+00
2.021397590637207031e+00
1.956937313079833984e+00
1.895774483680725098e+00
1.997499108314514160e+00
2.243304729461669922e+00
2.463091611862182617e+00
2.673135519027709961e+00
2.892533063888549805e+00
2.871471881866455078e+00
2.709734439849853516e+00
2.640733003616333008e+00
2.637480020523071289e+00
2.661713361740112305e+00
2.696618318557739258e+00
2.725298404693603516e+00
2.733108997344970703e+00
2.701595306396484375e+00
2.615127801895141602e+00
2.459078073501586914e+00
2.249690771102905273e+00
2.018326520919799805e+00
1.877221941947937012e+00
1.799169421195983887e+00
1.794788479804992676e+00
1.832695364952087402e+00
1.953692197799682617e+00
2.210312128067016602e+00
2.447222471237182617e+00
2.550826787948608398e+00
2.558526992797851562e+00
2.446432352066040039e+00
2.291793584823608398e+00
2.132591485977172852e+00
2.074174165725708008e+00
2.085252046585083008e+00
2.150700330734252930e+00
2.322610855102539062e+00
2.634965181350708008e+00
2.887765169143676758e+00
3.070910692214965820e+00
3.114087820053100586e+00
3.113451004028320312e+00
3.113970994949340820e+00
3.105941772460937500e+00
2.936530828475952148e+00
2.598492622375488281e+00
2.379280805587768555e+00
