1.754113435745239258e-01
1.769308745861053467e-01
1.785072684288024902e-01
1.801350861787796021e-01
1.818076968193054199e-01
1.835171878337860107e-01
1.852546334266662598e-01
1.870098859071731567e-01
1.887720674276351929e-01
1.905293166637420654e-01
1.922693103551864624e-01
1.939794570207595825e-01
1.956467926502227783e-01
1.972588747739791870e-01
1.988033652305603027e-01
2.002686411142349243e-01
2.016438394784927368e-01
2.029189318418502808e-01
2.040851116180419922e-01
2.051345407962799072e-01
2.060604244470596313e-01
2.068569809198379517e-01
2.075196206569671631e-01
2.080443501472473145e-01
2.084280103445053101e-01
2.086678892374038696e-01
2.087617069482803345e-01
2.087076902389526367e-01
2.085037976503372192e-01
2.081481516361236572e-01
2.076387703418731689e-01
2.069733589887619019e-01
2.061494290828704834e-01
2.051642090082168579e-01
2.040143907070159912e-01
2.026966810226440430e-01
2.012075483798980713e-01
1.995433270931243896e-01
1.977004110813140869e-01
1.956755369901657104e-01
1.934659183025360107e-01
1.910696774721145630e-01
1.884857118129730225e-01
1.857145577669143677e-01
1.827584505081176758e-01
1.796216219663619995e-01
1.763105094432830811e-01
1.728342324495315552e-01
1.692048162221908569e-01
1.654370427131652832e-01
1.615483164787292480e-01
1.575586199760437012e-01
1.534900218248367310e-01
1.493657678365707397e-01
1.452097147703170776e-01
1.410453021526336670e-01
1.368941068649291992e-01
1.327749490737915039e-01
1.287033110857009888e-01
1.246904060244560242e-01
1.207437589764595032e-01
1.168676689267158508e-01
1.130651086568832397e-01
1.093401312828063965e-01
1.057005748152732849e-01
1.021606773138046265e-01
9.874283522367477417e-02
9.547717124223709106e-02
9.239950776100158691e-02
8.954692631959915161e-02
8.695296198129653931e-02
8.464301377534866333e-02
8.263157308101654053e-02
8.092172443866729736e-02
7.950638979673385620e-02
7.837124168872833252e-02
7.749769091606140137e-02
7.686592638492584229e-02
7.645708322525024414e-02
7.625500112771987915e-02
7.624702155590057373e-02
7.642447948455810547e-02
7.678264379501342773e-02
7.732042670249938965e-02
7.803971320390701294e-02
7.894446700811386108e-02
8.003976941108703613e-02
8.133010566234588623e-02
8.281818032264709473e-02
8.450312167406082153e-02
8.637892454862594604e-02
8.843311667442321777e-02
9.064650535583496094e-02
9.299261868000030518e-02
9.543906152248382568e-02
9.794928878545761108e-02
1.004845201969146729e-01
1.030065342783927917e-01
1.054799556732177734e-01
1.078740954399108887e-01
1.101640015840530396e-01
1.123312413692474365e-01
1.143635064363479614e-01
1.162540689110755920e-01
1.180009841918945312e-01
1.196060255169868469e-01
1.210735887289047241e-01
1.224099919199943542e-01
1.236225664615631104e-01
1.247191801667213440e-01
1.257078498601913452e-01
1.265963017940521240e-01
1.273918002843856812e-01
1.281011551618576050e-01
1.287305504083633423e-01
1.292855590581893921e-01
1.297711431980133057e-01
1.301917135715484619e-01
1.305511593818664551e-01
1.308529078960418701e-01
1.310998797416687012e-01
1.312947869300842285e-01
1.314399391412734985e-01
1.315373033285140991e-01
1.315887719392776489e-01
1.315957903861999512e-01
1.315599977970123291e-01
1.314825266599655151e-01
1.313647329807281494e-01
1.312077939510345459e-01
1.310126930475234985e-01
1.307806670665740967e-01
1.305127590894699097e-01
1.302101612091064453e-01
1.298740208148956299e-01
1.295057386159896851e-01
1.291064918041229248e-01
1.286778748035430908e-01
1.282214522361755371e-01
1.277389377355575562e-01
1.272321939468383789e-01
1.267032027244567871e-01
1.261542439460754395e-01
1.255875825881958008e-01
1.250058412551879883e-01
1.244117245078086853e-01
1.238081306219100952e-01
1.231981292366981506e-01
1.225850656628608704e-01
1.219725683331489563e-01
1.213642805814743042e-01
1.207642033696174622e-01
1.201765835285186768e-01
1.196057945489883423e-01
1.190566793084144592e-01
1.185342073440551758e-01
1.180436164140701294e-01
1.175905615091323853e-01
1.171808019280433655e-01
1.168205216526985168e-01
1.165160313248634338e-01
1.162739321589469910e-01
1.161008924245834351e-01
1.160036474466323853e-01
1.159888133406639099e-01
1.160628944635391235e-01
1.162319779396057129e-01
1.165017113089561462e-01
1.168771013617515564e-01
1.173623204231262207e-01
1.179609075188636780e-01
1.186755895614624023e-01
1.195084229111671448e-01
1.204610913991928101e-01
1.215351969003677368e-01
1.227325424551963806e-01
1.240557059645652771e-01
1.255083829164505005e-01
1.270956248044967651e-01
1.288239210844039917e-01
1.307015866041183472e-01
1.327380239963531494e-01
1.349438875913619995e-01
1.373302191495895386e-01
1.399081498384475708e-01
1.426882743835449219e-01
1.456801146268844604e-01
1.488924473524093628e-01
1.523329764604568481e-01
1.560092866420745850e-01
1.599293053150177002e-01
1.641028821468353271e-01
1.685431599617004395e-01
1.732674986124038696e-01
1.782993674278259277e-01
1.836683452129364014e-01
1.894106268882751465e-01
1.955680102109909058e-01
2.021858841180801392e-01
2.093112468719482422e-01
2.169890403747558594e-01
2.252584099769592285e-01
2.341492325067520142e-01
2.436794936656951904e-01
2.538533508777618408e-01
2.646632790565490723e-01
2.760934531688690186e-01
2.881262600421905518e-01
3.007508814334869385e-01
3.139707744121551514e-01
3.278066217899322510e-01
3.422899544239044189e-01
3.574463427066802979e-01
3.732653260231018066e-01
3.896673023700714111e-01
4.064846038818359375e-01
4.234688878059387207e-01
4.403322637081146240e-01
4.568072855472564697e-01
4.726921319961547852e-01
4.878540933132171631e-01
5.021898746490478516e-01
5.155647993087768555e-01
5.277655720710754395e-01
5.385001897811889648e-01
5.474417805671691895e-01
5.542992353439331055e-01
5.588792562484741211e-01
5.611160397529602051e-01
5.610644221305847168e-01
5.588680505752563477e-01
5.547191500663757324e-01
5.488231182098388672e-01
5.413749217987060547e-01
5.325471162796020508e-01
5.224884748458862305e-01
5.113312602043151855e-01
4.992005527019500732e-01
4.862271249294281006e-01
4.725570678710937500e-01
4.583584070205688477e-01
4.438202381134033203e-01
4.291475117206573486e-01
4.145486652851104736e-01
4.002225100994110107e-01
3.863453269004821777e-01
3.730616569519042969e-01
3.604791462421417236e-01
3.486697077751159668e-01
3.376717567443847656e-01
3.274969160556793213e-01
3.181362152099609375e-01
3.095658421516418457e-01
3.017521202564239502e-01
2.946562767028808594e-01
2.882359921932220459e-01
2.824482917785644531e-01
2.772505283355712891e-01
2.726012170314788818e-01
2.684604823589324951e-01
2.647905349731445312e-01
