8.049303293228149414e-01
8.057798147201538086e-01
8.066235780715942383e-01
8.074618577957153320e-01
8.082944750785827637e-01
8.091214895248413086e-01
8.099430799484252930e-01
8.107590079307556152e-01
8.115695714950561523e-01
8.123746514320373535e-01
8.131743073463439941e-01
8.139685988426208496e-01
8.147574067115783691e-01
8.155410289764404297e-01
8.163192868232727051e-01
8.170922398567199707e-01
8.178599476814270020e-01
8.186224699020385742e-01
8.193797469139099121e-01
8.201318383216857910e-01
8.208788037300109863e-01
8.216207027435302734e-01
8.223575353622436523e-01
8.230892419815063477e-01
8.238159418106079102e-01
8.245377540588378906e-01
8.252544999122619629e-01
8.259662985801696777e-01
8.266732096672058105e-01
8.273752331733703613e-01
8.280724883079528809e-01
8.287648558616638184e-01
8.294523954391479492e-01
8.301352262496948242e-01
8.308133482933044434e-01
8.314867019653320312e-01
8.321554660797119141e-01
8.328194618225097656e-01
8.334789276123046875e-01
8.341337442398071289e-01
8.347840309143066406e-01
8.354297876358032227e-01
8.360710144042968750e-01
8.367077708244323730e-01
8.373401165008544922e-01
8.379680514335632324e-01
8.385914564132690430e-01
8.392106890678405762e-01
8.398254513740539551e-01
8.404359221458435059e-01
8.410421013832092285e-01
8.416441082954406738e-01
8.422417044639587402e-01
8.428352475166320801e-01
8.434246778488159180e-01
8.440098762512207031e-01
8.445909023284912109e-01
8.451679348945617676e-01
8.457409143447875977e-01
8.463097810745239258e-01
8.468747138977050781e-01
8.474356532096862793e-01
8.479925990104675293e-01
8.485456109046936035e-01
8.490947484970092773e-01
8.496400117874145508e-01
8.501812815666198730e-01
8.507189750671386719e-01
8.512527346611022949e-01
8.517826795578002930e-01
8.523090481758117676e-01
8.528314828872680664e-01
8.533503413200378418e-01
8.538655042648315430e-01
8.543770313262939453e-01
8.548850417137145996e-01
8.553892970085144043e-01
8.558900356292724609e-01
8.563871979713439941e-01
8.568809032440185547e-01
8.573710918426513672e-01
8.578578233718872070e-01
8.583410382270812988e-01
8.588209152221679688e-01
8.592972755432128906e-01
8.597704172134399414e-01
8.602401614189147949e-01
8.607064485549926758e-01
8.611695766448974609e-01
8.616294264793395996e-01
8.620859384536743164e-01
8.625392317771911621e-01
8.629893660545349121e-01
8.634362816810607910e-01
8.638800382614135742e-01
8.643206357955932617e-01
8.647580742835998535e-01
8.651924729347229004e-01
8.656238317489624023e-01
8.660520911216735840e-01
8.664773106575012207e-01
8.668994307518005371e-01
8.673187494277954102e-01
8.677349686622619629e-01
8.681483268737792969e-01
8.685587048530578613e-01
8.689661026000976562e-01
8.693707585334777832e-01
8.697724938392639160e-01
8.701713681221008301e-01
8.705675005912780762e-01
8.709607720375061035e-01
8.713513016700744629e-01
8.717390298843383789e-01
8.721240758895874023e-01
8.725063204765319824e-01
8.728858828544616699e-01
8.732628226280212402e-01
8.736371397972106934e-01
8.740087151527404785e-01
8.743776679039001465e-01
8.747441172599792480e-01
8.751079440116882324e-01
8.754691481590270996e-01
8.758279085159301758e-01
8.761840462684631348e-01
8.765377402305603027e-01
8.768889307975769043e-01
8.772376775741577148e-01
8.775839209556579590e-01
8.779277801513671875e-01
8.782691955566406250e-01
8.786082267761230469e-01
8.789448142051696777e-01
8.792791366577148438e-01
8.796110749244689941e-01
8.799406290054321289e-01
8.802679777145385742e-01
8.805930018424987793e-01
8.809157013893127441e-01
8.812361955642700195e-01
8.815544843673706055e-01
8.818705081939697266e-01
8.821842670440673828e-01
8.824958801269531250e-01
8.828053474426269531e-01
8.831126093864440918e-01
8.834177255630493164e-01
8.837207555770874023e-01
8.840216398239135742e-01
8.843204379081726074e-01
8.846172094345092773e-01
8.849117755889892578e-01
8.852044343948364258e-01
8.854949474334716797e-01
8.857836127281188965e-01
8.860700726509094238e-01
8.863546848297119141e-01
8.866372704505920410e-01
8.869178891181945801e-01
8.871966004371643066e-01
8.874732851982116699e-01
8.877481818199157715e-01
8.880211114883422852e-01
8.882921338081359863e-01
8.885614275932312012e-01
8.888286948204040527e-01
8.890941739082336426e-01
8.893578052520751953e-01
8.896196484565734863e-01
8.898797631263732910e-01
8.901379108428955078e-01
8.903944492340087891e-01
8.906490802764892578e-01
8.909021615982055664e-01
8.911533355712890625e-01
8.914028406143188477e-01
8.916506171226501465e-01
8.918967247009277344e-01
8.921411633491516113e-01
8.923838138580322266e-01
8.926249146461486816e-01
8.928643465042114258e-01
8.931022286415100098e-01
8.933383822441101074e-01
8.935729265213012695e-01
8.938059210777282715e-01
8.940373063087463379e-01
8.942670822143554688e-01
8.944952487945556641e-01
8.947220444679260254e-01
8.949471116065979004e-01
8.951708078384399414e-01
8.953929543495178223e-01
8.956134915351867676e-01
8.958327174186706543e-01
8.960503339767456055e-01
8.962664604187011719e-01
8.964811563491821289e-01
8.966943621635437012e-01
8.969062566757202148e-01
8.971166610717773438e-01
8.973256945610046387e-01
8.975331783294677734e-01
8.977394104003906250e-01
8.979441523551940918e-01
8.981476426124572754e-01
8.983497023582458496e-01
8.985503315925598145e-01
8.987497091293334961e-01
8.989477157592773438e-01
8.991444706916809082e-01
8.993398547172546387e-01
8.995339274406433105e-01
8.997267484664916992e-01
8.999182581901550293e-01
9.001085162162780762e-01
9.002974629402160645e-01
9.004851579666137695e-01
9.006716609001159668e-01
9.008568525314331055e-01
9.010409116744995117e-01
9.012236595153808594e-01
9.014052748680114746e-01
9.015856385231018066e-01
9.017647504806518555e-01
9.019428491592407227e-01
9.021195769309997559e-01
9.022952914237976074e-01
9.024698734283447266e-01
9.026432037353515625e-01
9.028154611587524414e-01
9.029864668846130371e-01
9.031565189361572266e-01
9.033253192901611328e-01
9.034931063652038574e-01
9.036597013473510742e-01
9.038253426551818848e-01
9.039898514747619629e-01
9.041532278060913086e-01
9.043155908584594727e-01
9.044768810272216797e-01
9.046370387077331543e-01
9.047963023185729980e-01
9.049544930458068848e-01
9.051116108894348145e-01
9.052677154541015625e-01
9.054228663444519043e-01
9.055770039558410645e-01
9.057300090789794922e-01
9.058822393417358398e-01
9.060333967208862305e-01
9.061835408210754395e-01
9.063327312469482422e-01
9.064810276031494141e-01
9.066282510757446289e-01
9.067745804786682129e-01
9.069199562072753906e-01
9.070644974708557129e-01
9.072080254554748535e-01
9.073507189750671387e-01
