4.821400943910703063e-05
4.945413456880487502e-05
5.111930659040808678e-05
5.346246689441613853e-05
5.693049388355575502e-05
6.223253876669332385e-05
7.013257709331810474e-05
8.065969450399279594e-05
9.261619561584666371e-05
1.047298719640821218e-04
1.166983493021689355e-04
1.287516206502914429e-04
1.410737022524699569e-04
1.536945201223716140e-04
1.665755698923021555e-04
1.796790165826678276e-04
1.929859718075022101e-04
2.064844738924875855e-04
2.201489114668220282e-04
2.339307393413037062e-04
2.477510715834796429e-04
2.615122648421674967e-04
2.751067513599991798e-04
2.884304267354309559e-04
3.013911773450672626e-04
3.139170585200190544e-04
3.259580989833921194e-04
3.374863008502870798e-04
3.484922926872968674e-04
3.589825937524437904e-04
3.689755103550851345e-04
3.784964210353791714e-04
3.875751572195440531e-04
3.962439659517258406e-04
4.045364621561020613e-04
4.124828556086868048e-04
4.201116098556667566e-04
4.274506936781108379e-04
4.345242341514676809e-04
4.413536807987838984e-04
4.479580675251781940e-04
4.543544491752982140e-04
4.605569411069154739e-04
4.665782616939395666e-04
4.724298196379095316e-04
4.781210445798933506e-04
4.836593288928270340e-04
4.890523268841207027e-04
4.943051026202738285e-04
4.994241171516478062e-04
5.044126301072537899e-04
5.092749488539993763e-04
5.140133434906601906e-04
5.186325870454311371e-04
5.231350660324096680e-04
5.275211296975612640e-04
5.317946779541671276e-04
5.359564675018191338e-04
5.400080117397010326e-04
5.439524538815021515e-04
5.477890954352915287e-04
5.515203229151666164e-04
5.551482900045812130e-04
5.586721235886216164e-04
5.620947922579944134e-04
5.654174019582569599e-04
5.686393124051392078e-04
5.717640742659568787e-04
5.747911054641008377e-04
5.777227343060076237e-04
5.805596592836081982e-04
5.833026953041553497e-04
5.859534139744937420e-04
5.885131540708243847e-04
5.909830215387046337e-04
5.933644715696573257e-04
5.956587847322225571e-04
5.978682311251759529e-04
5.999931599944829941e-04
6.020358414389193058e-04
6.039977306500077248e-04
6.058805156499147415e-04
6.076857680454850197e-04
6.094164564274251461e-04
6.110738031566143036e-04
6.126597290858626366e-04
6.141768535599112511e-04
6.156273884698748589e-04
6.170136621221899986e-04
6.183381774462759495e-04
6.196032627485692501e-04
6.208129925653338432e-04
6.219684728421270847e-04
6.230738363228738308e-04
6.241311784833669662e-04
6.251438171602785587e-04
6.261150701902806759e-04
6.270479061640799046e-04
6.279449444264173508e-04
6.288107251748442650e-04
6.296463543549180031e-04
6.304570124484598637e-04
6.312443874776363373e-04
6.320122047327458858e-04
6.327628507278859615e-04
6.335005164146423340e-04
6.342254928313195705e-04
6.349430186673998833e-04
6.356544909067451954e-04
6.363624706864356995e-04
6.370691116899251938e-04
6.377756944857537746e-04
6.384864100255072117e-04
6.392005598172545433e-04
6.399216363206505775e-04
6.406496395356953144e-04
6.413873634301126003e-04
6.421341677196323872e-04
6.428922642953693867e-04
6.436626426875591278e-04
6.444455357268452644e-04
6.452413508668541908e-04
6.460505537688732147e-04
6.468736683018505573e-04
6.477101705968379974e-04
6.485608173534274101e-04
6.494252011179924011e-04
6.503037293441593647e-04
6.511956453323364258e-04
6.521007744595408440e-04
6.530196988023817539e-04
6.539504393003880978e-04
6.548938108608126640e-04
6.558484747074544430e-04
6.568143144249916077e-04
6.577912718057632446e-04
6.587784155271947384e-04
6.597746396437287331e-04
6.607808172702789307e-04
6.617952021770179272e-04
6.628163973800837994e-04
6.638465565629303455e-04
6.648831185884773731e-04
6.659259670414030552e-04
6.669755675829946995e-04
6.680299993604421616e-04
6.690892623737454414e-04
6.701537640765309334e-04
6.712225149385631084e-04
6.722941761836409569e-04
6.733702030032873154e-04
6.744488491676747799e-04
6.755305221304297447e-04
6.766155711375176907e-04
6.777016678825020790e-04
6.787910824641585350e-04
6.798833492211997509e-04
6.809760234318673611e-04
6.820717244409024715e-04
6.831688806414604187e-04
6.842678412795066833e-04
6.853681989014148712e-04
6.864715833216905594e-04
6.875762483105063438e-04
6.886835326440632343e-04
6.897926214151084423e-04
6.909051444381475449e-04
6.920201121829450130e-04
6.931385723873972893e-04
6.942601175978779793e-04
6.953858537599444389e-04
6.965160137042403221e-04
6.976513541303575039e-04
6.987918750382959843e-04
6.999385659582912922e-04
7.010918925516307354e-04
7.022527279332280159e-04
7.034221780486404896e-04
7.046006503514945507e-04
7.057891343720257282e-04
7.069877465255558491e-04
7.081999210640788078e-04
7.094249594956636429e-04
7.106646080501377583e-04
7.119196816347539425e-04
7.131921593099832535e-04
7.144837873056530952e-04
7.157959626056253910e-04
7.171305478550493717e-04
7.184894056990742683e-04
7.198738167062401772e-04
7.212873897515237331e-04
7.227312889881432056e-04
7.242094725370407104e-04
7.257225806824862957e-04
7.272743969224393368e-04
7.288681808859109879e-04
7.305071339942514896e-04
7.321948069147765636e-04
7.339336443692445755e-04
7.357295835390686989e-04
7.375839049927890301e-04
7.395042339339852333e-04
7.414931314997375011e-04
7.435565348714590073e-04
7.456992170773446560e-04
7.479263585992157459e-04
7.502439548261463642e-04
7.526582339778542519e-04
7.551763555966317654e-04
7.578040822409093380e-04
7.605492719449102879e-04
7.634189096279442310e-04
7.664209697395563126e-04
7.695631938986480236e-04
7.728556520305573940e-04
7.763048051856458187e-04
7.799203158356249332e-04
7.837109733372926712e-04
7.876880699768662453e-04
7.918601040728390217e-04
7.962350500747561455e-04
8.008250151760876179e-04
8.056386723183095455e-04
8.106851018965244293e-04
8.159737917594611645e-04
8.215145207941532135e-04
8.273164858110249043e-04
8.333855657838284969e-04
8.397307246923446655e-04
8.463587146252393723e-04
8.532753563486039639e-04
8.604840259067714214e-04
8.679900784045457840e-04
8.757950854487717152e-04
8.838995127007365227e-04
8.923038840293884277e-04
9.010045323520898819e-04
9.099992457777261734e-04
9.192820289172232151e-04
9.288453729823231697e-04
9.386810706928372383e-04
9.487781208008527756e-04
9.591248235665261745e-04
9.697085479274392128e-04
9.805149165913462639e-04
9.915295522660017014e-04
1.002736506052315235e-03
1.014118664897978306e-03
1.025662291795015335e-03
1.037349575199186802e-03
1.049162819981575012e-03
1.061092247255146503e-03
1.073122257366776466e-03
1.085239578969776630e-03
1.097435480915009975e-03
1.109700766392052174e-03
1.122028566896915436e-03
1.134417485445737839e-03
1.146862399764358997e-03
1.159365521743893623e-03
