4.112457390874624252e-03
4.111676476895809174e-03
4.110815469175577164e-03
4.109847825020551682e-03
4.108756780624389648e-03
4.107510205358266830e-03
4.106062930077314377e-03
4.104351624846458435e-03
4.102319013327360153e-03
4.099851474165916443e-03
4.096807446330785751e-03
4.092992283403873444e-03
4.088122397661209106e-03
4.081811755895614624e-03
4.073484800755977631e-03
4.062324762344360352e-03
4.047143273055553436e-03
4.026222508400678635e-03
3.997110761702060699e-03
3.956337459385395050e-03
3.899237141013145447e-03
3.819968085736036301e-03
3.712157718837261200e-03
3.570792730897665024e-03
3.395505249500274658e-03
3.194009885191917419e-03
2.982501406222581863e-03
2.780333859845995903e-03
2.601350890472531319e-03
2.448408165946602821e-03
2.314551500603556633e-03
2.188603626564145088e-03
2.061702311038970947e-03
1.932148588821291924e-03
1.805875450372695923e-03
1.691546174697577953e-03
1.594252302311360836e-03
1.513299182988703251e-03
1.444348599761724472e-03
1.382573391310870647e-03
1.324542332440614700e-03
1.268652500584721565e-03
1.214685966260731220e-03
1.163069973699748516e-03
1.114259357564151287e-03
1.068411627784371376e-03
1.025345292873680592e-03
9.846766479313373566e-04
9.459839784540235996e-04
9.089272934943437576e-04
8.732940186746418476e-04
8.390072616748511791e-04
8.060847758315503597e-04
7.745956536382436752e-04
7.446269737556576729e-04
7.162453257478773594e-04
6.894870311953127384e-04
6.643475499004125595e-04
6.407891632989048958e-04
6.187378312461078167e-04
5.981033318676054478e-04
5.787742557004094124e-04
5.606345948763191700e-04
5.435673519968986511e-04
5.274533177725970745e-04
5.121810245327651501e-04
4.976444761268794537e-04
4.837441374547779560e-04
4.703883896581828594e-04
4.574929771479219198e-04
4.449761472642421722e-04
4.327624337747693062e-04
4.207769234199076891e-04
4.089436552021652460e-04
3.971822443418204784e-04
3.854055539704859257e-04
3.735177742782980204e-04
3.614113375078886747e-04
3.489726514089852571e-04
3.360825648996978998e-04
3.226305416319519281e-04
3.085292119067162275e-04
2.937352692242711782e-04
2.782715018838644028e-04
2.622455940581858158e-04
2.458568196743726730e-04
2.293900906806811690e-04
2.131881628884002566e-04
1.976111379917711020e-04
1.829908724175766110e-04
1.695917599136009812e-04
1.575849601067602634e-04
1.470425922889262438e-04
1.379483146592974663e-04
1.302180753555148840e-04
1.237243559444323182e-04
1.183189378934912384e-04
1.138489242293871939e-04
1.101690650102682412e-04
1.071480946848168969e-04
1.046714678523130715e-04
1.026415557134896517e-04
1.009768238873220980e-04
9.961027535609900951e-05
9.848688205238431692e-05
9.756177314557135105e-05
9.679892536951228976e-05
9.616860188543796539e-05
9.564730135025456548e-05
9.521586616756394506e-05
9.485834743827581406e-05
9.456220141146332026e-05
9.431689250050112605e-05
9.411384962731972337e-05
9.394617518410086632e-05
9.380769188283011317e-05
9.369361214339733124e-05
9.359994146507233381e-05
9.352312190458178520e-05
9.346027218271046877e-05
9.340877295471727848e-05
9.336664516013115644e-05
9.333193156635388732e-05
9.330292959930375218e-05
9.327846055384725332e-05
9.325693827122449875e-05
9.323710401076823473e-05
9.321860852651298046e-05
9.320004028268158436e-05
9.318057709606364369e-05
9.315960778621956706e-05
9.313607006333768368e-05
9.310970199294388294e-05
9.307960135629400611e-05
9.304499690188094974e-05
9.300552483182400465e-05
9.296047937823459506e-05
9.290916204918175936e-05
9.285097621614113450e-05
9.278539073420688510e-05
9.271180169889703393e-05
9.262943785870447755e-05
9.253779717255383730e-05
9.243620297638699412e-05
9.232414595317095518e-05
9.220079664373770356e-05
9.206576214637607336e-05
9.191830758936703205e-05
9.175785817205905914e-05
9.158390457741916180e-05
9.139615576714277267e-05
9.119392052525654435e-05
9.097721340367570519e-05
9.074552508536726236e-05
9.049889195011928678e-05
9.023752500070258975e-05
8.996164979180321097e-05
8.967181202024221420e-05
8.936841913964599371e-05
8.905297727324068546e-05
8.872646867530420423e-05
8.839045040076598525e-05
8.804706158116459846e-05
8.769838314037770033e-05
8.734726725379005075e-05
8.699655882082879543e-05
8.664956112625077367e-05
8.630989032099023461e-05
8.598129352321848273e-05
8.566792530473321676e-05
8.537418034393340349e-05
8.510463521815836430e-05
8.486337901558727026e-05
8.465541759505867958e-05
8.448509470326825976e-05
8.435717609245330095e-05
8.427580178249627352e-05
8.424543193541467190e-05
8.427033753832802176e-05
8.435452036792412400e-05
8.450185123365372419e-05
8.471638284390792251e-05
8.500179683323949575e-05
8.536163659300655127e-05
8.579972200095653534e-05
8.631951641291379929e-05
8.692499250173568726e-05
8.761964272707700729e-05
8.840789814712479711e-05
8.929320756578817964e-05
9.028003842104226351e-05
9.137289453065022826e-05
9.257601777790114284e-05
9.389397018821910024e-05
9.533161210129037499e-05
9.689322178019210696e-05
9.858357225311920047e-05
1.004069636110216379e-04
1.023671793518587947e-04
1.044675373123027384e-04
1.067107659764587879e-04
1.090988662326708436e-04
1.116326457122340798e-04
1.143119079642929137e-04
1.171348194475285709e-04
1.200989063363522291e-04
1.232000067830085754e-04
1.264333404833450913e-04
1.297935959883034229e-04
1.332746760454028845e-04
1.368716766592115164e-04
1.405790098942816257e-04
1.443936489522457123e-04
1.483128871768712997e-04
1.523355749668553472e-04
1.564609701745212078e-04
1.606873265700414777e-04
1.650113117648288608e-04
1.694259262876585126e-04
1.739196741255000234e-04
1.784776104614138603e-04
1.830802357289940119e-04
1.877084578154608607e-04
1.923442905535921454e-04
1.969749282579869032e-04
2.015945647144690156e-04
2.062025450868532062e-04
2.108024345943704247e-04
2.153981040464714170e-04
2.199875452788546681e-04
2.245616924483329058e-04
2.290987322339788079e-04
2.335656899958848953e-04
2.379200450377538800e-04
2.421116223558783531e-04
2.460899413563311100e-04
2.498068206477910280e-04
2.532220387365669012e-04
2.563058806117624044e-04
2.590399235486984253e-04
2.614168042782694101e-04
2.634389384184032679e-04
2.651165414135903120e-04
2.664662024471908808e-04
2.675073046702891588e-04
2.682617632672190666e-04
2.687522501219063997e-04
2.690011751838028431e-04
2.690317051019519567e-04
2.688655222300440073e-04
2.685248327907174826e-04
2.680303878150880337e-04
2.674035204108804464e-04
2.666652144398540258e-04
2.658361336216330528e-04
2.649358648341149092e-04
2.639842568896710873e-04
2.629990049172192812e-04
2.619979204609990120e-04
2.609959046822041273e-04
2.600061707198619843e-04
