1.669187098741531372e-02
1.672851480543613434e-02
1.676519960165023804e-02
1.680185832083225250e-02
1.683844812214374542e-02
1.687488704919815063e-02
1.691108383238315582e-02
1.694696210324764252e-02
1.698240451514720917e-02
1.701730489730834961e-02
1.705151982605457306e-02
1.708491891622543335e-02
1.711728237569332123e-02
1.714846864342689514e-02
1.717822998762130737e-02
1.720630936324596405e-02
1.723243854939937592e-02
1.725627481937408447e-02
1.727743633091449738e-02
1.729553937911987305e-02
1.731003634631633759e-02
1.732041500508785248e-02
1.732604019343852997e-02
1.732619479298591614e-02
1.732003316283226013e-02
1.730665378272533417e-02
1.728502288460731506e-02
1.725394651293754578e-02
1.721213944256305695e-02
1.715811714529991150e-02
1.709037087857723236e-02
1.700710691511631012e-02
1.690660603344440460e-02
1.678693108260631561e-02
1.664623245596885681e-02
1.648270152509212494e-02
1.629472710192203522e-02
1.608094200491905212e-02
1.584055274724960327e-02
1.557319704443216324e-02
1.527945604175329208e-02
1.496068388223648071e-02
1.461919303983449936e-02
1.425829064100980759e-02
1.388205029070377350e-02
1.349521055817604065e-02
1.310281455516815186e-02
1.270989608019590378e-02
1.232102140784263611e-02
1.194010302424430847e-02
1.156997680664062500e-02
1.121237315237522125e-02
1.086781267076730728e-02
1.053569093346595764e-02
1.021441910415887833e-02
9.901709854602813721e-03
9.594827890396118164e-03
9.290984831750392914e-03
8.987802080810070038e-03
8.683834224939346313e-03
8.379157632589340210e-03
8.075788617134094238e-03
7.777838036417961121e-03
7.491011638194322586e-03
7.221446372568607330e-03
6.974430754780769348e-03
6.753201130777597427e-03
6.558747496455907822e-03
6.390297785401344299e-03
6.246253848075866699e-03
6.124769337475299835e-03
6.024064496159553528e-03
5.942421033978462219e-03
5.878108553588390350e-03
5.829394795000553131e-03
5.794579628854990005e-03
5.772088654339313507e-03
5.760527215898036957e-03
5.758690182119607925e-03
5.765581969171762466e-03
5.780399776995182037e-03
5.802507512271404266e-03
5.831379443407058716e-03
5.866603925824165344e-03
5.907825194299221039e-03
5.954722873866558075e-03
6.006985437124967575e-03
6.064295768737792969e-03
6.126319058239459991e-03
6.192670203745365143e-03
6.262921728193759918e-03
6.336627062410116196e-03
6.413263734430074692e-03
6.492294371128082275e-03
6.573151797056198120e-03
6.655232515186071396e-03
6.737946067005395889e-03
6.820710841566324234e-03
6.902955006808042526e-03
6.984130479395389557e-03
7.063761819154024124e-03
7.141385227441787720e-03
7.216596510261297226e-03
7.289063651114702225e-03
7.358486764132976532e-03
7.424614857882261276e-03
7.487268187105655670e-03
7.546298205852508545e-03
7.601568941026926041e-03
7.653025910258293152e-03
7.700593210756778717e-03
7.744242437183856964e-03
7.783961016684770584e-03
7.819739170372486115e-03
7.851582951843738556e-03
7.879502139985561371e-03
7.903518155217170715e-03
7.923644036054611206e-03
7.939894683659076691e-03
7.952291518449783325e-03
7.960869930684566498e-03
7.965627126395702362e-03
7.966614328324794769e-03
7.963844574987888336e-03
7.957359775900840759e-03
7.947195321321487427e-03
7.933402433991432190e-03
7.916034199297428131e-03
7.895169779658317566e-03
7.870880886912345886e-03
7.843247614800930023e-03
7.812410593032836914e-03
7.778456434607505798e-03
7.741535548120737076e-03
7.701806724071502686e-03
7.659409660845994949e-03
7.614512462168931961e-03
7.567329332232475281e-03
7.518006023019552231e-03
7.466754876077175140e-03
7.413757499307394028e-03
7.359203882515430450e-03
7.303264923393726349e-03
7.246129214763641357e-03
7.187929004430770874e-03
7.128843571990728378e-03
7.068997714668512344e-03
7.008519489318132401e-03
6.947531830519437790e-03
6.886163726449012756e-03
6.824523210525512695e-03
6.762751843780279160e-03
6.700980477035045624e-03
6.639398168772459030e-03
6.578207015991210938e-03
6.517668254673480988e-03
6.458102725446224213e-03
6.399850826710462570e-03
6.343383342027664185e-03
6.289198994636535645e-03
6.237885449081659317e-03
6.190079730004072189e-03
6.146501749753952026e-03
6.107892841100692749e-03
6.075022276490926743e-03
6.048671901226043701e-03
6.029597017914056778e-03
6.018513347953557968e-03
6.016060709953308105e-03
6.022779271006584167e-03
6.039106752723455429e-03
6.065347231924533844e-03
6.101670209318399429e-03
6.148101296275854111e-03
6.204555276781320572e-03
6.270817480981349945e-03
6.346581969410181046e-03
6.431496236473321915e-03
6.525150965899229050e-03
6.627148017287254333e-03
6.737087387591600418e-03
6.854585371911525726e-03
6.979310885071754456e-03
7.110946811735630035e-03
7.249162066727876663e-03
7.393601816147565842e-03
7.543888408690690994e-03
7.699635345488786697e-03
7.860480807721614838e-03
8.026313036680221558e-03
8.197368122637271881e-03
8.374574594199657440e-03
8.559620939195156097e-03
8.755071088671684265e-03
8.964184671640396118e-03
9.190566837787628174e-03
9.437697939574718475e-03
9.708435274660587311e-03
1.000469177961349487e-02
1.032730937004089355e-02
1.067624706774950027e-02
1.105088926851749420e-02
1.145047321915626526e-02
1.187446899712085724e-02
1.232279743999242783e-02
1.279599964618682861e-02
1.329510658979415894e-02
1.382159814238548279e-02
1.437705755233764648e-02
1.496296841651201248e-02
1.558034215122461319e-02
1.622939109802246094e-02
1.690920442342758179e-02
1.761733368039131165e-02
1.834952086210250854e-02
1.909939944744110107e-02
1.985845156013965607e-02
2.061589993536472321e-02
2.135907858610153198e-02
2.207394875586032867e-02
2.274573780596256256e-02
2.335985563695430756e-02
2.390287071466445923e-02
2.436324581503868103e-02
2.473212406039237976e-02
2.500353381037712097e-02
2.517447248101234436e-02
2.524456754326820374e-02
2.521568909287452698e-02
2.509139291942119598e-02
2.487648092210292816e-02
2.457666210830211639e-02
2.419847622513771057e-02
2.374918013811111450e-02
2.323683165013790131e-02
2.267024479806423187e-02
2.205891720950603485e-02
2.141277678310871124e-02
2.074189484119415283e-02
2.005614712834358215e-02
1.936488784849643707e-02
1.867674477398395538e-02
1.799944415688514709e-02
1.733968406915664673e-02
1.670310646295547485e-02
1.609433256089687347e-02
1.551689300686120987e-02
1.497333031147718430e-02
1.446529757231473923e-02
1.399358920753002167e-02
1.355824619531631470e-02
1.315879169851541519e-02
1.279424130916595459e-02
1.246330328285694122e-02
1.216450240463018417e-02
1.189619675278663635e-02
1.165675185620784760e-02
1.144453883171081543e-02
1.125803962349891663e-02
1.109584234654903412e-02
1.095665711909532547e-02
