2.521009184420108795e-03
2.554341917857527733e-03
2.588507253676652908e-03
2.623514970764517784e-03
2.659392077475786209e-03
2.696151845157146454e-03
2.733805682510137558e-03
2.772375941276550293e-03
2.811870770528912544e-03
2.852314384654164314e-03
2.893716562539339066e-03
2.936091972514986992e-03
2.979448530822992325e-03
3.023803001269698143e-03
3.069165628403425217e-03
3.115544794127345085e-03
3.162949578836560249e-03
3.211388131603598595e-03
3.260859055444598198e-03
3.311372827738523483e-03
3.362926654517650604e-03
3.415523795410990715e-03
3.469160525128245354e-03
3.523830091580748558e-03
3.579523414373397827e-03
3.636235604062676430e-03
3.693948034197092056e-03
3.752644406631588936e-03
3.812309354543685913e-03
3.872913774102926254e-03
3.934439271688461304e-03
3.996850457042455673e-03
4.060114268213510513e-03
4.124181810766458511e-03
4.189025610685348511e-03
4.254585132002830505e-03
4.320813342928886414e-03
4.387647379189729691e-03
4.455029964447021484e-03
4.522891715168952942e-03
4.591160919517278671e-03
4.659752361476421356e-03
4.728589206933975220e-03
4.797579720616340637e-03
4.866627510637044907e-03
4.935640841722488403e-03
5.004511214792728424e-03
5.073127336800098419e-03
5.141381639987230301e-03
5.209160503000020981e-03
5.276348441839218140e-03
5.342822521924972534e-03
5.408456083387136459e-03
5.473143421113491058e-03
5.536747630685567856e-03
5.599159281700849533e-03
5.660271272063255310e-03
5.719962529838085175e-03
5.778144579380750656e-03
5.834716837853193283e-03
5.889600142836570740e-03
5.942726042121648788e-03
5.994042381644248962e-03
6.043508183211088181e-03
6.091097835451364517e-03
6.136820651590824127e-03
6.180681753903627396e-03
6.222740747034549713e-03
6.263052113354206085e-03
6.301707122474908829e-03
6.338816136121749878e-03
6.374518852680921555e-03
6.408960092812776566e-03
6.442319136112928391e-03
6.474786438047885895e-03
6.506559439003467560e-03
6.537867709994316101e-03
6.568915210664272308e-03
6.599934305995702744e-03
6.631148513406515121e-03
6.662771571427583694e-03
6.695006508380174637e-03
6.728053558617830276e-03
6.762094795703887939e-03
6.797286681830883026e-03
6.833770312368869781e-03
6.871657911688089371e-03
6.911070086061954498e-03
6.952066905796527863e-03
6.994701456278562546e-03
7.039025425910949707e-03
7.085044402629137039e-03
7.132769562304019928e-03
7.182179950177669525e-03
7.233246695250272751e-03
7.285934872925281525e-03
7.340196054428815842e-03
7.395973894745111465e-03
7.453204132616519928e-03
7.511829026043415070e-03
7.571771740913391113e-03
7.632965222001075745e-03
7.695329841226339340e-03
7.758791558444499969e-03
7.823303341865539551e-03
7.888763211667537689e-03
7.955128327012062073e-03
8.022308349609375000e-03
8.090258575975894928e-03
8.158911019563674927e-03
8.228194899857044220e-03
8.298074826598167419e-03
8.368479087948799133e-03
8.439363911747932434e-03
8.510679937899112701e-03
8.582376874983310699e-03
8.654420264065265656e-03
8.726760745048522949e-03
8.799369446933269501e-03
8.872197940945625305e-03
8.945222944021224976e-03
9.018417447805404663e-03
9.091745130717754364e-03
9.165175259113311768e-03
9.238702245056629181e-03
9.312291629612445831e-03
9.385928511619567871e-03
9.459594264626502991e-03
9.533276781439781189e-03
9.606965817511081696e-03
9.680652059614658356e-03
9.754322469234466553e-03
9.827977046370506287e-03
9.901606477797031403e-03
9.975212626159191132e-03
1.004879176616668701e-02
1.012235321104526520e-02
1.019589416682720184e-02
1.026941742748022079e-02
1.034294161945581436e-02
1.041646022349596024e-02
1.048998162150382996e-02
1.056353375315666199e-02
1.063710916787385941e-02
1.071071997284889221e-02
1.078440435230731964e-02
1.085813902318477631e-02
1.093196496367454529e-02
1.100589800626039505e-02
1.107993256300687790e-02
1.115410681813955307e-02
1.122842449694871902e-02
1.130290981382131577e-02
1.137758977711200714e-02
1.145244948565959930e-02
1.152755226939916611e-02
1.160288415849208832e-02
1.167848799377679825e-02
1.175437308847904205e-02
1.183056179434061050e-02
1.190708205103874207e-02
1.198394782841205597e-02
1.206120289862155914e-02
1.213886495679616928e-02
1.221695635467767715e-02
1.229550968855619431e-02
1.237457897514104843e-02
1.245418004691600800e-02
1.253435760736465454e-02
1.261515077203512192e-02
1.269660238176584244e-02
1.277876552194356918e-02
1.286170072853565216e-02
1.294546108692884445e-02
1.303010899573564529e-02
1.311570778489112854e-02
1.320234965533018112e-02
1.329009141772985458e-02
1.337903831154108047e-02
1.346929464489221573e-02
1.356097590178251266e-02
1.365415100008249283e-02
1.374899782240390778e-02
1.384564209729433060e-02
1.394423190504312515e-02
1.404494699090719223e-02
1.414793822914361954e-02
1.425344496965408325e-02
1.436165906488895416e-02
1.447281893342733383e-02
1.458720304071903229e-02
1.470507681369781494e-02
1.482675876468420029e-02
1.495257671922445297e-02
1.508292462676763535e-02
1.521818432956933975e-02
1.535881403833627701e-02
1.550527010113000870e-02
1.565806940197944641e-02
1.581779867410659790e-02
1.598502881824970245e-02
1.616046018898487091e-02
1.634476520121097565e-02
1.653871499001979828e-02
1.674312539398670197e-02
1.695884205400943756e-02
1.718678884208202362e-02
1.742792688310146332e-02
1.768326945602893829e-02
1.795383915305137634e-02
1.824073307216167450e-02
1.854503713548183441e-02
1.886786520481109619e-02
1.921028830111026764e-02
1.957341097295284271e-02
1.995824463665485382e-02
2.036574110388755798e-02
2.079673670232295990e-02
2.125199697911739349e-02
2.173206768929958344e-02
2.223735116422176361e-02
2.276801317930221558e-02
2.332401089370250702e-02
2.390499785542488098e-02
2.451038360595703125e-02
2.513924241065979004e-02
2.579044550657272339e-02
2.646247483789920807e-02
2.715362235903739929e-02
2.786185406148433685e-02
2.858496457338333130e-02
2.932063117623329163e-02
3.006629273295402527e-02
3.081942722201347351e-02
3.157736361026763916e-02
3.233758732676506042e-02
3.309761360287666321e-02
3.385507687926292419e-02
3.460775688290596008e-02
3.535369783639907837e-02
3.609111532568931580e-02
3.681848943233489990e-02
3.753457963466644287e-02
3.823830932378768921e-02
3.892892599105834961e-02
3.960587829351425171e-02
4.026887193322181702e-02
4.091780260205268860e-02
4.155273735523223877e-02
4.217388853430747986e-02
4.278169944882392883e-02
4.337664321064949036e-02
4.395934194326400757e-02
4.453051462769508362e-02
4.509091749787330627e-02
4.564138874411582947e-02
4.618282616138458252e-02
4.671606793999671936e-02
4.724209383130073547e-02
4.776179045438766479e-02
4.827611893415451050e-02
