2.212653402239084244e-03
2.250307239592075348e-03
2.289109863340854645e-03
2.329069422557950020e-03
2.370209898799657822e-03
2.412543632090091705e-03
2.456085756421089172e-03
2.500842325389385223e-03
2.546829404309391975e-03
2.594044664874672890e-03
2.642497187480330467e-03
2.692191628739237785e-03
2.743119373917579651e-03
2.795280190184712410e-03
2.848663134500384331e-03
2.903259824961423874e-03
2.959057688713073730e-03
3.016036003828048706e-03
3.074177075177431107e-03
3.133453195914626122e-03
3.193839918822050095e-03
3.255306277424097061e-03
3.317814087495207787e-03
3.381327027454972267e-03
3.445806214585900307e-03
3.511204617097973824e-03
3.577467985451221466e-03
3.644552780315279961e-03
3.712406381964683533e-03
3.780964761972427368e-03
3.850171808153390884e-03
3.919957205653190613e-03
3.990263212472200394e-03
4.061014857143163681e-03
4.132145084440708160e-03
4.203583113849163055e-03
4.275249782949686050e-03
4.347066394984722137e-03
4.418959375470876694e-03
4.490841645747423172e-03
4.562647547572851181e-03
4.634271375834941864e-03
4.705658182501792908e-03
4.776706919074058533e-03
4.847334232181310654e-03
4.917463287711143494e-03
4.987013991922140121e-03
5.055902060121297836e-03
5.124050192534923553e-03
5.191375035792589188e-03
5.257808603346347809e-03
5.323269870132207870e-03
5.387696437537670135e-03
5.451019387692213058e-03
5.513175390660762787e-03
5.574112758040428162e-03
5.633779801428318024e-03
5.692124366760253906e-03
5.749118048697710037e-03
5.804719403386116028e-03
5.858916323632001877e-03
5.911679472774267197e-03
5.963010247796773911e-03
6.012919358909130096e-03
6.061407737433910370e-03
6.108509376645088196e-03
6.154240109026432037e-03
6.198660004884004593e-03
6.241812836378812790e-03
6.283761933445930481e-03
6.324589718133211136e-03
6.364385131746530533e-03
6.403226405382156372e-03
6.441220641136169434e-03
6.478480529040098190e-03
6.515121553093194962e-03
6.551267113536596298e-03
6.587043870240449905e-03
6.622582208365201950e-03
6.658010184764862061e-03
6.693474948406219482e-03
6.729092914611101151e-03
6.765007041394710541e-03
6.801340728998184204e-03
6.838218308985233307e-03
6.875756196677684784e-03
6.914058234542608261e-03
6.953228265047073364e-03
6.993366871029138565e-03
7.034557405859231949e-03
7.076860871165990829e-03
7.120346650481224060e-03
7.165060378611087799e-03
7.211050949990749359e-03
7.258350960910320282e-03
7.306955289095640182e-03
7.356912363320589066e-03
7.408198900520801544e-03
7.460798602551221848e-03
7.514715660363435745e-03
7.569904439151287079e-03
7.626357953995466232e-03
7.684021722525358200e-03
7.742861751466989517e-03
7.802828215062618256e-03
7.863883860409259796e-03
7.925964891910552979e-03
7.989030331373214722e-03
8.053019642829895020e-03
8.117879740893840790e-03
8.183566853404045105e-03
8.250018581748008728e-03
8.317186497151851654e-03
8.385027758777141571e-03
8.453493937849998474e-03
8.522536605596542358e-03
8.592115715146064758e-03
8.662200532853603363e-03
8.732744492590427399e-03
8.803715929388999939e-03
8.875086903572082520e-03
8.946824818849563599e-03
9.018920361995697021e-03
9.091328829526901245e-03
9.164048358798027039e-03
9.237061254680156708e-03
9.310333058238029480e-03
9.383872151374816895e-03
9.457658976316452026e-03
9.531682357192039490e-03
9.605935774743556976e-03
9.680414572358131409e-03
9.755095466971397400e-03
9.829999879002571106e-03
9.905098937451839447e-03
9.980394504964351654e-03
1.005588099360466003e-02
1.013155560940504074e-02
1.020739786326885223e-02
1.028340775519609451e-02
1.035958342254161835e-02
1.043590344488620758e-02
1.051235198974609375e-02
1.058892160654067993e-02
1.066558435559272766e-02
1.074234023690223694e-02
1.081914827227592468e-02
1.089598890393972397e-02
1.097284257411956787e-02
1.104968599975109100e-02
1.112647168338298798e-02
1.120318938046693802e-02
1.127979718148708344e-02
1.135627925395965576e-02
1.143258437514305115e-02
1.150870230048894882e-02
1.158461254090070724e-02
1.166029460728168488e-02
1.173572614789009094e-02
1.181091647595167160e-02
1.188587117940187454e-02
1.196060236543416977e-02
1.203512866050004959e-02
1.210950966924428940e-02
1.218379288911819458e-02
1.225805282592773438e-02
1.233236491680145264e-02
1.240684837102890015e-02
1.248159259557723999e-02
1.255675125867128372e-02
1.263243518769741058e-02
1.270880177617073059e-02
1.278601028025150299e-02
1.286420132964849472e-02
1.294353511184453964e-02
1.302417367696762085e-02
1.310625672340393066e-02
1.318996865302324295e-02
1.327541656792163849e-02
1.336275879293680191e-02
1.345210894942283630e-02
1.354358531534671783e-02
1.363733503967523575e-02
1.373344380408525467e-02
1.383202709257602692e-02
1.393320225179195404e-02
1.403705216944217682e-02
1.414371374994516373e-02
1.425329130142927170e-02
1.436591427773237228e-02
1.448172423988580704e-02
1.460087671875953674e-02
1.472355611622333527e-02
1.484997011721134186e-02
1.498033013194799423e-02
1.511491183191537857e-02
1.525402721017599106e-02
1.539799012243747711e-02
1.554720103740692139e-02
1.570210978388786316e-02
1.586318016052246094e-02
1.603098213672637939e-02
1.620611734688282013e-02
1.638926751911640167e-02
1.658119261264801025e-02
1.678267307579517365e-02
1.699463464319705963e-02
1.721802912652492523e-02
1.745388843119144440e-02
1.770331524312496185e-02
1.796748116612434387e-02
1.824756711721420288e-02
1.854483224451541901e-02
1.886057853698730469e-02
1.919604837894439697e-02
1.955253258347511292e-02
1.993122324347496033e-02
2.033326588571071625e-02
2.075964957475662231e-02
2.121129259467124939e-02
2.168884314596652985e-02
2.219277992844581604e-02
2.272328361868858337e-02
2.328026480972766876e-02
2.386333607137203217e-02
2.447172440588474274e-02
2.510434761643409729e-02
2.575980685651302338e-02
2.643634565174579620e-02
2.713190019130706787e-02
2.784421294927597046e-02
2.857077866792678833e-02
2.930898219347000122e-02
3.005607798695564270e-02
3.080932050943374634e-02
3.156606853008270264e-02
3.232364729046821594e-02
3.307963162660598755e-02
3.383177146315574646e-02
3.457808867096900940e-02
3.531672805547714233e-02
3.604624792933464050e-02
3.676538914442062378e-02
3.747314587235450745e-02
3.816884756088256836e-02
3.885202109813690186e-02
3.952241316437721252e-02
4.017997533082962036e-02
4.082480445504188538e-02
4.145722463726997375e-02
4.207761585712432861e-02
4.268656298518180847e-02
4.328463971614837646e-02
4.387250915169715881e-02
4.445092007517814636e-02
4.502067714929580688e-02
4.558251053094863892e-02
4.613731056451797485e-02
4.668588563799858093e-02
4.722907021641731262e-02
4.776764661073684692e-02
