9.952828288078308105e-01
9.952059388160705566e-01
9.951269626617431641e-01
9.950459003448486328e-01
9.949625730514526367e-01
9.948769211769104004e-01
9.947891235351562500e-01
9.946990013122558594e-01
9.946065545082092285e-01
9.945117235183715820e-01
9.944145679473876953e-01
9.943149685859680176e-01
9.942131638526916504e-01
9.941089153289794922e-01
9.940021634101867676e-01
9.938931465148925781e-01
9.937817454338073730e-01
9.936680197715759277e-01
9.935518503189086914e-01
9.934334754943847656e-01
9.933127760887145996e-01
9.931898713111877441e-01
9.930648207664489746e-01
9.929376244544982910e-01
9.928083419799804688e-01
9.926770925521850586e-01
9.925439357757568359e-01
9.924088716506958008e-01
9.922721385955810547e-01
9.921336174011230469e-01
9.919937849044799805e-01
9.918523430824279785e-01
9.917097687721252441e-01
9.915659427642822266e-01
9.914209246635437012e-01
9.912751913070678711e-01
9.911286830902099609e-01
9.909816384315490723e-01
9.908341765403747559e-01
9.906863570213317871e-01
9.905384778976440430e-01
9.903906583786010742e-01
9.902432560920715332e-01
9.900960922241210938e-01
9.899497032165527344e-01
9.898040294647216797e-01
9.896594882011413574e-01
9.895160198211669922e-01
9.893738627433776855e-01
9.892332553863525391e-01
9.890943169593811035e-01
9.889573454856872559e-01
9.888223409652709961e-01
9.886896014213562012e-01
9.885590076446533203e-01
9.884309768676757812e-01
9.883054494857788086e-01
9.881826043128967285e-01
9.880626201629638672e-01
9.879453182220458984e-01
9.878310561180114746e-01
9.877197742462158203e-01
9.876113533973693848e-01
9.875059127807617188e-01
9.874036312103271484e-01
9.873041510581970215e-01
9.872075915336608887e-01
9.871138334274291992e-01
9.870229363441467285e-01
9.869346618652343750e-01
9.868488311767578125e-01
9.867653846740722656e-01
9.866841435432434082e-01
9.866049885749816895e-01
9.865276217460632324e-01
9.864519834518432617e-01
9.863775968551635742e-01
9.863044619560241699e-01
9.862323403358459473e-01
9.861607551574707031e-01
9.860897064208984375e-01
9.860188961029052734e-01
9.859479665756225586e-01
9.858767986297607422e-01
9.858050942420959473e-01
9.857326149940490723e-01
9.856591820716857910e-01
9.855844378471374512e-01
9.855082631111145020e-01
9.854305982589721680e-01
9.853509664535522461e-01
9.852694869041442871e-01
9.851858019828796387e-01
9.850999712944030762e-01
9.850116968154907227e-01
9.849210381507873535e-01
9.848277568817138672e-01
9.847319126129150391e-01
9.846333861351013184e-01
9.845321774482727051e-01
9.844282269477844238e-01
9.843215942382812500e-01
9.842122197151184082e-01
9.841001033782958984e-01
9.839853644371032715e-01
9.838681221008300781e-01
9.837480783462524414e-01
9.836257100105285645e-01
9.835008382797241211e-01
9.833736419677734375e-01
9.832441210746765137e-01
9.831123948097229004e-01
9.829786419868469238e-01
9.828428626060485840e-01
9.827051758766174316e-01
9.825655221939086914e-01
9.824243187904357910e-01
9.822814464569091797e-01
9.821370244026184082e-01
9.819911122322082520e-01
9.818440079689025879e-01
9.816956520080566406e-01
9.815461039543151855e-01
9.813955426216125488e-01
9.812440276145935059e-01
9.810916185379028320e-01
9.809384346008300781e-01
9.807846546173095703e-01
9.806300997734069824e-01
9.804751276969909668e-01
9.803196787834167480e-01
9.801637530326843262e-01
9.800075888633728027e-01
9.798510670661926270e-01
9.796944260597229004e-01
9.795376062393188477e-01
9.793805480003356934e-01
9.792236089706420898e-01
9.790665507316589355e-01
9.789095520973205566e-01
9.787526130676269531e-01
9.785957336425781250e-01
9.784391522407531738e-01
9.782826304435729980e-01
9.781262278556823730e-01
9.779700040817260742e-01
9.778140187263488770e-01
9.776582717895507812e-01
9.775026440620422363e-01
9.773473143577575684e-01
9.771921038627624512e-01
9.770370721817016602e-01
9.768822193145751953e-01
9.767275452613830566e-01
9.765730500221252441e-01
9.764186739921569824e-01
9.762642383575439453e-01
9.761098623275756836e-01
9.759554266929626465e-01
9.758008718490600586e-01
9.756461977958679199e-01
9.754912257194519043e-01
9.753359556198120117e-01
9.751802682876586914e-01
9.750242233276367188e-01
9.748674631118774414e-01
9.747100472450256348e-01
9.745517373085021973e-01
9.743924736976623535e-01
9.742321968078613281e-01
9.740705490112304688e-01
9.739077091217041016e-01
9.737431406974792480e-01
9.735768437385559082e-01
9.734086394309997559e-01
9.732383489608764648e-01
9.730656147003173828e-01
9.728902578353881836e-01
9.727120995521545410e-01
9.725307822227478027e-01
9.723461270332336426e-01
9.721578359603881836e-01
9.719654321670532227e-01
9.717688560485839844e-01
9.715675115585327148e-01
9.713610410690307617e-01
9.711493253707885742e-01
9.709315896034240723e-01
9.707075357437133789e-01
9.704767465591430664e-01
9.702386856079101562e-01
9.699926376342773438e-01
9.697383046150207520e-01
9.694748520851135254e-01
9.692017436027526855e-01
9.689183235168457031e-01
9.686236381530761719e-01
9.683169126510620117e-01
9.679974913597106934e-01
9.676641821861267090e-01
9.673161506652832031e-01
9.669520854949951172e-01
9.665710330009460449e-01
9.661715626716613770e-01
9.657524824142456055e-01
9.653121829032897949e-01
9.648490548133850098e-01
9.643614292144775391e-01
9.638475179672241211e-01
9.633052945137023926e-01
9.627327322959899902e-01
9.621277451515197754e-01
9.614878892898559570e-01
9.608109593391418457e-01
9.600945115089416504e-01
9.593359231948852539e-01
9.585331082344055176e-01
9.576833248138427734e-01
9.567847251892089844e-01
9.558351635932922363e-01
9.548330903053283691e-01
9.537771940231323242e-01
9.526668787002563477e-01
9.515018463134765625e-01
9.502828121185302734e-01
9.490109682083129883e-01
9.476886391639709473e-01
9.463185071945190430e-01
9.449045062065124512e-01
9.434512257575988770e-01
9.419636130332946777e-01
9.404475688934326172e-01
9.389090538024902344e-01
9.373544454574584961e-01
9.357900023460388184e-01
9.342219829559326172e-01
9.326562881469726562e-01
9.310982823371887207e-01
9.295529127120971680e-01
9.280243515968322754e-01
9.265164136886596680e-01
9.250316619873046875e-01
9.235725402832031250e-01
9.221404194831848145e-01
9.207362532615661621e-01
9.193604588508605957e-01
9.180127978324890137e-01
9.166926741600036621e-01
9.153993725776672363e-01
9.141317009925842285e-01
9.128881096839904785e-01
9.116671085357666016e-01
9.104670286178588867e-01
9.092860817909240723e-01
9.081225991249084473e-01
9.069746136665344238e-01
9.058403372764587402e-01
9.047181010246276855e-01
9.036061763763427734e-01
9.025027751922607422e-01
9.014063477516174316e-01
