9.985580415370723939e-01
9.982656767332196424e-01
9.979389986956958003e-01
9.975981739741145438e-01
9.972474164743654335e-01
9.969338818099728883e-01
9.966222534363399221e-01
9.962841376542590499e-01
9.959591652453094746e-01
9.956931875188120840e-01
9.954505869368917015e-01
9.952035717868967790e-01
9.949856526537573798e-01
9.947953245710845493e-01
9.945415872378849942e-01
9.942830340122403854e-01
9.940388281328383924e-01
9.938355573392194664e-01
9.936815491120698507e-01
9.935254339319755656e-01
9.933889836460318978e-01
9.932108959566570139e-01
9.930023076151299755e-01
9.927526838567272138e-01
9.924749673923949356e-01
9.922660780575900397e-01
9.921463830641115145e-01
9.920342129025785383e-01
9.918692685863349512e-01
9.916393097220829178e-01
9.914149693990167433e-01
9.912108959566570121e-01
9.910120397311126261e-01
9.908688672619644366e-01
9.907856927861944385e-01
9.907167653255744000e-01
9.905988762917627977e-01
9.904642319654860527e-01
9.903315942610615430e-01
9.902068827129527628e-01
9.901229055884418484e-01
9.900397311126718503e-01
9.899421089595665801e-01
9.898539179291662160e-01
9.896899769238487465e-01
9.895168054580114614e-01
9.894187819805357886e-01
9.893110263870773524e-01
9.891670512691883577e-01
9.890356175378749448e-01
9.889215410855823896e-01
9.887982341727701296e-01
9.887046252633691079e-01
9.886123206581719502e-01
9.885349653857730123e-01
9.884819905688773112e-01
9.884367412461121383e-01
9.883569780274906735e-01
9.882618641517005864e-01
9.881568174977425345e-01
9.880638105748971167e-01
9.879831443764423016e-01
9.879156215511186723e-01
9.878783987157619961e-01
9.878262265476071002e-01
9.877735527239891455e-01
9.871942409952844111e-01
9.866145279422092740e-01
9.865264372429015660e-01
9.864526938898364739e-01
9.863908899367913596e-01
9.863414267081368481e-01
9.862931674525935444e-01
9.862435035617538315e-01
9.862023678137854521e-01
9.861637403431323667e-01
9.861386575699809809e-01
9.861153807564964069e-01
9.860738436841577359e-01
9.860182602588541956e-01
9.859574596167351990e-01
9.858805056687067747e-01
9.858186013845691154e-01
9.857765626567673856e-01
9.857265977726497042e-01
9.856660981238085650e-01
9.855847296077053787e-01
9.855069730109360382e-01
9.854358382662786742e-01
9.853735326577706122e-01
9.853185512190227868e-01
9.852368817096418541e-01
9.851494933279822952e-01
9.850527741547105975e-01
9.849936791411658676e-01
9.849024781779873727e-01
9.847757600080264684e-01
9.847064312230360272e-01
9.846072037724490356e-01
9.844774756697100004e-01
9.843598876291762556e-01
9.842447075348650376e-01
9.841107655262365528e-01
9.840012039731113047e-01
9.839174275107855916e-01
9.838077656265676874e-01
9.836352964783786623e-01
9.834353366108157246e-01
9.832660780575900317e-01
9.831147787699408003e-01
9.829866559646834867e-01
9.828799036821510571e-01
9.827595063710243828e-01
9.826249623758402940e-01
9.824866057991371582e-01
9.823514598173974655e-01
9.822319654861041416e-01
9.820725393799538683e-01
9.819164241998595832e-01
9.817846894752684239e-01
9.816038928463930446e-01
9.814188823116283267e-01
9.812576502458111305e-01
9.811013344035316441e-01
9.809822413966088339e-01
9.808770944115581258e-01
9.807344235978729952e-01
9.805813183505568409e-01
9.804299187318149533e-01
9.802698906391090761e-01
9.801162837363298630e-01
9.799903682151098749e-01
9.798777967292063851e-01
9.797279020768535629e-01
9.795885421892244205e-01
9.794220929065917680e-01
9.792168154911207179e-01
9.790215711849101776e-01
9.788669609712049580e-01
9.787699408046554028e-01
9.786535567372328659e-01
9.785179091000301144e-01
9.783944015250326531e-01
9.783415270392294971e-01
9.781963479482291834e-01
9.779762215310524587e-01
9.778110765526236703e-01
9.776254640313033484e-01
9.774448680646131704e-01
9.772720979231463989e-01
9.771053476472358890e-01
9.769382963780475215e-01
9.767985351660479765e-01
9.766926858633490083e-01
9.765614527942209078e-01
9.764152703922945875e-01
9.762715962676833392e-01
9.760875890438447389e-01
9.758912410956155359e-01
9.758013444366409050e-01
9.756793418280325092e-01
9.755075749974917443e-01
9.753534664392494724e-01
9.751577204775759844e-01
9.749175278418782398e-01
9.746944918230159294e-01
9.746135246312832567e-01
9.744892144075448792e-01
9.742963780475569768e-01
9.741492926657970841e-01
9.739722082873482067e-01
9.737959265576402457e-01
9.736574696498444537e-01
9.735985752984850361e-01
9.734393498545199641e-01
9.732099929768235347e-01
9.730481589244507346e-01
9.728489013745359459e-01
9.726355974716565100e-01
9.724296177385371998e-01
9.723296879703019480e-01
9.721956456305809180e-01
9.719480284940302806e-01
9.717149593659074602e-01
9.714931273201564688e-01
9.712934684458713885e-01
9.710654158723788232e-01
9.709374937293067109e-01
9.707900070231765266e-01
9.705262365807163505e-01
9.702880505668706190e-01
9.700232768134845474e-01
9.697492725995786600e-01
9.694492826326879253e-01
9.692839369920738246e-01
9.690894953346042007e-01
9.687455603491521572e-01
9.684373432326678355e-01
9.680274907193738843e-01
9.675580415370723664e-01
9.673367111467844337e-01
9.673367111467844337e-01
9.668300391291261286e-01
9.661382562456105605e-01
9.657586033911909063e-01
9.653444366409150712e-01
9.649160228754891655e-01
9.643567773653055619e-01
9.640066218521119445e-01
9.635965686766329030e-01
9.629198354570080998e-01
9.622871475870372615e-01
9.615099829437142587e-01
9.607609110063208835e-01
9.600187619143172313e-01
9.596156315842279128e-01
9.589196347948228949e-01
9.578759907695394427e-01
9.570878900371224685e-01
9.560292966790407965e-01
9.549862546403130592e-01
9.539021771847094877e-01
9.532506270693288375e-01
9.523107253937995731e-01
9.506718169960870490e-01
9.493067121500953220e-01
9.479040834754690614e-01
9.462372830340122221e-01
9.445640614026287185e-01
9.438186013845690780e-01
9.424925253336008391e-01
9.403727300090297669e-01
9.389514397511788957e-01
9.375121902277515629e-01
9.356881709641817757e-01
9.338740844787799533e-01
9.330874887127520445e-01
9.318827129527440523e-01
9.299885622554429077e-01
9.288302397913112962e-01
9.283599879602688620e-01
9.265986756295776505e-01
9.240072238386676240e-01
9.231693588843182807e-01
9.220770542791211222e-01
9.203216614828935160e-01
9.189143172469148579e-01
9.173508578308418038e-01
9.155986756295776408e-01
9.139996990067221772e-01
9.133668104745660266e-01
9.123710243804554754e-01
9.106951941406642437e-01
9.094812882512290919e-01
9.082935687769639888e-01
9.070902979833450619e-01
9.060198655563359571e-01
9.055369720076251738e-01
9.047629176281729579e-01
9.034367412461121738e-01
9.024205879402026342e-01
