2.193458937108516693e-02
2.219288609921932220e-02
2.245253324508666992e-02
2.271325699985027313e-02
2.297482267022132874e-02
2.323698438704013824e-02
2.349939942359924316e-02
2.376185916364192963e-02
2.402405254542827606e-02
2.428571693599224091e-02
2.454655803740024567e-02
2.480629086494445801e-02
2.506462298333644867e-02
2.532127872109413147e-02
2.557601965963840485e-02
2.582847513258457184e-02
2.607845142483711243e-02
2.632565051317214966e-02
2.656979300081729889e-02
2.681068703532218933e-02
2.704801782965660095e-02
2.728157676756381989e-02
2.751111984252929688e-02
2.773644775152206421e-02
2.795734070241451263e-02
2.817363291978836060e-02
2.838513068854808807e-02
2.859164960682392120e-02
2.879310026764869690e-02
2.898930758237838745e-02
2.918015792965888977e-02
2.936554513871669769e-02
2.954543754458427429e-02
2.971972897648811340e-02
2.988837845623493195e-02
3.005136735737323761e-02
3.020870499312877655e-02
3.036035969853401184e-02
3.050637245178222656e-02
3.064681962132453918e-02
3.078174404799938202e-02
3.091124072670936584e-02
3.103539161384105682e-02
3.115430846810340881e-02
3.126814961433410645e-02
3.137704730033874512e-02
3.148115798830986023e-02
3.158064931631088257e-02
3.167574480175971985e-02
3.176657855510711670e-02
3.185341879725456238e-02
3.193644061684608459e-02
3.201587125658988953e-02
3.209196776151657104e-02
3.216493874788284302e-02
3.223503753542900085e-02
3.230248391628265381e-02
3.236750885844230652e-02
3.243037685751914978e-02
3.249130398035049438e-02
3.255048766732215881e-02
3.260820358991622925e-02
3.266464546322822571e-02
3.272000327706336975e-02
3.277448937296867371e-02
3.282826393842697144e-02
3.288154676556587219e-02
3.293443843722343445e-02
3.298714756965637207e-02
3.303975611925125122e-02
3.309240192174911499e-02
3.314518183469772339e-02
3.319818153977394104e-02
3.325150534510612488e-02
3.330516070127487183e-02
3.335922583937644958e-02
3.341372683644294739e-02
3.346867486834526062e-02
3.352404758334159851e-02
3.357988968491554260e-02
3.363615274429321289e-02
3.369281440973281860e-02
3.374982997775077820e-02
3.380718454718589783e-02
3.386477380990982056e-02
3.392260521650314331e-02
3.398057073354721069e-02
3.403861075639724731e-02
3.409668803215026855e-02
3.415473923087120056e-02
3.421265259385108948e-02
3.427038341760635376e-02
3.432787954807281494e-02
3.438508883118629456e-02
3.444192558526992798e-02
3.449835255742073059e-02
3.455431759357452393e-02
3.460974246263504028e-02
3.466464951634407043e-02
3.471893817186355591e-02
3.477261215448379517e-02
3.482564538717269897e-02
3.487800061702728271e-02
3.492968901991844177e-02
3.498067334294319153e-02
3.503098711371421814e-02
3.508060425519943237e-02
3.512952849268913269e-02
3.517777845263481140e-02
3.522534295916557312e-02
3.527228906750679016e-02
3.531861677765846252e-02
3.536435216665267944e-02
3.540949150919914246e-02
3.545412048697471619e-02
3.549825772643089294e-02
3.554194420576095581e-02
3.558521717786788940e-02
3.562806546688079834e-02
3.567063063383102417e-02
3.571290150284767151e-02
3.575493395328521729e-02
3.579676151275634766e-02
3.583845868706703186e-02
3.588006272912025452e-02
3.592161834239959717e-02
3.596321120858192444e-02
3.600482270121574402e-02
3.604657202959060669e-02
3.608849272131919861e-02
3.613064438104629517e-02
3.617304190993309021e-02
3.621577471494674683e-02
3.625890240073204041e-02
3.630243614315986633e-02
3.634648397564888000e-02
3.639103844761848450e-02
3.643620386719703674e-02
3.648199141025543213e-02
3.652849793434143066e-02
3.657576069235801697e-02
3.662382438778877258e-02
3.667274862527847290e-02
3.672259673476219177e-02
3.677339106798171997e-02
3.682524710893630981e-02
3.687813505530357361e-02
3.693218901753425598e-02
3.698745369911193848e-02
3.704393655061721802e-02
