2.193052171208164161e-02
2.223667345512745849e-02
2.266877133338921282e-02
2.292028409481466564e-02
2.321873173572025842e-02
2.348162591142203409e-02
2.376853627112917797e-02
2.405437987080763507e-02
2.426527179119148878e-02
2.441098005513584954e-02
2.456342462379403416e-02
2.491139577793431703e-02
2.519970399476605810e-02
2.559475909436326885e-02
2.588188590013165702e-02
2.619144215457176045e-02
2.634209852613005748e-02
2.651553936992712135e-02
2.687616799311006235e-02
2.719165893030535061e-02
2.750616268964699643e-02
2.776587015429037020e-02
2.807451760305959901e-02
2.830432346499767507e-02
2.846519409543963805e-02
2.866710543805720338e-02
2.884231498137782360e-02
2.910503635337978803e-02
2.922247104468804133e-02
2.951723215680878906e-02
2.962677886518082920e-02
2.969491047328713662e-02
2.989830163573062305e-02
3.002985994431221078e-02
3.022901553038437328e-02
3.034064174806280073e-02
3.053074442888939130e-02
3.059830554023451263e-02
3.067494133896136316e-02
3.080766815090171806e-02
3.092293096477834527e-02
3.109045063714277815e-02
3.116487532843286237e-02
3.131388061265825279e-02
3.140575283919639499e-02
3.147699986701028851e-02
3.153222412672879865e-02
3.167370665760811665e-02
3.179610077027684306e-02
3.188869130576243299e-02
3.204347200455296557e-02
3.210045053857731728e-02
3.215243059256678998e-02
3.226581779140832301e-02
3.235594709785315909e-02
3.245785722109628679e-02
3.253891889465803516e-02
3.260938664755695660e-02
3.266216260646427616e-02
3.269466601151022056e-02
3.274607010115988120e-02
3.278502513998211160e-02
3.284727984494990177e-02
3.288900986473090177e-02
3.294652873334925902e-02
3.298316054175574191e-02
3.302742185135704861e-02
3.310493300140108369e-02
3.318537104433556123e-02
3.325593654293267087e-02
3.330311504722144322e-02
3.336380180875615081e-02
3.339897358172894126e-02
3.342269351907491831e-02
3.348765892500774055e-02
3.354223500467862912e-02
3.360948795460185629e-02
3.366091743810534220e-02
3.371283750139992402e-02
3.374437177574420021e-02
3.378973244048009278e-02
3.384616400522393737e-02
3.391320968197376884e-02
3.397023465894982025e-02
3.401673233606695296e-02
3.407896467442782934e-02
3.410665311928826743e-02
3.414436890631523946e-02
3.422535906808480549e-02
3.427012366877251609e-02
3.432938745029123079e-02
3.441082729608418295e-02
3.444221107554890776e-02
3.447389627626789438e-02
3.452689384199982003e-02
3.457585071545991873e-02
3.464315699342757071e-02
3.469095765346934257e-02
3.473249640903456475e-02
3.476655300578194302e-02
3.480055115799741972e-02
3.485026899989561444e-02
3.490004303315332596e-02
3.497808381040352910e-02
3.503025394526523839e-02
3.507453515434897501e-02
3.511180094800669255e-02
3.513477921996907560e-02
3.517180522513169150e-02
3.522754850067436050e-02
3.529337797535524179e-02
3.534106810057961734e-02
3.539693183330235027e-02
3.543332416680972791e-02
3.546044723966525203e-02
3.551184318198531698e-02
3.555880730008647433e-02
3.563368633689879134e-02
3.569108904828492690e-02
3.586655440753316881e-02
3.589581404056121916e-02
3.591904712624897217e-02
3.595375212507838369e-02
3.599913658288268759e-02
3.605650977581321970e-02
3.613321103126205386e-02
3.617249785255622491e-02
3.620363953459752870e-02
3.622653912382003266e-02
3.627183595888643086e-02
3.631972450371183381e-02
3.636914368007986009e-02
3.641165732059276766e-02
3.645608576358283504e-02
3.648126229830331996e-02
3.650190513404594217e-02
3.652902174370583482e-02
3.656424060399156989e-02
3.661423711581005686e-02
3.664674141700809823e-02
3.668938628870013763e-02
3.671251810507350499e-02
3.672800741690252641e-02
3.675374427482041434e-02
3.678864699264328131e-02
3.682576221450011705e-02
3.685503321050429687e-02
3.688827902134559494e-02
3.690489807048138310e-02
3.691616394091386255e-02
