2.223513089120388031e-02
2.250563912093639374e-02
2.277687564492225647e-02
2.304856106638908386e-02
2.332046441733837128e-02
2.359230071306228638e-02
2.386382035911083221e-02
2.413471415638923645e-02
2.440473437309265137e-02
2.467359229922294617e-02
2.494101040065288544e-02
2.520670741796493530e-02
2.547042258083820343e-02
2.573189698159694672e-02
2.599081583321094513e-02
2.624695189297199249e-02
2.650003135204315186e-02
2.674978971481323242e-02
2.699600718915462494e-02
2.723844908177852631e-02
2.747685275971889496e-02
2.771103195846080780e-02
2.794077433645725250e-02
2.816584892570972443e-02
2.838613465428352356e-02
2.860140055418014526e-02
2.881151437759399414e-02
2.901634946465492249e-02
2.921574749052524567e-02
2.940962091088294983e-02
2.959786169230937958e-02
2.978036366403102875e-02
2.995711565017700195e-02
3.012804128229618073e-02
3.029313124716281891e-02
3.045231662690639496e-02
3.060566261410713196e-02
3.075320087373256683e-02
3.089492022991180420e-02
3.103089332580566406e-02
3.116122074425220490e-02
3.128599375486373901e-02
3.140528500080108643e-02
3.151923790574073792e-02
3.162800148129463196e-02
3.173169121146202087e-02
3.183055669069290161e-02
3.192466124892234802e-02
3.201428800821304321e-02
3.209959343075752258e-02
3.218079730868339539e-02
3.225814551115036011e-02
3.233183920383453369e-02
3.240210190415382385e-02
3.246921673417091370e-02
3.253338485956192017e-02
3.259488195180892944e-02
3.265392780303955078e-02
3.271074965596199036e-02
3.276564925909042358e-02
3.281882032752037048e-02
3.287050873041152954e-02
3.292089700698852539e-02
3.297027572989463806e-02
3.301880508661270142e-02
3.306671231985092163e-02
3.311416134238243103e-02
3.316131979227066040e-02
3.320837765932083130e-02
3.325543552637100220e-02
3.330267220735549927e-02
3.335018828511238098e-02
3.339806199073791504e-02
3.344641625881195068e-02
3.349526971578598022e-02
3.354473412036895752e-02
3.359481692314147949e-02
3.364554792642593384e-02
3.369693085551261902e-02
3.374895080924034119e-02
3.380160033702850342e-02
3.385488316416740417e-02
3.390873223543167114e-02
3.396310284733772278e-02
3.401792049407958984e-02
3.407315537333488464e-02
3.412871435284614563e-02
3.418453037738800049e-02
3.424053266644477844e-02
3.429663553833961487e-02
3.435278311371803284e-02
3.440884500741958618e-02
3.446478024125099182e-02
3.452050685882568359e-02
3.457593917846679688e-02
3.463103249669075012e-02
3.468567878007888794e-02
3.473984822630882263e-02
3.479348123073577881e-02
3.484652936458587646e-02
3.489891812205314636e-02
3.495065867900848389e-02
3.500169143080711365e-02
3.505199030041694641e-02
3.510157391428947449e-02
3.515038266777992249e-02
3.519842773675918579e-02
3.524570912122726440e-02
3.529227524995803833e-02
3.533807769417762756e-02
3.538315743207931519e-02
3.542755171656608582e-02
3.547126799821853638e-02
3.551436588168144226e-02
3.555684909224510193e-02
3.559878468513488770e-02
3.564019873738288879e-02
3.568112105131149292e-02
3.572164475917816162e-02
3.576181083917617798e-02
3.580165654420852661e-02
3.584124520421028137e-02
3.588062524795532227e-02
3.591986373066902161e-02
3.595902025699615479e-02
3.599816560745239258e-02
3.603732585906982422e-02
3.607659786939620972e-02
3.611599281430244446e-02
3.615566715598106384e-02
3.619557991623878479e-02
3.623586520552635193e-02
3.627653419971466064e-02
3.631769865751266479e-02
3.635933995246887207e-02
3.640160337090492249e-02
3.644451126456260681e-02
3.648814186453819275e-02
3.653251752257347107e-02
3.657772019505500793e-02
3.662381693720817566e-02
3.667086362838745117e-02
3.671890124678611755e-02
3.676802292466163635e-02
3.681825101375579834e-02
3.686964139342308044e-02
3.692227602005004883e-02
3.697620704770088196e-02
3.703149035573005676e-02
3.708818554878234863e-02
