7.343229651451110840e-02
7.430604100227355957e-02
7.518473267555236816e-02
7.606747746467590332e-02
7.695347070693969727e-02
7.784190773963928223e-02
7.873162627220153809e-02
7.962194085121154785e-02
8.051180839538574219e-02
8.140033483505249023e-02
8.228653669357299805e-02
8.316943049430847168e-02
8.404806256294250488e-02
8.492147922515869141e-02
8.578884601593017578e-02
8.664894104003906250e-02
8.750107884407043457e-02
8.834424614906311035e-02
8.917748928070068359e-02
9.000012278556823730e-02
9.081107378005981445e-02
9.160962700843811035e-02
9.239494800567626953e-02
9.316629171371459961e-02
9.392294287681579590e-02
9.466427564620971680e-02
9.538963437080383301e-02
9.609836339950561523e-02
9.679010510444641113e-02
9.746426343917846680e-02
9.812042117118835449e-02
9.875819087028503418e-02
9.937742352485656738e-02
9.997773170471191406e-02
1.005589663982391357e-01
1.011210083961486816e-01
1.016638875007629395e-01
1.021874547004699707e-01
1.026918292045593262e-01
1.031772494316101074e-01
1.036438345909118652e-01
1.040918827056884766e-01
1.045216619968414307e-01
1.049335300922393799e-01
1.053280234336853027e-01
1.057055592536926270e-01
1.060666739940643311e-01
1.064119040966033936e-01
1.067420244216918945e-01
1.070574820041656494e-01
1.073592007160186768e-01
1.076477468013763428e-01
1.079238951206207275e-01
1.081885695457458496e-01
1.084424257278442383e-01
1.086863577365875244e-01
1.089211106300354004e-01
1.091474890708923340e-01
1.093663871288299561e-01
1.095785796642303467e-01
1.097847223281860352e-01
1.099857687950134277e-01
1.101824045181274414e-01
1.103752553462982178e-01
1.105650961399078369e-01
1.107524633407592773e-01
1.109381318092346191e-01
1.111224293708801270e-01
1.113061010837554932e-01
1.114894151687622070e-01
1.116728782653808594e-01
1.118568181991577148e-01
1.120415329933166504e-01
1.122273802757263184e-01
1.124144196510314941e-01
1.126028895378112793e-01
1.127929091453552246e-01
1.129845082759857178e-01
1.131776273250579834e-01
1.133724153041839600e-01
1.135686933994293213e-01
1.137664020061492920e-01
1.139653921127319336e-01
1.141656041145324707e-01
1.143666803836822510e-01
1.145686507225036621e-01
1.147711575031280518e-01
1.149739623069763184e-01
1.151769459247589111e-01
1.153798997402191162e-01
1.155824363231658936e-01
1.157843768596649170e-01
1.159855723381042480e-01
1.161858141422271729e-01
1.163848042488098145e-01
1.165824234485626221e-01
1.167784929275512695e-01
1.169727146625518799e-01
1.171651780605316162e-01
1.173555552959442139e-01
1.175438165664672852e-01
1.177299022674560547e-01
1.179136633872985840e-01
1.180951297283172607e-01
1.182741820812225342e-01
1.184509396553039551e-01
1.186252832412719727e-01
1.187972724437713623e-01
1.189669370651245117e-01
1.191342473030090332e-01
1.192994117736816406e-01
1.194624602794647217e-01
1.196234822273254395e-01
1.197824478149414062e-01
1.199396550655364990e-01
1.200951933860778809e-01
1.202491819858551025e-01
1.204017400741577148e-01
1.205528974533081055e-01
1.207030713558197021e-01
1.208522319793701172e-01
1.210006177425384521e-01
1.211483180522918701e-01
1.212956011295318604e-01
1.214425861835479736e-01
1.215894520282745361e-01
1.217364966869354248e-01
1.218836307525634766e-01
1.220313012599945068e-01
1.221796274185180664e-01
1.223287880420684814e-01
1.224788725376129150e-01
1.226301789283752441e-01
1.227829158306121826e-01
1.229371428489685059e-01
1.230932176113128662e-01
1.232511401176452637e-01
1.234112679958343506e-01
1.235736310482025146e-01
1.237385869026184082e-01
1.239062547683715820e-01
1.240768134593963623e-01
1.242504715919494629e-01
1.244274377822875977e-01
1.246078014373779297e-01
1.247919797897338867e-01
1.249798834323883057e-01
1.251719594001770020e-01
1.253683865070343018e-01
1.255691945552825928e-01
