6.390306353569030762e-02
6.482484936714172363e-02
6.575644016265869141e-02
6.669709086418151855e-02
6.764578819274902344e-02
6.860172748565673828e-02
6.956395506858825684e-02
7.053151726722717285e-02
7.150346040725708008e-02
7.247880101203918457e-02
7.345655560493469238e-02
7.443574070930480957e-02
7.541549205780029297e-02
7.639461755752563477e-02
7.737216353416442871e-02
7.834723591804504395e-02
7.931888103485107422e-02
8.028602600097656250e-02
8.124762773513793945e-02
8.220294117927551270e-02
8.315083384513854980e-02
8.409056067466735840e-02
8.502107858657836914e-02
8.594152331352233887e-02
8.685117959976196289e-02
8.774903416633605957e-02
8.863440155982971191e-02
8.950638771057128906e-02
9.036445617675781250e-02
9.120777249336242676e-02
9.203565120697021484e-02
9.284764528274536133e-02
9.364295005798339844e-02
9.442108869552612305e-02
9.518149495124816895e-02
9.592390060424804688e-02
9.664773941040039062e-02
9.735271334648132324e-02
9.803846478462219238e-02
9.870478510856628418e-02
9.935134649276733398e-02
9.997805953025817871e-02
1.005847752094268799e-01
1.011714637279510498e-01
1.017379760742187500e-01
1.022844910621643066e-01
1.028109788894653320e-01
1.033176481723785400e-01
1.038045883178710938e-01
1.042721271514892578e-01
1.047204434871673584e-01
1.051498949527740479e-01
1.055608391761779785e-01
1.059536933898925781e-01
1.063289344310760498e-01
1.066869497299194336e-01
1.070284247398376465e-01
1.073538362979888916e-01
1.076637506484985352e-01
1.079589128494262695e-01
1.082398891448974609e-01
1.085074543952941895e-01
1.087622642517089844e-01
1.090050935745239258e-01
1.092366576194763184e-01
1.094577610492706299e-01
1.096691787242889404e-01
1.098717153072357178e-01
1.100662946701049805e-01
1.102534532546997070e-01
1.104340553283691406e-01
1.106091141700744629e-01
1.107791364192962646e-01
1.109449863433837891e-01
1.111074090003967285e-01
1.112671196460723877e-01
1.114248335361480713e-01
1.115811169147491455e-01
1.117366850376129150e-01
1.118921637535095215e-01
1.120479404926300049e-01
1.122046411037445068e-01
1.123625934123992920e-01
1.125223934650421143e-01
1.126842200756072998e-01
1.128484308719635010e-01
1.130153238773345947e-01
1.131849884986877441e-01
1.133576035499572754e-01
1.135331690311431885e-01
1.137118637561798096e-01
1.138935685157775879e-01
1.140781342983245850e-01
1.142654716968536377e-01
1.144554615020751953e-01
1.146478652954101562e-01
1.148423552513122559e-01
1.150386929512023926e-01
1.152364909648895264e-01
1.154355108737945557e-01
1.156353056430816650e-01
1.158354580402374268e-01
1.160356104373931885e-01
1.162354350090026855e-01
1.164344549179077148e-01
1.166322827339172363e-01
1.168286204338073730e-01
1.170230507850646973e-01
1.172152757644653320e-01
1.174048781394958496e-01
1.175917387008666992e-01
1.177755594253540039e-01
1.179560720920562744e-01
1.181332170963287354e-01
1.183067560195922852e-01
1.184766292572021484e-01
1.186429560184478760e-01
1.188055276870727539e-01
1.189645528793334961e-01
1.191200017929077148e-01
1.192721724510192871e-01
1.194211542606353760e-01
1.195671856403350830e-01
1.197105646133422852e-01
1.198515594005584717e-01
1.199905872344970703e-01
1.201279163360595703e-01
1.202640533447265625e-01
1.203994154930114746e-01
1.205344796180725098e-01
1.206697523593902588e-01
1.208056807518005371e-01
1.209429204463958740e-01
1.210819184780120850e-01
1.212232708930969238e-01
1.213676035404205322e-01
1.215153932571411133e-01
1.216674149036407471e-01
1.218240857124328613e-01
1.219861805438995361e-01
1.221541762351989746e-01
1.223288178443908691e-01
1.225106418132781982e-01
1.227002739906311035e-01
1.228983700275421143e-01
1.231054067611694336e-01
1.233221292495727539e-01
1.235491037368774414e-01
1.237869262695312500e-01
1.240361630916595459e-01
