3.484785556793212891e-04
3.752708435058593750e-04
4.074275493621826172e-04
4.438161849975585938e-04
4.825294017791748047e-04
5.216896533966064453e-04
5.600154399871826172e-04
5.971789360046386719e-04
6.333589553833007812e-04
6.688237190246582031e-04
7.039010524749755859e-04
7.387101650238037109e-04
7.735192775726318359e-04
8.083581924438476562e-04
8.433759212493896484e-04
8.787214756011962891e-04
9.145438671112060547e-04
9.511411190032958984e-04
9.890198707580566406e-04
1.028656959533691406e-03
1.070648431777954102e-03
1.116037368774414062e-03
1.165598630905151367e-03
1.219928264617919922e-03
1.279681921005249023e-03
1.344591379165649414e-03
1.414328813552856445e-03
1.487523317337036133e-03
1.562595367431640625e-03
1.637428998947143555e-03
1.709818840026855469e-03
1.778274774551391602e-03
1.841425895690917969e-03
1.898944377899169922e-03
1.951247453689575195e-03
1.999050378799438477e-03
2.043902873992919922e-03
2.087146043777465820e-03
2.130448818206787109e-03
2.174943685531616211e-03
2.221673727035522461e-03
2.271175384521484375e-03
2.323150634765625000e-03
2.377182245254516602e-03
2.432197332382202148e-03
2.487242221832275391e-03
2.541303634643554688e-03
2.593964338302612305e-03
2.644985914230346680e-03
2.694815397262573242e-03
2.744019031524658203e-03
2.793341875076293945e-03
2.843767404556274414e-03
2.896100282669067383e-03
2.950966358184814453e-03
3.008782863616943359e-03
3.069669008255004883e-03
3.133565187454223633e-03
3.199905157089233398e-03
3.268152475357055664e-03
3.337353467941284180e-03
3.406882286071777344e-03
3.476142883300781250e-03
3.544569015502929688e-03
3.612071275711059570e-03
3.678798675537109375e-03
3.745108842849731445e-03
3.811359405517578125e-03
3.878414630889892578e-03
3.946840763092041016e-03
4.017591476440429688e-03
4.091113805770874023e-03
4.168331623077392578e-03
4.249721765518188477e-03
4.335343837738037109e-03
4.425287246704101562e-03
4.519402980804443359e-03
4.616826772689819336e-03
4.716694355010986328e-03
4.817903041839599609e-03
4.919618368148803711e-03
5.020886659622192383e-03
5.121797323226928711e-03
5.222916603088378906e-03
5.325704813003540039e-03
5.432754755020141602e-03
5.547165870666503906e-03
5.673289299011230469e-03
5.815356969833374023e-03
5.977541208267211914e-03
6.162524223327636719e-03
6.369233131408691406e-03
6.592005491256713867e-03
6.821632385253906250e-03
7.048428058624267578e-03
7.267355918884277344e-03
7.479757070541381836e-03
7.691323757171630859e-03
7.908821105957031250e-03
8.137553930282592773e-03
8.380502462387084961e-03
8.638679981231689453e-03
8.911758661270141602e-03
9.198099374771118164e-03
9.495705366134643555e-03
9.801745414733886719e-03
1.011320948600769043e-02
1.042655110359191895e-02
1.073920726776123047e-02
1.104918122291564941e-02
1.135680079460144043e-02
1.166364550590515137e-02
1.197314262390136719e-02
1.228916645050048828e-02
1.261454820632934570e-02
1.294994354248046875e-02
1.329287886619567871e-02
1.363876461982727051e-02
1.398199796676635742e-02
1.431733369827270508e-02
1.464086771011352539e-02
1.495072245597839355e-02
1.524671912193298340e-02
1.552981138229370117e-02
1.580202579498291016e-02
1.606568694114685059e-02
1.632308959960937500e-02
1.657655835151672363e-02
1.682800054550170898e-02
1.707866787910461426e-02
1.732942461967468262e-02
1.758041977882385254e-02
1.783141493797302246e-02
1.808136701583862305e-02
1.832902431488037109e-02
1.857301592826843262e-02
1.881203055381774902e-02
1.904478669166564941e-02
1.927083730697631836e-02
1.949015259742736816e-02
1.970323920249938965e-02
1.991137862205505371e-02
2.011615037918090820e-02
2.031937241554260254e-02
2.052307128906250000e-02
2.072879672050476074e-02
2.093771100044250488e-02
2.115046977996826172e-02
2.136689424514770508e-02
2.158623933792114258e-02
2.180716395378112793e-02
2.202805876731872559e-02
2.224728465080261230e-02
2.246311306953430176e-02
2.267447113990783691e-02
2.288067340850830078e-02
2.308136224746704102e-02
2.327665686607360840e-02
2.346765995025634766e-02
2.365526556968688965e-02
2.384099364280700684e-02
2.402627468109130859e-02
2.421295642852783203e-02
2.440252900123596191e-02
2.459639310836791992e-02
2.479577064514160156e-02
2.500101923942565918e-02
2.521258592605590820e-02
2.542966604232788086e-02
2.565109729766845703e-02
2.587491273880004883e-02
2.609902620315551758e-02
2.632087469100952148e-02
2.653810381889343262e-02
2.674871683120727539e-02
2.695158123970031738e-02
2.714630961418151855e-02
2.733325958251953125e-02
2.751365303993225098e-02
2.768948674201965332e-02
2.786308526992797852e-02
2.803745865821838379e-02
2.821564674377441406e-02
2.840089797973632812e-02
2.859616279602050781e-02
2.880427241325378418e-02
2.902722358703613281e-02
2.926611900329589844e-02
2.952086925506591797e-02
2.978953719139099121e-02
3.006914258003234863e-02
3.035530447959899902e-02
3.064352273941040039e-02
3.092965483665466309e-02
3.121080994606018066e-02
3.148636221885681152e-02
3.175732493400573730e-02
3.202706575393676758e-02
3.230005502700805664e-02
3.258156776428222656e-02
3.287690877914428711e-02
3.319039940834045410e-02
3.352481126785278320e-02
3.388085961341857910e-02
3.425675630569458008e-02
3.464838862419128418e-02
3.504955768585205078e-02
3.545281291007995605e-02
3.585010766983032227e-02
3.623384237289428711e-02
3.659775853157043457e-02
3.693762421607971191e-02
3.725180029869079590e-02
3.754183650016784668e-02
3.781268000602722168e-02
3.807404637336730957e-02
3.834122419357299805e-02
3.863650560379028320e-02
3.898754715919494629e-02
3.941890597343444824e-02
3.993180394172668457e-02
4.049026966094970703e-02
4.104158282279968262e-02
4.156160354614257812e-02
4.206636548042297363e-02
4.258871078491210938e-02
4.315441846847534180e-02
4.377353191375732422e-02
4.444006085395812988e-02
4.513633251190185547e-02
4.583784937858581543e-02
4.651951789855957031e-02
4.716023802757263184e-02
4.774674773216247559e-02
4.827520251274108887e-02
4.875162243843078613e-02
4.919084906578063965e-02
4.961621761322021484e-02
5.005845427513122559e-02
5.055332183837890625e-02
5.113592743873596191e-02
5.182790756225585938e-02
5.262127518653869629e-02
5.346974730491638184e-02
5.430516600608825684e-02
5.507284402847290039e-02
5.575844645500183105e-02
5.638751387596130371e-02
5.700638890266418457e-02
5.766302347183227539e-02
5.839568376541137695e-02
5.922847986221313477e-02
6.016981601715087891e-02
6.121501326560974121e-02
6.234988570213317871e-02
6.355664134025573730e-02
6.481996178627014160e-02
6.613284349441528320e-02
6.750023365020751953e-02
6.893941760063171387e-02
7.047605514526367188e-02
