1.754760742187500000e-04
2.003610134124755859e-04
2.320408821105957031e-04
2.655684947967529297e-04
2.986788749694824219e-04
3.324747085571289062e-04
3.673136234283447266e-04
4.022419452667236328e-04
4.363656044006347656e-04
4.692375659942626953e-04
5.013048648834228516e-04
5.328059196472167969e-04
5.641281604766845703e-04
5.950927734375000000e-04
6.255507469177246094e-04
6.554126739501953125e-04
6.843209266662597656e-04
7.123351097106933594e-04
7.394552230834960938e-04
7.657706737518310547e-04
7.915794849395751953e-04
8.172392845153808594e-04
8.430182933807373047e-04
8.693635463714599609e-04
8.966326713562011719e-04
9.253025054931640625e-04
9.557604789733886719e-04
9.882748126983642578e-04
1.023322343826293945e-03
1.060992479324340820e-03
1.101553440093994141e-03
1.144826412200927734e-03
1.190990209579467773e-03
1.239806413650512695e-03
1.291275024414062500e-03
1.345127820968627930e-03
1.401275396347045898e-03
1.460045576095581055e-03
1.520961523056030273e-03
1.584202051162719727e-03
1.649379730224609375e-03
1.716136932373046875e-03
1.783967018127441406e-03
1.852035522460937500e-03
1.919358968734741211e-03
1.985460519790649414e-03
2.049475908279418945e-03
2.110898494720458984e-03
2.169460058212280273e-03
2.225071191787719727e-03
2.277821302413940430e-03
2.328187227249145508e-03
2.376317977905273438e-03
2.423077821731567383e-03
2.469003200531005859e-03
2.515077590942382812e-03
2.561986446380615234e-03
2.610862255096435547e-03
2.662599086761474609e-03
2.717792987823486328e-03
2.776533365249633789e-03
2.838581800460815430e-03
2.902686595916748047e-03
2.967536449432373047e-03
3.031790256500244141e-03
3.095000982284545898e-03
3.157645463943481445e-03
3.220677375793457031e-03
3.285437822341918945e-03
3.352850675582885742e-03
3.423511981964111328e-03
3.497332334518432617e-03
3.573834896087646484e-03
3.652423620223999023e-03
3.732115030288696289e-03
3.812491893768310547e-03
3.892928361892700195e-03
3.973275423049926758e-03
4.053682088851928711e-03
4.134118556976318359e-03
4.215061664581298828e-03
4.297137260437011719e-03
4.380643367767333984e-03
4.466027021408081055e-03
4.554122686386108398e-03
4.645049571990966797e-03
4.739522933959960938e-03
4.837930202484130859e-03
4.940569400787353516e-03
5.048125982284545898e-03
5.161166191101074219e-03
5.280226469039916992e-03
5.406290292739868164e-03
5.540013313293457031e-03
5.682498216629028320e-03
5.834639072418212891e-03
5.997002124786376953e-03
6.170511245727539062e-03
6.355047225952148438e-03
6.550610065460205078e-03
6.756037473678588867e-03
6.970077753067016602e-03
7.191121578216552734e-03
7.418036460876464844e-03
7.650673389434814453e-03
7.889837026596069336e-03
8.137911558151245117e-03
8.397161960601806641e-03
8.669704198837280273e-03
8.956044912338256836e-03
9.255200624465942383e-03
9.564608335494995117e-03
9.880900382995605469e-03
1.020053029060363770e-02
1.052021980285644531e-02
1.083713769912719727e-02
1.114925742149353027e-02
1.145529747009277344e-02
1.175445318222045898e-02
1.204615831375122070e-02
1.233074069023132324e-02
1.260855793952941895e-02
1.288041472434997559e-02
1.314738392829895020e-02
1.341062784194946289e-02
1.367112994194030762e-02
1.392939686775207520e-02
1.418608427047729492e-02
1.444083452224731445e-02
1.469343900680541992e-02
1.494365930557250977e-02
1.519185304641723633e-02
1.543861627578735352e-02
1.568555831909179688e-02
1.593428850173950195e-02
1.618599891662597656e-02
1.644107699394226074e-02
1.669830083847045898e-02
1.695525646209716797e-02
1.720896363258361816e-02
1.745659112930297852e-02
1.769649982452392578e-02
1.792886853218078613e-02
1.815545558929443359e-02
1.837864518165588379e-02
1.860061287879943848e-02
1.882266998291015625e-02
1.904448866844177246e-02
1.926454901695251465e-02
1.948115229606628418e-02
1.969239115715026855e-02
1.989752054214477539e-02
2.009686827659606934e-02
2.029144763946533203e-02
2.048301696777343750e-02
2.067357301712036133e-02
2.086502313613891602e-02
2.105876803398132324e-02
2.125597000122070312e-02
2.145731449127197266e-02
2.166280150413513184e-02
2.187222242355346680e-02
2.208474278450012207e-02
2.229961752891540527e-02
2.251541614532470703e-02
2.273100614547729492e-02
2.294504642486572266e-02
2.315655350685119629e-02
2.336457371711730957e-02
2.356868982315063477e-02
2.376875281333923340e-02
2.396491169929504395e-02
2.415776252746582031e-02
2.434837818145751953e-02
2.453768253326416016e-02
2.472701668739318848e-02
2.491766214370727539e-02
2.511066198348999023e-02
2.530670166015625000e-02
2.550625801086425781e-02
2.570912241935729980e-02
2.591454982757568359e-02
2.612161636352539062e-02
2.632898092269897461e-02
2.653533220291137695e-02
2.673941850662231445e-02
2.694064378738403320e-02
2.713888883590698242e-02
2.733439207077026367e-02
2.752819657325744629e-02
2.772182226181030273e-02
2.791681885719299316e-02
2.811497449874877930e-02
2.831804752349853516e-02
2.852740883827209473e-02
2.874433994293212891e-02
2.896949648857116699e-02
2.920335531234741211e-02
2.944606542587280273e-02
2.969732880592346191e-02
2.995699644088745117e-02
3.022456169128417969e-02
3.049969673156738281e-02
3.078198432922363281e-02
3.107082843780517578e-02
3.136587142944335938e-02
3.166633844375610352e-02
3.197169303894042969e-02
3.228116035461425781e-02
3.259459137916564941e-02
3.291189670562744141e-02
3.323376178741455078e-02
3.356119990348815918e-02
3.389561176300048828e-02
3.423786163330078125e-02
3.458827733993530273e-02
3.494623303413391113e-02
3.531017899513244629e-02
3.567856550216674805e-02
3.604933619499206543e-02
3.642117977142333984e-02
3.679317235946655273e-02
3.716519474983215332e-02
3.753796219825744629e-02
3.791308403015136719e-02
3.829273581504821777e-02
3.867998719215393066e-02
3.907856345176696777e-02
3.949254751205444336e-02
3.992637991905212402e-02
4.038476943969726562e-02
4.087191820144653320e-02
4.139146208763122559e-02
4.194587469100952148e-02
4.253584146499633789e-02
4.316037893295288086e-02
4.381594061851501465e-02
4.449677467346191406e-02
4.519554972648620605e-02
4.590398073196411133e-02
4.661396145820617676e-02
4.731935262680053711e-02
4.801705479621887207e-02
4.870796203613281250e-02
4.939684271812438965e-02
5.009075999259948730e-02
5.079674720764160156e-02
5.151772499084472656e-02
5.225017666816711426e-02
5.298244953155517578e-02
5.369791388511657715e-02
5.437940359115600586e-02
5.501687526702880859e-02
5.561262369155883789e-02
5.618488788604736328e-02
5.676883459091186523e-02
5.741524696350097656e-02
5.818375945091247559e-02
5.912929773330688477e-02
6.028181314468383789e-02
6.162455677986145020e-02
