6.420639157295227051e-02
6.505724787712097168e-02
6.592023372650146484e-02
6.679460406303405762e-02
6.767952442169189453e-02
6.857424974441528320e-02
6.947767734527587891e-02
7.038906216621398926e-02
7.130739092826843262e-02
7.223179936408996582e-02
7.316124439239501953e-02
7.409483194351196289e-02
7.503163814544677734e-02
7.597056031227111816e-02
7.691061496734619141e-02
7.785087823867797852e-02
7.879042625427246094e-02
7.972815632820129395e-02
8.066323399543762207e-02
8.159452676773071289e-02
8.252120018005371094e-02
8.344238996505737305e-02
8.435708284378051758e-02
8.526438474655151367e-02
8.616349101066589355e-02
8.705353736877441406e-02
8.793359994888305664e-02
8.880311250686645508e-02
8.966115117073059082e-02
9.050697088241577148e-02
9.134003520011901855e-02
9.215950965881347656e-02
9.296488761901855469e-02
9.375557303428649902e-02
9.453105926513671875e-02
9.529075026512145996e-02
9.603428840637207031e-02
9.676128625869750977e-02
9.747123718261718750e-02
9.816387295722961426e-02
9.883901476860046387e-02
9.949636459350585938e-02
1.001357436180114746e-01
1.007569432258605957e-01
1.013599038124084473e-01
1.019446849822998047e-01
1.025112271308898926e-01
1.030594706535339355e-01
1.035896241664886475e-01
1.041017472743988037e-01
1.045961081981658936e-01
1.050728261470794678e-01
1.055322289466857910e-01
1.059745252132415771e-01
1.064001023769378662e-01
1.068093776702880859e-01
1.072027087211608887e-01
1.075805127620697021e-01
1.079434156417846680e-01
1.082916557788848877e-01
1.086260080337524414e-01
1.089467704296112061e-01
1.092548072338104248e-01
1.095504760742187500e-01
1.098345816135406494e-01
1.101076006889343262e-01
1.103702187538146973e-01
1.106230914592742920e-01
1.108668446540832520e-01
1.111021041870117188e-01
1.113296449184417725e-01
1.115499436855316162e-01
1.117638051509857178e-01
1.119717955589294434e-01
1.121744513511657715e-01
1.123724877834320068e-01
1.125664412975311279e-01
1.127569079399108887e-01
1.129443645477294922e-01
1.131293773651123047e-01
1.133123636245727539e-01
1.134939193725585938e-01
1.136742234230041504e-01
1.138539016246795654e-01
1.140331923961639404e-01
1.142123043537139893e-01
1.143916547298431396e-01
1.145714819431304932e-01
1.147518754005432129e-01
1.149329543113708496e-01
1.151150465011596680e-01
1.152980327606201172e-01
1.154820919036865234e-01
1.156670749187469482e-01
1.158531010150909424e-01
1.160400509834289551e-01
1.162277758121490479e-01
1.164163351058959961e-01
1.166054904460906982e-01
1.167950034141540527e-01
1.169848740100860596e-01
1.171748638153076172e-01
1.173648834228515625e-01
1.175545454025268555e-01
1.177438199520111084e-01
1.179324090480804443e-01
1.181202530860900879e-01
1.183071136474609375e-01
1.184928417205810547e-01
1.186772584915161133e-01
1.188603043556213379e-01
1.190418004989624023e-01
1.192217171192169189e-01
1.193999946117401123e-01
1.195766031742095947e-01
1.197516024112701416e-01
1.199248433113098145e-01
1.200965940952301025e-01
1.202667951583862305e-01
1.204357445240020752e-01
1.206033825874328613e-01
1.207700073719024658e-01
1.209357976913452148e-01
1.211010515689849854e-01
1.212659776210784912e-01
1.214308738708496094e-01
1.215961873531341553e-01
1.217621266841888428e-01
1.219291090965270996e-01
1.220975220203399658e-01
1.222677826881408691e-01
1.224403679370880127e-01
1.226157248020172119e-01
1.227943301200866699e-01
1.229766011238098145e-01
1.231630742549896240e-01
1.233543455600738525e-01
1.235508322715759277e-01
1.237530410289764404e-01
1.239616572856903076e-01
1.241770386695861816e-01
1.243999004364013672e-01
1.246306300163269043e-01
1.248699426651000977e-01
1.251182556152343750e-01
1.253762841224670410e-01
1.256444752216339111e-01
1.259233951568603516e-01
1.262136399745941162e-01
1.265158057212829590e-01
