9.995008797653959220e-01
9.994158357771261159e-01
9.993420821114369357e-01
9.992686217008797112e-01
9.992076246334310463e-01
9.991346041055718663e-01
9.990573313782991072e-01
9.989762463343108134e-01
9.989095307917889022e-01
9.988351906158358107e-01
9.987737536656891013e-01
9.986920821114368962e-01
9.986382697947213671e-01
9.985734604105571677e-01
9.985129032258064363e-01
9.984387096774193227e-01
9.983652492668622092e-01
9.982895894428152062e-01
9.982400293255131452e-01
9.981809384164223031e-01
9.981115835777125689e-01
9.980410557184751230e-01
9.979360703812316657e-01
9.978475073313782806e-01
9.977464809384164468e-01
9.976774193548386682e-01
9.976104105571848013e-01
9.975211143695014160e-01
9.974467741935484355e-01
9.973285923753665294e-01
9.971488269794721582e-01
9.969920821114369724e-01
9.969079178885630332e-01
9.968167155425220471e-01
9.966810850439882241e-01
9.966051319648093765e-01
9.965156891495601243e-01
9.964124633431085121e-01
9.963262463343108832e-01
9.962561583577712598e-01
9.961931085043987943e-01
9.960574780058650823e-01
9.957931085043988384e-01
9.956266862170087828e-01
9.955325513196481291e-01
9.954475073313783229e-01
9.953775659824046773e-01
9.952840175953079349e-01
9.951838709677419681e-01
9.950719941348973308e-01
9.949497067448680454e-01
9.947998533724340398e-01
9.946994134897361173e-01
9.946117302052785991e-01
9.945325513196481282e-01
9.943944281524926820e-01
9.942860703812316236e-01
9.942048387096774631e-01
9.940621700879765932e-01
9.939699413489736513e-01
9.938593841642229254e-01
9.937391495601173297e-01
9.935472140762463544e-01
9.933865102639296563e-01
9.932598240469208140e-01
9.931545454545454010e-01
9.930060117302053069e-01
9.928961876832844702e-01
9.927942815249266584e-01
9.926659824046920599e-01
9.924876832844574670e-01
9.923370967741935722e-01
9.921338709677419709e-01
9.919683284457477823e-01
9.918337243401759151e-01
9.916941348973606907e-01
9.914901759530792003e-01
9.913309384164222804e-01
9.911797653958944743e-01
9.909316715542522136e-01
9.907464809384164406e-01
9.906181818181818421e-01
9.904744868035190164e-01
9.902643695014662351e-01
9.900209677419354870e-01
9.897926686217008996e-01
9.895428152492669049e-01
9.892999999999999572e-01
9.891739002932551372e-01
9.890145161290322395e-01
9.886104105571847933e-01
9.882410557184750921e-01
9.878935483870967538e-01
9.874765395894428144e-01
9.871278592375366534e-01
9.867922287390029634e-01
9.864829912023460601e-01
9.861325513196480541e-01
9.856098240469207683e-01
9.851373900293255437e-01
9.846653958944281415e-01
9.841724340175953545e-01
9.838312316715542849e-01
9.833297653958944506e-01
9.827844574780059128e-01
9.821985337243401837e-01
9.816184750733137898e-01
9.809155425219940883e-01
9.803705278592375061e-01
9.798700879765396277e-01
9.794057184750732947e-01
9.788224340175952776e-01
9.779891495601172879e-01
9.773414956011730048e-01
9.766629032258064003e-01
9.760711143695014469e-01
9.754017595307917787e-01
9.748684750733137561e-01
9.741939882697947528e-01
9.734835777126099599e-01
9.729590909090909401e-01
9.721571847507330943e-01
9.716307917888562518e-01
9.711181818181817693e-01
9.707919354838709936e-01
9.701665689149560068e-01
9.696052785923753303e-01
9.691187683284457899e-01
9.684674486803519500e-01
9.679642228739002707e-01
9.674865102639296222e-01
9.670928152492668239e-01
9.666156891495600867e-01
9.660643695014662358e-01
9.655879765395893877e-01
9.649387096774193484e-01
9.644853372434017968e-01
9.640065982404691924e-01
9.636403225806451367e-01
9.632048387096774356e-01
9.626589442815248754e-01
9.621892961876832295e-01
9.615884164222874286e-01
9.612561583577712288e-01
9.607258064516128737e-01
9.604580645161290287e-01
9.600658357771261198e-01
9.595856304985337371e-01
9.591441348973607228e-01
9.585953079178886060e-01
9.581975073313783176e-01
9.578033724340175858e-01
9.574520527859237129e-01
9.570381231671554190e-01
9.565624633431084600e-01
9.561699413489735955e-01
9.556892961876832793e-01
9.553404692082111405e-01
9.548161290322580985e-01
9.545652492668621480e-01
9.541970674486803805e-01
9.538492668621700865e-01
9.534645161290322690e-01
9.529549853372434320e-01
9.524612903225806448e-01
9.521410557184750711e-01
9.517892961876832647e-01
9.513114369501466383e-01
9.508007331378298677e-01
9.504366568914955904e-01
9.499662756598240554e-01
9.494815249266862489e-01
9.490348973607037886e-01
9.487555718475073618e-01
9.485033724340176109e-01
9.479969208211144194e-01
9.476384164222874107e-01
9.472151026392962025e-01
9.468067448680351772e-01
9.463375366568914648e-01
9.460026392961876640e-01
9.456258064516128714e-01
9.452353372434018075e-01
9.448060117302052863e-01
9.444259530791788704e-01
9.440322580645161832e-01
9.436862170087976232e-01
9.432848973607038667e-01
9.426925219941348910e-01
9.421736070381231398e-01
9.416878299120234885e-01
9.411818181818182305e-01
9.407766862170088285e-01
9.403491202346041522e-01
9.397595307917888663e-01
9.392796187683284392e-01
9.388271260997067547e-01
9.382351906158358235e-01
9.377740469208211138e-01
9.372536656891495843e-01
9.366612903225806086e-01
9.360843108504398602e-01
9.354193548387096380e-01
9.348357771260996651e-01
9.342530791788856703e-01
9.334891495601173039e-01
9.327887096774193365e-01
9.320174486803518565e-01
9.313475073313782771e-01
9.307086510263929968e-01
9.299931085043988688e-01
9.292326979472140813e-01
9.285453079178885849e-01
9.278590909090909111e-01
9.275907624633431547e-01
9.269791788856305281e-01
9.262275659824047436e-01
9.253821114369501499e-01
9.245869501466276175e-01
9.239837243401759492e-01
9.230739002932550896e-01
9.221837243401759254e-01
9.211337243401759300e-01
9.203087976539588988e-01
9.194413489736070755e-01
9.184417888563050081e-01
9.175812316715542538e-01
9.165324046920820811e-01
9.155535190615835539e-01
9.143284457478005889e-01
9.129636363636363106e-01
9.119218475073314067e-01
9.107313782991202089e-01
9.096598240469208063e-01
9.084763929618768774e-01
9.075934017595307379e-01
9.063985337243402052e-01
9.050714076246334505e-01
9.039705278592374826e-01
9.029809384164222408e-01
9.013777126099706827e-01
8.998560117302052408e-01
8.987240469208210847e-01
8.974809384164222914e-01
8.955670087976539406e-01
8.937721407624633629e-01
8.926690615835777276e-01
8.913497067448680200e-01
8.897346041055718135e-01
8.888409090909090704e-01
8.878277126099706207e-01
8.856387096774193113e-01
8.836171554252199023e-01
8.819434017595307873e-01
8.804483870967741987e-01
8.789322580645161365e-01
8.770558651026393315e-01
8.749043988269794569e-01
8.722192082111437372e-01
8.694357771260996515e-01
8.670400293255131619e-01
